Edge: 0, Vertices: [-0.3834162950515747, 0.2375921607017517, -0.030145449563860893], [-0.381756067276001, 0.23971693217754364, -0.0341273732483387]
Edge: 1, Vertices: [0.006824539974331856, 0.39530977606773376, 0.21920493245124817], [0.004860337823629379, 0.39290449023246765, 0.2235395461320877]
Edge: 2, Vertices: [-0.36833512783050537, 0.22481487691402435, -0.0454053096473217], [-0.37269294261932373, 0.2193664014339447, -0.03539976477622986]
Edge: 3, Vertices: [-0.381756067276001, 0.23971693217754364, -0.0341273732483387], [-0.37905848026275635, 0.24304065108299255, -0.040150996297597885]
Edge: 4, Vertices: [-0.37905848026275635, 0.24304065108299255, -0.040150996297597885], [-0.3767283856868744, 0.2458023726940155, -0.04497527331113815]
Edge: 5, Vertices: [0.004860337823629379, 0.39290449023246765, 0.2235395461320877], [0.0016958183841779828, 0.3891753852367401, 0.23001646995544434]
Edge: 6, Vertices: [0.010748617351055145, 0.3690439462661743, 0.22796298563480377], [0.015583689324557781, 0.37467873096466064, 0.2182852327823639]
Edge: 7, Vertices: [0.0016958183841779828, 0.3891753852367401, 0.23001646995544434], [2.526562093407847e-05, 0.3872697353363037, 0.2332172989845276]
Edge: 8, Vertices: [-0.36350005865097046, 0.23044966161251068, -0.05508306622505188], [-0.36833512783050537, 0.22481487691402435, -0.0454053096473217]
Edge: 9, Vertices: [-0.3767283856868744, 0.2458023726940155, -0.04497527331113815], [-0.37422341108322144, 0.2486754208803177, -0.049828749150037766]
Edge: 10, Vertices: [-0.37422341108322144, 0.2486754208803177, -0.049828749150037766], [-0.3711303770542145, 0.25210490822792053, -0.0554121695458889]
Edge: 11, Vertices: [2.526562093407847e-05, 0.3872697353363037, 0.2332172989845276], [-0.004016922786831856, 0.38281118869781494, 0.24043317139148712]
Edge: 12, Vertices: [0.005448340438306332, 0.3632369041442871, 0.23728889226913452], [0.010748617351055145, 0.3690439462661743, 0.22796298563480377]
Edge: 13, Vertices: [-0.004016922786831856, 0.38281118869781494, 0.24043317139148712], [-0.00527501106262207, 0.3814626634120941, 0.24254320561885834]
Edge: 14, Vertices: [-0.3581997752189636, 0.23625671863555908, -0.06440898030996323], [-0.36350005865097046, 0.23044966161251068, -0.05508306622505188]
Edge: 15, Vertices: [-0.3711303770542145, 0.25210490822792053, -0.0554121695458889], [-0.3689231276512146, 0.2544824779033661, -0.05915466323494911]
Edge: 16, Vertices: [-0.3689231276512146, 0.2544824779033661, -0.05915466323494911], [-0.36497461795806885, 0.2586098909378052, -0.06541313976049423]
Edge: 17, Vertices: [-0.00527501106262207, 0.3814626634120941, 0.24254320561885834], [-0.011027342639863491, 0.3754977583885193, 0.25149407982826233]
Edge: 18, Vertices: [-0.0003039913426619023, 0.3572719991207123, 0.2462397664785385], [0.005448340438306332, 0.3632369041442871, 0.23728889226913452]
Edge: 19, Vertices: [-0.3524474501609802, 0.2422216236591339, -0.07335985451936722], [-0.3581997752189636, 0.23625671863555908, -0.06440898030996323]
Edge: 20, Vertices: [-0.36497461795806885, 0.2586098909378052, -0.06541313976049423], [-0.3631708025932312, 0.2604473829269409, -0.0681055411696434]
Edge: 21, Vertices: [-0.3631708025932312, 0.2604473829269409, -0.0681055411696434], [-0.3582729995250702, 0.2653035819530487, -0.07495458424091339]
Edge: 22, Vertices: [-0.011027342639863491, 0.3754977583885193, 0.25149407982826233], [-0.01716114580631256, 0.3694441020488739, 0.25997430086135864]
Edge: 23, Vertices: [-0.0064940666779875755, 0.3511640727519989, 0.25479334592819214], [-0.0003039913426619023, 0.3572719991207123, 0.2462397664785385]
Edge: 24, Vertices: [-0.01716114580631256, 0.3694441020488739, 0.25997430086135864], [-0.017217418178915977, 0.3693898320198059, 0.26004767417907715]
Edge: 25, Vertices: [-0.34625735878944397, 0.2483295351266861, -0.08191343396902084], [-0.3524474501609802, 0.2422216236591339, -0.07335985451936722]
Edge: 26, Vertices: [-0.3582729995250702, 0.2653035819530487, -0.07495458424091339], [-0.35698071122169495, 0.2665553092956543, -0.07665912061929703]
Edge: 27, Vertices: [-0.35698071122169495, 0.2665553092956543, -0.07665912061929703], [-0.35103702545166016, 0.2721724212169647, -0.08401307463645935]
Edge: 28, Vertices: [-0.017217418178915977, 0.3693898320198059, 0.26004767417907715], [-0.023829830810427666, 0.3631540834903717, 0.2681827247142792]
Edge: 29, Vertices: [-0.01310647837817669, 0.3449283242225647, 0.26292839646339417], [-0.0064940666779875755, 0.3511640727519989, 0.25479334592819214]
Edge: 30, Vertices: [-0.3396449685096741, 0.2545652985572815, -0.09004847705364227], [-0.34625735878944397, 0.2483295351266861, -0.08191343396902084]
Edge: 31, Vertices: [-0.35103702545166016, 0.2721724212169647, -0.08401307463645935], [-0.35036832094192505, 0.2727910578250885, -0.08479416370391846]
Edge: 32, Vertices: [-0.023829830810427666, 0.3631540834903717, 0.2681827247142792], [-0.024579504504799843, 0.3624635636806488, 0.26904791593551636]
Edge: 33, Vertices: [-0.02012481540441513, 0.33858025074005127, 0.27062463760375977], [-0.01310647837817669, 0.3449283242225647, 0.26292839646339417]
Edge: 34, Vertices: [-0.024579504504799843, 0.3624635636806488, 0.26904791593551636], [-0.030848165974020958, 0.3568060100078583, 0.2758789658546448]
Edge: 35, Vertices: [-0.35036832094192505, 0.2727910578250885, -0.08479416370391846], [-0.34334996342658997, 0.27913913130760193, -0.09249041974544525]
Edge: 36, Vertices: [-0.332626610994339, 0.2609133720397949, -0.09774473309516907], [-0.3396449685096741, 0.2545652985572815, -0.09004847705364227]
Edge: 37, Vertices: [-0.027531616389751434, 0.3321356177330017, 0.2778629958629608], [-0.02012481540441513, 0.33858025074005127, 0.27062463760375977]
Edge: 38, Vertices: [-0.34334996342658997, 0.27913913130760193, -0.09249041974544525], [-0.33594316244125366, 0.2855837643146515, -0.09972876310348511]
Edge: 39, Vertices: [-0.3252198100090027, 0.2673580050468445, -0.10498307645320892], [-0.332626610994339, 0.2609133720397949, -0.09774473309516907]
Edge: 40, Vertices: [-0.03834449127316475, 0.3502849340438843, 0.2831997871398926], [-0.03825496882200241, 0.3503613770008087, 0.28311729431152344]
Edge: 41, Vertices: [-0.03834449127316475, 0.3502849340438843, 0.2831997871398926], [-0.041072599589824677, 0.34797051548957825, 0.28566017746925354]
Edge: 42, Vertices: [-0.035308461636304855, 0.3256104588508606, 0.28462544083595276], [-0.027531616389751434, 0.3321356177330017, 0.2778629958629608]
Edge: 43, Vertices: [-0.041072599589824677, 0.34797051548957825, 0.28566017746925354], [-0.04603181406855583, 0.34383624792099, 0.2898797392845154]
Edge: 44, Vertices: [-0.31744298338890076, 0.2738831639289856, -0.11174552142620087], [-0.3252198100090027, 0.2673580050468445, -0.10498307645320892]
Edge: 45, Vertices: [-0.32816633582115173, 0.2921089231967926, -0.10649120062589645], [-0.326214462518692, 0.29371169209480286, -0.10806732624769211]
Edge: 46, Vertices: [-0.04603181406855583, 0.34383624792099, 0.2898797392845154], [-0.05013640597462654, 0.3404809236526489, 0.2931414842605591]
Edge: 47, Vertices: [-0.04343602806329727, 0.3190210163593292, 0.29089516401290894], [-0.035308461636304855, 0.3256104588508606, 0.28462544083595276]
Edge: 48, Vertices: [-0.05013640597462654, 0.3404809236526489, 0.2931414842605591], [-0.05415938049554825, 0.33724677562713623, 0.29614946246147156]
Edge: 49, Vertices: [-0.30931541323661804, 0.28047260642051697, -0.11801523715257645], [-0.31744298338890076, 0.2738831639289856, -0.11174552142620087]
Edge: 50, Vertices: [-0.326214462518692, 0.29371169209480286, -0.10806732624769211], [-0.320038765668869, 0.298698365688324, -0.11276092380285263]
Edge: 51, Vertices: [-0.320038765668869, 0.298698365688324, -0.11276092380285263], [-0.31692883372306824, 0.30116355419158936, -0.1149650365114212]
Edge: 52, Vertices: [-0.05415938049554825, 0.33724677562713623, 0.29614946246147156], [-0.05974069982767105, 0.3328433036804199, 0.3000331521034241]
Edge: 53, Vertices: [-0.05189410224556923, 0.31238365173339844, 0.2966565489768982], [-0.04343602806329727, 0.3190210163593292, 0.29089516401290894]
Edge: 54, Vertices: [-0.05974069982767105, 0.3328433036804199, 0.3000331521034241], [-0.06261745095252991, 0.33060941100120544, 0.3019108772277832]
Edge: 55, Vertices: [-0.3008573353290558, 0.28710997104644775, -0.1237766444683075], [-0.30931541323661804, 0.28047260642051697, -0.11801523715257645]
Edge: 56, Vertices: [-0.31692883372306824, 0.30116355419158936, -0.1149650365114212], [-0.31158068776130676, 0.30533573031425476, -0.11852233111858368]
Edge: 57, Vertices: [-0.06066166236996651, 0.30571484565734863, 0.3018953204154968], [-0.05189410224556923, 0.31238365173339844, 0.2966565489768982]
Edge: 58, Vertices: [-0.2920897603034973, 0.29377877712249756, -0.12901541590690613], [-0.3008573353290558, 0.28710997104644775, -0.1237766444683075]
Edge: 59, Vertices: [-0.3018774688243866, 0.3127044141292572, -0.1242792159318924], [-0.3028131127357483, 0.31200453639030457, -0.12376110255718231]
Edge: 60, Vertices: [-0.3018774688243866, 0.3127044141292572, -0.1242792159318924], [-0.2968677878379822, 0.3164149224758148, -0.12692591547966003]
Edge: 61, Vertices: [-0.07138501107692719, 0.323940634727478, 0.30714964866638184], [-0.08044025301933289, 0.31725698709487915, 0.31185275316238403]
Edge: 62, Vertices: [-0.06971690058708191, 0.29903122782707214, 0.3065984547138214], [-0.06066166236996651, 0.30571484565734863, 0.3018953204154968]
Edge: 63, Vertices: [-0.2830345332622528, 0.30046239495277405, -0.13371853530406952], [-0.2920897603034973, 0.29377877712249756, -0.12901541590690613]
Edge: 64, Vertices: [-0.2968677878379822, 0.3164149224758148, -0.12692591547966003], [-0.2937578856945038, 0.31868815422058105, -0.1284642219543457]
Edge: 65, Vertices: [-0.2937578856945038, 0.31868815422058105, -0.1284642219543457], [-0.28596600890159607, 0.3242872357368469, -0.1319837123155594]
Edge: 66, Vertices: [-0.08044025301933289, 0.31725698709487915, 0.31185275316238403], [-0.0897606611251831, 0.3105751574039459, 0.3160085380077362]
Edge: 67, Vertices: [-0.07903730869293213, 0.2923493981361389, 0.3107542395591736], [-0.06971690058708191, 0.29903122782707214, 0.3065984547138214]
Edge: 68, Vertices: [-0.2737141251564026, 0.3071442246437073, -0.1378743052482605], [-0.2830345332622528, 0.30046239495277405, -0.13371853530406952]
Edge: 69, Vertices: [-0.28596600890159607, 0.3242872357368469, -0.1319837123155594], [-0.28443747758865356, 0.3253699839115143, -0.13261999189853668]
Edge: 70, Vertices: [-0.28443747758865356, 0.3253699839115143, -0.13261999189853668], [-0.27768680453300476, 0.33009347319602966, -0.13522714376449585]
Edge: 71, Vertices: [-0.0897606611251831, 0.3105751574039459, 0.3160085380077362], [-0.09932307153940201, 0.3039116859436035, 0.31960663199424744]
Edge: 72, Vertices: [-0.08859971910715103, 0.2856859266757965, 0.3143523037433624], [-0.07903730869293213, 0.2923493981361389, 0.3107542395591736]
Edge: 73, Vertices: [-0.2641517221927643, 0.3138076961040497, -0.14147239923477173], [-0.2737141251564026, 0.3071442246437073, -0.1378743052482605]
Edge: 74, Vertices: [-0.27768680453300476, 0.33009347319602966, -0.13522714376449585], [-0.27487507462501526, 0.3320334553718567, -0.1362180858850479]
Edge: 75, Vertices: [-0.27487507462501526, 0.3320334553718567, -0.1362180858850479], [-0.27466803789138794, 0.33217570185661316, -0.13628891110420227]
Edge: 76, Vertices: [-0.09932307153940201, 0.3039116859436035, 0.31960663199424744], [-0.10113458335399628, 0.30267009139060974, 0.3202162981033325]
Edge: 77, Vertices: [-0.10910369455814362, 0.29728320240974426, 0.3226380944252014], [-0.10113458335399628, 0.30267009139060974, 0.3202162981033325]
Edge: 78, Vertices: [-0.09838034957647324, 0.27905744314193726, 0.3173837661743164], [-0.08859971910715103, 0.2856859266757965, 0.3143523037433624]
Edge: 79, Vertices: [-0.2543710768222809, 0.32043617963790894, -0.1445038616657257], [-0.2641517221927643, 0.3138076961040497, -0.14147239923477173]
Edge: 80, Vertices: [-0.27466803789138794, 0.33217570185661316, -0.13628891110420227], [-0.26509442925453186, 0.33866193890571594, -0.1392495483160019]
Edge: 81, Vertices: [-0.10835488885641098, 0.2724803686141968, 0.31984108686447144], [-0.09838034957647324, 0.27905744314193726, 0.3173837661743164]
Edge: 82, Vertices: [-0.24439655244350433, 0.3270132541656494, -0.14696116745471954], [-0.2543710768222809, 0.32043617963790894, -0.1445038616657257]
Edge: 83, Vertices: [-0.2551198899745941, 0.3452390134334564, -0.14170685410499573], [-0.25034263730049133, 0.34832659363746643, -0.14266711473464966]
Edge: 84, Vertices: [-0.11907824128866196, 0.2907061278820038, 0.32509538531303406], [-0.1264946609735489, 0.28592967987060547, 0.3265276849269867]
Edge: 85, Vertices: [-0.1184985414147377, 0.2659710943698883, 0.32171812653541565], [-0.10835488885641098, 0.2724803686141968, 0.31984108686447144]
Edge: 86, Vertices: [-0.1264946609735489, 0.28592967987060547, 0.3265276849269867], [-0.12922188639640808, 0.2841968536376953, 0.32697242498397827]
Edge: 87, Vertices: [-0.2342528998851776, 0.3335225284099579, -0.14883820712566376], [-0.24439655244350433, 0.3270132541656494, -0.14696116745471954]
Edge: 88, Vertices: [-0.2449762523174286, 0.3517482876777649, -0.14358389377593994], [-0.25034263730049133, 0.34832659363746643, -0.14266711473464966]
Edge: 89, Vertices: [-0.12922188639640808, 0.2841968536376953, 0.32697242498397827], [-0.13227783143520355, 0.28227001428604126, 0.3274194002151489]
Edge: 90, Vertices: [-0.2410999834537506, 0.3541897237300873, -0.14414167404174805], [-0.2449762523174286, 0.3517482876777649, -0.14358389377593994]
Edge: 91, Vertices: [-0.2410999834537506, 0.3541897237300873, -0.14414167404174805], [-0.23724348843097687, 0.35659411549568176, -0.14461123943328857]
Edge: 92, Vertices: [-0.1395094245672226, 0.27777156233787537, 0.3282645344734192], [-0.13227783143520355, 0.28227001428604126, 0.3274194002151489]
Edge: 93, Vertices: [-0.12878607213497162, 0.25954580307006836, 0.3230102062225342], [-0.1184985414147377, 0.2659710943698883, 0.32171812653541565]
Edge: 94, Vertices: [-0.2239653617143631, 0.33994781970977783, -0.1501302868127823], [-0.2342528998851776, 0.3335225284099579, -0.14883820712566376]
Edge: 95, Vertices: [-0.23724348843097687, 0.35659411549568176, -0.14461123943328857], [-0.23468871414661407, 0.35817357897758484, -0.14487597346305847]
Edge: 96, Vertices: [-0.23468871414661407, 0.35817357897758484, -0.14487597346305847], [-0.22651490569114685, 0.36315658688545227, -0.14547903835773468]
Edge: 97, Vertices: [-0.13919194042682648, 0.25322043895721436, 0.32371416687965393], [-0.12878607213497162, 0.25954580307006836, 0.3230102062225342]
Edge: 98, Vertices: [-0.21355949342250824, 0.34627318382263184, -0.15083423256874084], [-0.2239653617143631, 0.33994781970977783, -0.1501302868127823]
Edge: 99, Vertices: [-0.22651490569114685, 0.36315658688545227, -0.14547903835773468], [-0.22428284585475922, 0.36449894309043884, -0.14557991921901703]
Edge: 100, Vertices: [-0.2774069905281067, 0.2603089511394501, 0.017047712579369545], [-0.2797005772590637, 0.25744134187698364, 0.022313790395855904]
Edge: 101, Vertices: [-0.07788922637701035, 0.3362189829349518, 0.1609257608652115], [-0.07534445077180862, 0.3391846716403961, 0.1558322012424469]
Edge: 102, Vertices: [-0.2748622000217438, 0.263274610042572, 0.011954155750572681], [-0.2774069905281067, 0.2603089511394501, 0.017047712579369545]
Edge: 103, Vertices: [-0.08067885041236877, 0.3331626355648041, 0.16583412885665894], [-0.07788922637701035, 0.3362189829349518, 0.1609257608652115]
Edge: 104, Vertices: [-0.27207258343696594, 0.2663309574127197, 0.00704578310251236], [-0.2748622000217438, 0.263274610042572, 0.011954155750572681]
Edge: 105, Vertices: [-0.08370638638734818, 0.33002322912216187, 0.17054511606693268], [-0.08067885041236877, 0.3331626355648041, 0.16583412885665894]
Edge: 106, Vertices: [-0.26904505491256714, 0.2694703936576843, 0.002334797754883766], [-0.27207258343696594, 0.2663309574127197, 0.00704578310251236]
Edge: 107, Vertices: [-0.08696431666612625, 0.32680854201316833, 0.17504701018333435], [-0.08370638638734818, 0.33002322912216187, 0.17054511606693268]
Edge: 108, Vertices: [-0.26578712463378906, 0.27268508076667786, -0.002167093800380826], [-0.26904505491256714, 0.2694703936576843, 0.002334797754883766]
Edge: 109, Vertices: [-0.09044454246759415, 0.3235265612602234, 0.17932860553264618], [-0.08696431666612625, 0.32680854201316833, 0.17504701018333435]
Edge: 110, Vertices: [-0.26230689883232117, 0.2759670615196228, -0.006448691710829735], [-0.26578712463378906, 0.27268508076667786, -0.002167093800380826]
Edge: 111, Vertices: [-0.14969024062156677, 0.24701076745986938, 0.32382819056510925], [-0.13919194042682648, 0.25322043895721436, 0.32371416687965393]
Edge: 112, Vertices: [-0.20306119322776794, 0.3524828553199768, -0.15094828605651855], [-0.21355949342250824, 0.34627318382263184, -0.15083423256874084]
Edge: 113, Vertices: [-0.2136140763759613, 0.37080803513526917, -0.14569096267223358], [-0.21378454566001892, 0.3707086145877838, -0.14569397270679474]
Edge: 114, Vertices: [-0.09413840621709824, 0.32018545269966125, 0.18337926268577576], [-0.09044454246759415, 0.3235265612602234, 0.17932860553264618]
Edge: 115, Vertices: [-0.2586130201816559, 0.27930817008018494, -0.010499351657927036], [-0.26230689883232117, 0.2759670615196228, -0.006448691710829735]
Edge: 116, Vertices: [-0.09803671389818192, 0.3167935609817505, 0.18718892335891724], [-0.09413840621709824, 0.32018545269966125, 0.18337926268577576]
Edge: 117, Vertices: [-0.2547147274017334, 0.2827000617980957, -0.014309007674455643], [-0.2586130201816559, 0.27930817008018494, -0.010499351657927036]
Edge: 118, Vertices: [-0.2136140763759613, 0.37080803513526917, -0.14569096267223358], [-0.20845532417297363, 0.3737960457801819, -0.1455271989107132]
Edge: 119, Vertices: [-0.10212980210781097, 0.31335926055908203, 0.19074809551239014], [-0.09803671389818192, 0.3167935609817505, 0.18718892335891724]
Edge: 120, Vertices: [-0.25062164664268494, 0.28613436222076416, -0.01786818355321884], [-0.2547147274017334, 0.2827000617980957, -0.014309007674455643]
Edge: 121, Vertices: [-0.10640745609998703, 0.30989113450050354, 0.1940479576587677], [-0.10212980210781097, 0.31335926055908203, 0.19074809551239014]
Edge: 122, Vertices: [-0.2463439702987671, 0.28960248827934265, -0.02116803638637066], [-0.25062164664268494, 0.28613436222076416, -0.01786818355321884]
Edge: 123, Vertices: [-0.16041359305381775, 0.2652365267276764, 0.32908251881599426], [-0.17097824811935425, 0.2591579556465149, 0.32860636711120605]
Edge: 124, Vertices: [-0.16025489568710327, 0.24093219637870789, 0.32335203886032104], [-0.14969024062156677, 0.24701076745986938, 0.32382819056510925]
Edge: 125, Vertices: [-0.19249655306339264, 0.3585614264011383, -0.15047213435173035], [-0.20306119322776794, 0.3524828553199768, -0.15094828605651855]
Edge: 126, Vertices: [-0.20321989059448242, 0.3767871856689453, -0.14521780610084534], [-0.20845532417297363, 0.3737960457801819, -0.1455271989107132]
Edge: 127, Vertices: [-0.2021484225988388, 0.37739425897598267, -0.14513680338859558], [-0.20321989059448242, 0.3767871856689453, -0.14521780610084534]
Edge: 128, Vertices: [-0.11085908114910126, 0.30639776587486267, 0.19708026945590973], [-0.10640745609998703, 0.30989113450050354, 0.1940479576587677]
Edge: 129, Vertices: [-0.24189235270023346, 0.2930958569049835, -0.024200355634093285], [-0.2463439702987671, 0.28960248827934265, -0.02116803638637066]
Edge: 130, Vertices: [-0.11547357589006424, 0.302887886762619, 0.19983752071857452], [-0.11085908114910126, 0.30639776587486267, 0.19708026945590973]
Edge: 131, Vertices: [-0.23727786540985107, 0.2966057360172272, -0.02695760875940323], [-0.24189235270023346, 0.2930958569049835, -0.024200355634093285]
Edge: 132, Vertices: [-0.1202394962310791, 0.2993701994419098, 0.20231285691261292], [-0.11547357589006424, 0.302887886762619, 0.19983752071857452]
Edge: 133, Vertices: [-0.23251193761825562, 0.3001234233379364, -0.029432933777570724], [-0.23727786540985107, 0.2966057360172272, -0.02695760875940323]
Edge: 134, Vertices: [-0.17085960507392883, 0.2349998503923416, 0.3222869038581848], [-0.16025489568710327, 0.24093219637870789, 0.32335203886032104]
Edge: 135, Vertices: [-0.18189182877540588, 0.3644937574863434, -0.14940698444843292], [-0.19249655306339264, 0.3585614264011383, -0.15047213435173035]
Edge: 136, Vertices: [-0.19261518120765686, 0.3827195465564728, -0.1441526710987091], [-0.2021484225988388, 0.37739425897598267, -0.14513680338859558]
Edge: 137, Vertices: [-0.1923038512468338, 0.38289114832878113, -0.14411257207393646], [-0.19261518120765686, 0.3827195465564728, -0.1441526710987091]
Edge: 138, Vertices: [-0.18194523453712463, 0.25302591919898987, 0.3274945020675659], [-0.1815829575061798, 0.2532256245613098, 0.3275412321090698]
Edge: 139, Vertices: [-0.1923038512468338, 0.38289114832878113, -0.14411257207393646], [-0.19173838198184967, 0.383202463388443, -0.14403845369815826]
Edge: 140, Vertices: [-0.12514497339725494, 0.2958534359931946, 0.20450009405612946], [-0.1202394962310791, 0.2993701994419098, 0.20231285691261292]
Edge: 141, Vertices: [-0.22760646045207977, 0.3036401867866516, -0.03162018209695816], [-0.23251193761825562, 0.3001234233379364, -0.029432933777570724]
Edge: 142, Vertices: [-0.1301778256893158, 0.29234635829925537, 0.20639383792877197], [-0.12514497339725494, 0.2958534359931946, 0.20450009405612946]
Edge: 143, Vertices: [-0.22257360816001892, 0.3071472644805908, -0.03351391479372978], [-0.22760646045207977, 0.3036401867866516, -0.03162018209695816]
Edge: 144, Vertices: [-0.18860965967178345, 0.24938757717609406, 0.32651376724243164], [-0.18194523453712463, 0.25302591919898987, 0.3274945020675659]
Edge: 145, Vertices: [-0.1914938986301422, 0.24783353507518768, 0.32601794600486755], [-0.18860965967178345, 0.24938757717609406, 0.32651376724243164]
Edge: 146, Vertices: [-0.13532552123069763, 0.28885766863822937, 0.20798933506011963], [-0.1301778256893158, 0.29234635829925537, 0.20639383792877197]
Edge: 147, Vertices: [-0.21742591261863708, 0.3106359541416168, -0.035109423100948334], [-0.22257360816001892, 0.3071472644805908, -0.03351391479372978]
Edge: 148, Vertices: [-0.19173838198184967, 0.383202463388443, -0.14403845369815826], [-0.18220528960227966, 0.38837918639183044, -0.14253924787044525]
Edge: 149, Vertices: [-0.1922014057636261, 0.2474542260169983, 0.3258897364139557], [-0.1914938986301422, 0.24783353507518768, 0.32601794600486755]
Edge: 150, Vertices: [-0.18147805333137512, 0.22922846674919128, 0.3206354081630707], [-0.17085960507392883, 0.2349998503923416, 0.3222869038581848]
Edge: 151, Vertices: [-0.1712733805179596, 0.3702651560306549, -0.1477554887533188], [-0.18189182877540588, 0.3644937574863434, -0.14940698444843292]
Edge: 152, Vertices: [-0.18199673295021057, 0.3884909152984619, -0.14250117540359497], [-0.18220528960227966, 0.38837918639183044, -0.14253924787044525]
Edge: 153, Vertices: [-0.14057527482509613, 0.2853960692882538, 0.20928265154361725], [-0.13532552123069763, 0.28885766863822937, 0.20798933506011963]
Edge: 154, Vertices: [-0.2121761590242386, 0.3140975534915924, -0.03640273958444595], [-0.21742591261863708, 0.3106359541416168, -0.035109423100948334]
Edge: 155, Vertices: [-0.1922014057636261, 0.2474542260169983, 0.3258897364139557], [-0.2002754807472229, 0.24317866563796997, 0.32424241304397583]
Edge: 156, Vertices: [-0.14591404795646667, 0.2819701135158539, 0.21027056872844696], [-0.14057527482509613, 0.2853960692882538, 0.20928265154361725]
Edge: 157, Vertices: [-0.20683738589286804, 0.3175235092639923, -0.03739065304398537], [-0.2121761590242386, 0.3140975534915924, -0.03640273958444595]
Edge: 158, Vertices: [-0.20280715823173523, 0.24185816943645477, 0.32365596294403076], [-0.2002754807472229, 0.24317866563796997, 0.32424241304397583]
Edge: 159, Vertices: [-0.19208380579948425, 0.22363241016864777, 0.31840166449546814], [-0.18147805333137512, 0.22922846674919128, 0.3206354081630707]
Edge: 160, Vertices: [-0.16066762804985046, 0.37586119771003723, -0.14552174508571625], [-0.1712733805179596, 0.3702651560306549, -0.1477554887533188]
Edge: 161, Vertices: [-0.15132854878902435, 0.2785883843898773, 0.21095062792301178], [-0.14591404795646667, 0.2819701135158539, 0.21027056872844696]
Edge: 162, Vertices: [-0.20142289996147156, 0.32090523838996887, -0.03807070478796959], [-0.20683738589286804, 0.3175235092639923, -0.03739065304398537]
Edge: 163, Vertices: [-0.2084587961435318, 0.23894524574279785, 0.3222258687019348], [-0.20280715823173523, 0.24185816943645477, 0.32365596294403076]
Edge: 164, Vertices: [-0.17139098048210144, 0.3940869867801666, -0.14026743173599243], [-0.16531766951084137, 0.3972153067588806, -0.13872390985488892]
Edge: 165, Vertices: [-0.20932304859161377, 0.2385040670633316, 0.321992427110672], [-0.2084587961435318, 0.23894524574279785, 0.3222258687019348]
Edge: 166, Vertices: [-0.15680530667304993, 0.27525925636291504, 0.21132111549377441], [-0.15132854878902435, 0.2785883843898773, 0.21095062792301178]
Edge: 167, Vertices: [-0.1959461271762848, 0.32423436641693115, -0.03844119980931282], [-0.20142289996147156, 0.32090523838996887, -0.03807070478796959]
Edge: 168, Vertices: [-0.2026505172252655, 0.21822558343410492, 0.3155912160873413], [-0.19208380579948425, 0.22363241016864777, 0.31840166449546814]
Edge: 169, Vertices: [-0.20932304859161377, 0.2385040670633316, 0.321992427110672], [-0.21337386965751648, 0.23645134270191193, 0.3208455443382263]
Edge: 170, Vertices: [-0.1501009166240692, 0.3812680244445801, -0.1427113115787506], [-0.16066762804985046, 0.37586119771003723, -0.14552174508571625]
Edge: 171, Vertices: [-0.1608242690563202, 0.3994938135147095, -0.1374569982290268], [-0.16531766951084137, 0.3972153067588806, -0.13872390985488892]
Edge: 172, Vertices: [-0.1623307317495346, 0.27199098467826843, 0.21138113737106323], [-0.15680530667304993, 0.27525925636291504, 0.21132111549377441]
Edge: 173, Vertices: [-0.1904207020998001, 0.32750260829925537, -0.03850121796131134], [-0.1959461271762848, 0.32423436641693115, -0.03844119980931282]
Edge: 174, Vertices: [-0.1608242690563202, 0.3994938135147095, -0.1374569982290268], [-0.15764901041984558, 0.4010853171348572, -0.13649719953536987]
Edge: 175, Vertices: [-0.16789107024669647, 0.26879173517227173, 0.2111305296421051], [-0.1623307317495346, 0.27199098467826843, 0.21138113737106323]
Edge: 176, Vertices: [-0.18486036360263824, 0.3307018578052521, -0.03825061768293381], [-0.1904207020998001, 0.32750260829925537, -0.03850121796131134]
Edge: 177, Vertices: [-0.1512831598520279, 0.40422916412353516, -0.1344105750322342], [-0.15764901041984558, 0.4010853171348572, -0.13649719953536987]
Edge: 178, Vertices: [-0.15037676692008972, 0.40467169880867004, -0.134095698595047], [-0.1512831598520279, 0.40422916412353516, -0.1344105750322342]
Edge: 179, Vertices: [-0.21337386965751648, 0.23645134270191193, 0.3208455443382263], [-0.2238752394914627, 0.2312472015619278, 0.3174653947353363]
Edge: 180, Vertices: [-0.21315188705921173, 0.2130214273929596, 0.3122110962867737], [-0.2026505172252655, 0.21822558343410492, 0.3155912160873413]
Edge: 181, Vertices: [-0.13959954679012299, 0.3864721953868866, -0.1393311768770218], [-0.1501009166240692, 0.3812680244445801, -0.1427113115787506]
Edge: 182, Vertices: [-0.15032289922237396, 0.4046979546546936, -0.13407684862613678], [-0.15037676692008972, 0.40467169880867004, -0.134095698595047]
Edge: 183, Vertices: [-0.17347250878810883, 0.26566946506500244, 0.21056993305683136], [-0.16789107024669647, 0.26879173517227173, 0.2111305296421051]
Edge: 184, Vertices: [-0.1792789250612259, 0.33382415771484375, -0.03769000992178917], [-0.18486036360263824, 0.3307018578052521, -0.03825061768293381]
Edge: 185, Vertices: [-0.3256170153617859, 0.3856475055217743, 0.07122865319252014], [-0.2791491448879242, 0.3066692054271698, 0.04845995828509331]
Edge: 186, Vertices: [-0.2791491448879242, 0.3066692054271698, 0.04845995828509331], [-0.21042148768901825, 0.36060240864753723, 0.0016445403452962637]
Edge: 187, Vertices: [-0.3256170153617859, 0.3856475055217743, 0.07122865319252014], [-0.25688934326171875, 0.4395807087421417, 0.02441323734819889]
Edge: 188, Vertices: [-0.21042148768901825, 0.36060240864753723, 0.0016445403452962637], [-0.25688934326171875, 0.4395807087421417, 0.02441323734819889]
Edge: 189, Vertices: [-0.2238752394914627, 0.2312472015619278, 0.3174653947353363], [-0.2302825003862381, 0.2281564176082611, 0.31511008739471436]
Edge: 190, Vertices: [-0.179061159491539, 0.262631893157959, 0.20970071852207184], [-0.17347250878810883, 0.26566946506500244, 0.21056993305683136]
Edge: 191, Vertices: [-0.17369027435779572, 0.3368617296218872, -0.03682080656290054], [-0.1792789250612259, 0.33382415771484375, -0.03769000992178917]
Edge: 192, Vertices: [-0.23428519070148468, 0.22625865042209625, 0.31352394819259644], [-0.2302825003862381, 0.2281564176082611, 0.31511008739471436]
Edge: 193, Vertices: [-0.2235618382692337, 0.20803289115428925, 0.3082696497440338], [-0.21315188705921173, 0.2130214273929596, 0.3122110962867737]
Edge: 194, Vertices: [-0.139912948012352, 0.40968650579452515, -0.1301354169845581], [-0.15032289922237396, 0.4046979546546936, -0.13407684862613678]
Edge: 195, Vertices: [-0.129189595580101, 0.39146071672439575, -0.13538973033428192], [-0.13959954679012299, 0.3864721953868866, -0.1393311768770218]
Edge: 196, Vertices: [-0.18464313447475433, 0.25968658924102783, 0.20852507650852203], [-0.179061159491539, 0.262631893157959, 0.20970071852207184]
Edge: 197, Vertices: [-0.16810829937458038, 0.33980703353881836, -0.03564515337347984], [-0.17369027435779572, 0.3368617296218872, -0.03682080656290054]
Edge: 198, Vertices: [-0.2368677407503128, 0.22504790127277374, 0.31245312094688416], [-0.23428519070148468, 0.22625865042209625, 0.31352394819259644]
Edge: 199, Vertices: [-0.2378798872232437, 0.22457632422447205, 0.31202319264411926], [-0.2368677407503128, 0.22504790127277374, 0.31245312094688416]
Edge: 200, Vertices: [-0.19020456075668335, 0.25684091448783875, 0.20704588294029236], [-0.18464313447475433, 0.25968658924102783, 0.20852507650852203]
Edge: 201, Vertices: [-0.16254687309265137, 0.34265270829200745, -0.03416597098112106], [-0.16810829937458038, 0.33980703353881836, -0.03564515337347984]
Edge: 202, Vertices: [-0.2378798872232437, 0.22457632422447205, 0.31202319264411926], [-0.24319365620613098, 0.22212816774845123, 0.30967047810554504]
Edge: 203, Vertices: [-0.139912948012352, 0.40968650579452515, -0.1301354169845581], [-0.1306721419095993, 0.4139685332775116, -0.1261294037103653]
Edge: 204, Vertices: [-0.2338544875383377, 0.20327237248420715, 0.30377668142318726], [-0.2235618382692337, 0.20803289115428925, 0.3082696497440338]
Edge: 205, Vertices: [-0.24319365620613098, 0.22212816774845123, 0.30967047810554504], [-0.24457783997058868, 0.22149813175201416, 0.30903100967407227]
Edge: 206, Vertices: [-0.1188969537615776, 0.39622125029563904, -0.13089677691459656], [-0.129189595580101, 0.39146071672439575, -0.13538973033428192]
Edge: 207, Vertices: [-0.12962031364440918, 0.41444700956344604, -0.12564246356487274], [-0.1306721419095993, 0.4139685332775116, -0.1261294037103653]
Edge: 208, Vertices: [-0.19573159515857697, 0.25410187244415283, 0.20526686310768127], [-0.19020456075668335, 0.25684091448783875, 0.20704588294029236]
Edge: 209, Vertices: [-0.15701983869075775, 0.34539175033569336, -0.03238694742321968], [-0.16254687309265137, 0.34265270829200745, -0.03416597098112106]
Edge: 210, Vertices: [-0.12962031364440918, 0.41444700956344604, -0.12564246356487274], [-0.12459726631641388, 0.41670629382133484, -0.12322793900966644]
Edge: 211, Vertices: [-0.20121051371097565, 0.25147631764411926, 0.20319241285324097], [-0.19573159515857697, 0.25410187244415283, 0.20526686310768127]
Edge: 212, Vertices: [-0.15154092013835907, 0.34801730513572693, -0.03031250275671482], [-0.15701983869075775, 0.34539175033569336, -0.03238694742321968]
Edge: 213, Vertices: [-0.24457783997058868, 0.22149813175201416, 0.30903100967407227], [-0.2547275722026825, 0.21697746217250824, 0.3039977252483368]
Edge: 214, Vertices: [-0.24400420486927032, 0.19875170290470123, 0.2987433969974518], [-0.2338544875383377, 0.20327237248420715, 0.30377668142318726]
Edge: 215, Vertices: [-0.10874722898006439, 0.40074190497398376, -0.1258634775876999], [-0.1188969537615776, 0.39622125029563904, -0.13089677691459656]
Edge: 216, Vertices: [-0.11947057396173477, 0.41896769404411316, -0.12060916423797607], [-0.12459726631641388, 0.41670629382133484, -0.12322793900966644]
Edge: 217, Vertices: [-0.20662769675254822, 0.24897079169750214, 0.2008277177810669], [-0.20121051371097565, 0.25147631764411926, 0.20319241285324097]
Edge: 218, Vertices: [-0.1461237370967865, 0.35052284598350525, -0.027947794646024704], [-0.15154092013835907, 0.34801730513572693, -0.03031250275671482]
Edge: 219, Vertices: [-0.11947057396173477, 0.41896769404411316, -0.12060916423797607], [-0.1128956601023674, 0.42180028557777405, -0.11701615154743195]
Edge: 220, Vertices: [-0.21196965873241425, 0.2465914934873581, 0.19817861914634705], [-0.20662769675254822, 0.24897079169750214, 0.2008277177810669]
Edge: 221, Vertices: [-0.14078177511692047, 0.3529021441936493, -0.025298697873950005], [-0.1461237370967865, 0.35052284598350525, -0.027947794646024704]
Edge: 222, Vertices: [-0.25398582220077515, 0.19448211789131165, 0.2931823134422302], [-0.24400420486927032, 0.19875170290470123, 0.2987433969974518]
Edge: 223, Vertices: [-0.09876562654972076, 0.40501150488853455, -0.12030237913131714], [-0.10874722898006439, 0.40074190497398376, -0.1258634775876999]
Edge: 224, Vertices: [-0.10948897898197174, 0.42323726415634155, -0.11504806578159332], [-0.1128956601023674, 0.42180028557777405, -0.11701615154743195]
Edge: 225, Vertices: [-0.10948897898197174, 0.42323726415634155, -0.11504806578159332], [-0.1072230339050293, 0.424181193113327, -0.1136978417634964]
Edge: 226, Vertices: [-0.2172231376171112, 0.2443443387746811, 0.1952517181634903], [-0.21196965873241425, 0.2465914934873581, 0.19817861914634705]
Edge: 227, Vertices: [-0.1355282962322235, 0.3551492691040039, -0.022371800616383553], [-0.14078177511692047, 0.3529021441936493, -0.025298697873950005]
Edge: 228, Vertices: [0.35142090916633606, -0.3731699585914612, -0.06184752658009529], [0.34938421845436096, -0.37593239545822144, -0.056422021239995956]
Edge: 229, Vertices: [0.3531956970691681, -0.37051957845687866, -0.06741897016763687], [0.35142090916633606, -0.3731699585914612, -0.06184752658009529]
Edge: 230, Vertices: [0.1389230340719223, -0.4659562110900879, -0.17367741465568542], [0.14069779217243195, -0.463305801153183, -0.1792488545179367]
Edge: 231, Vertices: [0.3547040820121765, -0.36798781156539917, -0.07312250137329102], [0.3531956970691681, -0.37051957845687866, -0.06741897016763687]
Edge: 232, Vertices: [0.1374146193265915, -0.4684879779815674, -0.16797387599945068], [0.1389230340719223, -0.4659562110900879, -0.17367741465568542]
Edge: 233, Vertices: [0.35594236850738525, -0.3655809760093689, -0.07894394546747208], [0.3547040820121765, -0.36798781156539917, -0.07312250137329102]
Edge: 234, Vertices: [0.13617633283138275, -0.47089478373527527, -0.16215243935585022], [0.1374146193265915, -0.4684879779815674, -0.16797387599945068]
Edge: 235, Vertices: [0.3569074869155884, -0.36330506205558777, -0.08486881107091904], [0.35594236850738525, -0.3655809760093689, -0.07894394546747208]
Edge: 236, Vertices: [0.13521121442317963, -0.4731707274913788, -0.15622757375240326], [0.13617633283138275, -0.47089478373527527, -0.16215243935585022]
Edge: 237, Vertices: [0.3575970232486725, -0.36116570234298706, -0.09088239073753357], [0.3569074869155884, -0.36330506205558777, -0.08486881107091904]
Edge: 238, Vertices: [0.1345216929912567, -0.4753100574016571, -0.15021398663520813], [0.13521121442317963, -0.4731707274913788, -0.15622757375240326]
Edge: 239, Vertices: [0.3580092489719391, -0.35916823148727417, -0.09696973115205765], [0.3575970232486725, -0.36116570234298706, -0.09088239073753357]
Edge: 240, Vertices: [0.1341094672679901, -0.47730752825737, -0.14412665367126465], [0.1345216929912567, -0.4753100574016571, -0.15021398663520813]
Edge: 241, Vertices: [0.358143150806427, -0.35731765627861023, -0.10311567783355713], [0.3580092489719391, -0.35916823148727417, -0.09696973115205765]
Edge: 242, Vertices: [0.1339755654335022, -0.4791581332683563, -0.13798069953918457], [0.1341094672679901, -0.47730752825737, -0.14412665367126465]
Edge: 243, Vertices: [0.3579983711242676, -0.35561850666999817, -0.10930497199296951], [0.358143150806427, -0.35731765627861023, -0.10311567783355713]
Edge: 244, Vertices: [0.13412033021450043, -0.4808572828769684, -0.13179141283035278], [0.1339755654335022, -0.4791581332683563, -0.13798069953918457]
Edge: 245, Vertices: [0.35757532715797424, -0.35407504439353943, -0.11552221328020096], [0.3579983711242676, -0.35561850666999817, -0.10930497199296951]
Edge: 246, Vertices: [0.13454337418079376, -0.4824007451534271, -0.12557417154312134], [0.13412033021450043, -0.4808572828769684, -0.13179141283035278]
Edge: 247, Vertices: [0.3568750321865082, -0.35269108414649963, -0.12175195664167404], [0.35757532715797424, -0.35407504439353943, -0.11552221328020096]
Edge: 248, Vertices: [0.13524368405342102, -0.48378467559814453, -0.11934442073106766], [0.13454337418079376, -0.4824007451534271, -0.12557417154312134]
Edge: 249, Vertices: [0.35589921474456787, -0.35147011280059814, -0.12797869741916656], [0.3568750321865082, -0.35269108414649963, -0.12175195664167404]
Edge: 250, Vertices: [0.13621948659420013, -0.485005646944046, -0.11311767995357513], [0.13524368405342102, -0.48378467559814453, -0.11934442073106766]
Edge: 251, Vertices: [0.3546503484249115, -0.35041511058807373, -0.1341869831085205], [0.35589921474456787, -0.35147011280059814, -0.12797869741916656]
Edge: 252, Vertices: [0.1374683827161789, -0.48606064915657043, -0.10690940171480179], [0.13621948659420013, -0.485005646944046, -0.11311767995357513]
Edge: 253, Vertices: [0.3531314730644226, -0.3495287597179413, -0.14036135375499725], [0.3546503484249115, -0.35041511058807373, -0.1341869831085205]
Edge: 254, Vertices: [0.1389872431755066, -0.48694702982902527, -0.10073503106832504], [0.1374683827161789, -0.48606064915657043, -0.10690940171480179]
Edge: 255, Vertices: [0.3513464033603668, -0.3488132059574127, -0.14648644626140594], [0.3531314730644226, -0.3495287597179413, -0.14036135375499725]
Edge: 256, Vertices: [0.14077229797840118, -0.48766255378723145, -0.09460993111133575], [0.1389872431755066, -0.48694702982902527, -0.10073503106832504]
Edge: 257, Vertices: [0.3492996096611023, -0.3482702672481537, -0.15254706144332886], [0.3513464033603668, -0.3488132059574127, -0.14648644626140594]
Edge: 258, Vertices: [0.1428191214799881, -0.48820552229881287, -0.08854931592941284], [0.14077229797840118, -0.48766255378723145, -0.09460993111133575]
Edge: 259, Vertices: [0.34699609875679016, -0.34790125489234924, -0.158528134226799], [0.3492996096611023, -0.3482702672481537, -0.15254706144332886]
Edge: 260, Vertices: [0.14512260258197784, -0.4885745048522949, -0.08256824314594269], [0.1428191214799881, -0.48820552229881287, -0.08854931592941284]
Edge: 261, Vertices: [0.344441682100296, -0.3477071225643158, -0.16441477835178375], [0.34699609875679016, -0.34790125489234924, -0.158528134226799]
Edge: 262, Vertices: [0.14767704904079437, -0.48876863718032837, -0.07668159902095795], [0.14512260258197784, -0.4885745048522949, -0.08256824314594269]
Edge: 263, Vertices: [0.3416426479816437, -0.34768834710121155, -0.17019236087799072], [0.344441682100296, -0.3477071225643158, -0.16441477835178375]
Edge: 264, Vertices: [0.15047606825828552, -0.4887874126434326, -0.07090401649475098], [0.14767704904079437, -0.48876863718032837, -0.07668159902095795]
Edge: 265, Vertices: [0.33860597014427185, -0.3478449583053589, -0.17584651708602905], [0.3416426479816437, -0.34768834710121155, -0.17019236087799072]
Edge: 266, Vertices: [0.15351273119449615, -0.4886308014392853, -0.06524986028671265], [0.15047606825828552, -0.4887874126434326, -0.07090401649475098]
Edge: 267, Vertices: [0.335339218378067, -0.34817659854888916, -0.18136319518089294], [0.33860597014427185, -0.3478449583053589, -0.17584651708602905]
Edge: 268, Vertices: [0.156779482960701, -0.488299161195755, -0.05973318591713905], [0.15351273119449615, -0.4886308014392853, -0.06524986028671265]
Edge: 269, Vertices: [0.33185049891471863, -0.3486824035644531, -0.18672868609428406], [0.335339218378067, -0.34817659854888916, -0.18136319518089294]
Edge: 270, Vertices: [0.16026820242404938, -0.48779335618019104, -0.05436769872903824], [0.156779482960701, -0.488299161195755, -0.05973318591713905]
Edge: 271, Vertices: [0.3281485140323639, -0.3493611514568329, -0.1919296234846115], [0.33185049891471863, -0.3486824035644531, -0.18672868609428406]
Edge: 272, Vertices: [0.1639702022075653, -0.48711463809013367, -0.04916675388813019], [0.16026820242404938, -0.48779335618019104, -0.05436769872903824]
Edge: 273, Vertices: [0.32424241304397583, -0.35021111369132996, -0.19695311784744263], [0.3281485140323639, -0.3493611514568329, -0.1919296234846115]
Edge: 274, Vertices: [0.16787628829479218, -0.4862646460533142, -0.04414326697587967], [0.1639702022075653, -0.48711463809013367, -0.04916675388813019]
Edge: 275, Vertices: [0.3201419413089752, -0.3512302041053772, -0.20178663730621338], [0.32424241304397583, -0.35021111369132996, -0.19695311784744263]
Edge: 276, Vertices: [0.17197676002979279, -0.48524555563926697, -0.03930973634123802], [0.16787628829479218, -0.4862646460533142, -0.04414326697587967]
Edge: 277, Vertices: [0.31585729122161865, -0.35241591930389404, -0.2064182013273239], [0.3201419413089752, -0.3512302041053772, -0.20178663730621338]
Edge: 278, Vertices: [0.17626141011714935, -0.4840598702430725, -0.034678179770708084], [0.17197676002979279, -0.48524555563926697, -0.03930973634123802]
Edge: 279, Vertices: [0.3113991320133209, -0.35376524925231934, -0.210836261510849], [0.31585729122161865, -0.35241591930389404, -0.2064182013273239]
Edge: 280, Vertices: [0.18071958422660828, -0.4827105402946472, -0.0302601158618927], [0.17626141011714935, -0.4840598702430725, -0.034678179770708084]
Edge: 281, Vertices: [0.3067784905433655, -0.35527485609054565, -0.21502986550331116], [0.3113991320133209, -0.35376524925231934, -0.210836261510849]
Edge: 282, Vertices: [0.18534021079540253, -0.4812009036540985, -0.02606651373207569], [0.18071958422660828, -0.4827105402946472, -0.0302601158618927]
Edge: 283, Vertices: [0.30200693011283875, -0.35694101452827454, -0.2189885675907135], [0.3067784905433655, -0.35527485609054565, -0.21502986550331116]
Edge: 284, Vertices: [0.19011178612709045, -0.47953474521636963, -0.0221078060567379], [0.18534021079540253, -0.4812009036540985, -0.02606651373207569]
Edge: 285, Vertices: [0.29709625244140625, -0.3587595820426941, -0.2227025330066681], [0.30200693011283875, -0.35694101452827454, -0.2189885675907135]
Edge: 286, Vertices: [0.19502246379852295, -0.4777161777019501, -0.01839384436607361], [0.19011178612709045, -0.47953474521636963, -0.0221078060567379]
Edge: 287, Vertices: [0.29205870628356934, -0.360725998878479, -0.22616253793239594], [0.29709625244140625, -0.3587595820426941, -0.2227025330066681]
Edge: 288, Vertices: [0.20006002485752106, -0.47574976086616516, -0.014933849684894085], [0.19502246379852295, -0.4777161777019501, -0.01839384436607361]
Edge: 289, Vertices: [0.28690677881240845, -0.3628354072570801, -0.2293599545955658], [0.29205870628356934, -0.360725998878479, -0.22616253793239594]
Edge: 290, Vertices: [-0.2223750501871109, 0.24223493039608002, 0.19205430150032043], [-0.2172231376171112, 0.2443443387746811, 0.1952517181634903]
Edge: 291, Vertices: [-0.13037638366222382, 0.357258677482605, -0.019174382090568542], [-0.1355282962322235, 0.3551492691040039, -0.022371800616383553]
Edge: 292, Vertices: [0.20521193742752075, -0.4736403524875641, -0.0117364302277565], [0.20006002485752106, -0.47574976086616516, -0.014933849684894085]
Edge: 293, Vertices: [-0.1072230339050293, 0.424181193113327, -0.1136978417634964], [-0.10163487493991852, 0.4264676570892334, -0.11022420227527618]
Edge: 294, Vertices: [-0.2647091746330261, 0.21270787715911865, 0.29843661189079285], [-0.2744978070259094, 0.2087000012397766, 0.2923615276813507]
Edge: 295, Vertices: [-0.25398582220077515, 0.19448211789131165, 0.2931823134422302], [-0.26377445459365845, 0.1904742419719696, 0.2871071994304657]
Edge: 296, Vertices: [-0.09876562654972076, 0.40501150488853455, -0.12030237913131714], [-0.08897697925567627, 0.4090193808078766, -0.1142272874712944]
Edge: 297, Vertices: [-0.09970033168792725, 0.4272451400756836, -0.10897297412157059], [-0.10163487493991852, 0.4264676570892334, -0.11022420227527618]
Edge: 298, Vertices: [0.28690677881240845, -0.3628354072570801, -0.2293599545955658], [0.2816533148288727, -0.3650825619697571, -0.23228684067726135]
Edge: 299, Vertices: [-0.2223750501871109, 0.24223493039608002, 0.19205430150032043], [-0.227412611246109, 0.2402684986591339, 0.18859431147575378]
Edge: 300, Vertices: [-0.13037638366222382, 0.357258677482605, -0.019174382090568542], [-0.1253388226032257, 0.3592251241207123, -0.015714388340711594]
Edge: 301, Vertices: [0.20521193742752075, -0.4736403524875641, -0.0117364302277565], [0.2104654163122177, -0.4713931977748871, -0.008809534832835197]
Edge: 302, Vertices: [-0.09970033168792725, 0.4272451400756836, -0.10897297412157059], [-0.09609472751617432, 0.42867448925971985, -0.10657240450382233]
Edge: 303, Vertices: [0.2816533148288727, -0.3650825619697571, -0.23228684067726135], [0.27631133794784546, -0.3674618601799011, -0.2349359393119812]
Edge: 304, Vertices: [-0.227412611246109, 0.2402684986591339, 0.18859431147575378], [-0.2323232889175415, 0.23844994604587555, 0.1848803460597992]
Edge: 305, Vertices: [-0.1253388226032257, 0.3592251241207123, -0.015714388340711594], [-0.12042814493179321, 0.36104366183280945, -0.012000425718724728]
Edge: 306, Vertices: [0.2104654163122177, -0.4713931977748871, -0.008809534832835197], [0.21580737829208374, -0.46901389956474304, -0.006160436198115349]
Edge: 307, Vertices: [-0.2744978070259094, 0.2087000012397766, 0.2923615276813507], [-0.2840691804885864, 0.2049637883901596, 0.28578752279281616]
Edge: 308, Vertices: [-0.26377445459365845, 0.1904742419719696, 0.2871071994304657], [-0.27334582805633545, 0.1867380291223526, 0.28053322434425354]
Edge: 309, Vertices: [-0.08897697925567627, 0.4090193808078766, -0.1142272874712944], [-0.07940561324357986, 0.4127555787563324, -0.10765329748392105]
Edge: 310, Vertices: [-0.09609472751617432, 0.42867448925971985, -0.10657240450382233], [-0.09012896567583084, 0.4309813678264618, -0.10239897668361664]
Edge: 311, Vertices: [0.27631133794784546, -0.3674618601799011, -0.2349359393119812], [0.2708941698074341, -0.36996740102767944, -0.23730064928531647]
Edge: 312, Vertices: [-0.2323232889175415, 0.23844994604587555, 0.1848803460597992], [-0.23709486424922943, 0.23678378760814667, 0.18092162907123566]
Edge: 313, Vertices: [-0.12042814493179321, 0.36104366183280945, -0.012000425718724728], [-0.11565656960010529, 0.36270982027053833, -0.008041718043386936]
Edge: 314, Vertices: [0.21580737829208374, -0.46901389956474304, -0.006160436198115349], [0.2212245613336563, -0.4665083587169647, -0.00379572925157845]
Edge: 315, Vertices: [-0.09012896567583084, 0.4309813678264618, -0.10239897668361664], [-0.08507391810417175, 0.43287721276283264, -0.098658487200737]
Edge: 316, Vertices: [0.2708941698074341, -0.36996740102767944, -0.23730064928531647], [0.265415221452713, -0.372592955827713, -0.23937509953975677]
Edge: 317, Vertices: [-0.23709486424922943, 0.23678378760814667, 0.18092162907123566], [-0.24171549081802368, 0.23527416586875916, 0.1767280399799347]
Edge: 318, Vertices: [-0.11565656960010529, 0.36270982027053833, -0.008041718043386936], [-0.11103595048189163, 0.36421945691108704, -0.0038481156807392836]
Edge: 319, Vertices: [0.2212245613336563, -0.4665083587169647, -0.00379572925157845], [0.226703479886055, -0.46388280391693115, -0.001721285399980843]
Edge: 320, Vertices: [-0.27334582805633545, 0.1867380291223526, 0.28053322434425354], [-0.282676100730896, 0.1832827627658844, 0.2734766900539398]
Edge: 321, Vertices: [-0.07940561324357986, 0.4127555787563324, -0.10765329748392105], [-0.07007533311843872, 0.4162108600139618, -0.10059677809476852]
Edge: 322, Vertices: [-0.08507391810417175, 0.43287721276283264, -0.098658487200737], [-0.0807986855506897, 0.4344366192817688, -0.09534245729446411]
Edge: 323, Vertices: [-0.293399453163147, 0.2015085369348526, 0.27873101830482483], [-0.2943439185619354, 0.20116963982582092, 0.2779789865016937]
Edge: 324, Vertices: [0.265415221452713, -0.372592955827713, -0.23937509953975677], [0.2598882019519806, -0.37533196806907654, -0.24115411937236786]
Edge: 325, Vertices: [-0.24171549081802368, 0.23527416586875916, 0.1767280399799347], [-0.2461736649274826, 0.23392483592033386, 0.1723099648952484]
Edge: 326, Vertices: [-0.11103595048189163, 0.36421945691108704, -0.0038481156807392836], [-0.10657777637243271, 0.36556878685951233, 0.0005699490429833531]
Edge: 327, Vertices: [0.226703479886055, -0.46388280391693115, -0.001721285399980843], [0.2322305142879486, -0.4611437916755676, 5.774087549070828e-05]
Edge: 328, Vertices: [-0.2993435263633728, 0.1994105726480484, 0.27387720346450806], [-0.2943439185619354, 0.20116963982582092, 0.2779789865016937]
Edge: 329, Vertices: [-0.0807986855506897, 0.4344366192817688, -0.09534245729446411], [-0.07397089153528214, 0.4368392527103424, -0.08974196016788483]
Edge: 330, Vertices: [0.2598882019519806, -0.37533196806907654, -0.24115411937236786], [0.2543267607688904, -0.378177672624588, -0.24263329803943634]
Edge: 331, Vertices: [-0.2461736649274826, 0.23392483592033386, 0.1723099648952484], [-0.250458300113678, 0.2327391356229782, 0.16767841577529907]
Edge: 332, Vertices: [-0.10657777637243271, 0.36556878685951233, 0.0005699490429833531], [-0.10229312628507614, 0.3667544722557068, 0.005201505031436682]
Edge: 333, Vertices: [0.2322305142879486, -0.4611437916755676, 5.774087549070828e-05], [0.23779194056987762, -0.45829808712005615, 0.001536920084618032]
Edge: 334, Vertices: [-0.29993143677711487, 0.19920766353607178, 0.27338120341300964], [-0.2993435263633728, 0.1994105726480484, 0.27387720346450806]
Edge: 335, Vertices: [-0.30246543884277344, 0.19834282994270325, 0.2712094783782959], [-0.29993143677711487, 0.19920766353607178, 0.27338120341300964]
Edge: 336, Vertices: [-0.282676100730896, 0.1832827627658844, 0.2734766900539398], [-0.29174208641052246, 0.18011707067489624, 0.2659551501274109]
Edge: 337, Vertices: [-0.07007533311843872, 0.4162108600139618, -0.10059677809476852], [-0.06100933253765106, 0.41937655210494995, -0.0930752381682396]
Edge: 338, Vertices: [-0.07397089153528214, 0.4368392527103424, -0.08974196016788483], [-0.07173268496990204, 0.43760231137275696, -0.08782092481851578]
Edge: 339, Vertices: [-0.30246543884277344, 0.19834282994270325, 0.2712094783782959], [-0.3055829405784607, 0.19730108976364136, 0.26846063137054443]
Edge: 340, Vertices: [0.2543267607688904, -0.378177672624588, -0.24263329803943634], [0.24874480068683624, -0.38112297654151917, -0.24380895495414734]
Edge: 341, Vertices: [-0.250458300113678, 0.2327391356229782, 0.16767841577529907], [-0.2545587718486786, 0.23172004520893097, 0.16284488141536713]
Edge: 342, Vertices: [-0.10229312628507614, 0.3667544722557068, 0.005201505031436682], [-0.09819265455007553, 0.3677735924720764, 0.010035035200417042]
Edge: 343, Vertices: [0.23779194056987762, -0.45829808712005615, 0.001536920084618032], [0.24337391555309296, -0.4553528130054474, 0.0027125754859298468]
Edge: 344, Vertices: [-0.3256170153617859, 0.3856475055217743, 0.07122865319252014], [-0.31480517983436584, 0.3642810881137848, 0.16740842163562775]
Edge: 345, Vertices: [-0.23526567220687866, 0.39684784412384033, 0.21677276492118835], [-0.31480517983436584, 0.3642810881137848, 0.16740842163562775]
Edge: 346, Vertices: [-0.2791491448879242, 0.3066692054271698, 0.04845995828509331], [-0.26833730936050415, 0.2853027582168579, 0.1446397304534912]
Edge: 347, Vertices: [-0.26833730936050415, 0.2853027582168579, 0.1446397304534912], [-0.18879781663417816, 0.31786954402923584, 0.19400407373905182]
Edge: 348, Vertices: [-0.23526567220687866, 0.39684784412384033, 0.21677276492118835], [-0.18879781663417816, 0.31786954402923584, 0.19400407373905182]
Edge: 349, Vertices: [-0.31480517983436584, 0.3642810881137848, 0.16740842163562775], [-0.26833730936050415, 0.2853027582168579, 0.1446397304534912]
Edge: 350, Vertices: [-0.21042148768901825, 0.36060240864753723, 0.0016445403452962637], [-0.13088196516036987, 0.3931691646575928, 0.051008887588977814]
Edge: 351, Vertices: [-0.25688934326171875, 0.4395807087421417, 0.02441323734819889], [-0.17734983563423157, 0.47214749455451965, 0.07377758622169495]
Edge: 352, Vertices: [-0.13088196516036987, 0.3931691646575928, 0.051008887588977814], [-0.17734983563423157, 0.47214749455451965, 0.07377758622169495]
Edge: 353, Vertices: [0.24874480068683624, -0.38112297654151917, -0.24380895495414734], [0.24315614998340607, -0.3841605484485626, -0.24467815458774567]
Edge: 354, Vertices: [-0.2545587718486786, 0.23172004520893097, 0.16284488141536713], [-0.25846487283706665, 0.2308700680732727, 0.1578214019536972]
Edge: 355, Vertices: [-0.09819265455007553, 0.3677735924720764, 0.010035035200417042], [-0.09428656846284866, 0.3686235547065735, 0.015058521181344986]
Edge: 356, Vertices: [0.24337391555309296, -0.4553528130054474, 0.0027125754859298468], [0.24896256625652313, -0.45231524109840393, 0.003581778844818473]
Edge: 357, Vertices: [-0.29174208641052246, 0.18011707067489624, 0.2659551501274109], [-0.30052128434181213, 0.1772487759590149, 0.2579873204231262]
Edge: 358, Vertices: [-0.3055829405784607, 0.19730108976364136, 0.26846063137054443], [-0.3112446367740631, 0.1954745501279831, 0.26324161887168884]
Edge: 359, Vertices: [-0.06100933253765106, 0.41937655210494995, -0.0930752381682396], [-0.05223015323281288, 0.4222448468208313, -0.08510739356279373]
Edge: 360, Vertices: [-0.06259471923112869, 0.44058340787887573, -0.07951211929321289], [-0.06295350939035416, 0.4404706060886383, -0.07985307276248932]
Edge: 361, Vertices: [-0.06259471923112869, 0.44058340787887573, -0.07951211929321289], [-0.06216302886605263, 0.4407186508178711, -0.07910023629665375]
Edge: 362, Vertices: [0.24315614998340607, -0.3841605484485626, -0.24467815458774567], [0.2375747114419937, -0.3872828185558319, -0.2452387660741806]
Edge: 363, Vertices: [-0.25846487283706665, 0.2308700680732727, 0.1578214019536972], [-0.2621668577194214, 0.23019133508205414, 0.15262044966220856]
Edge: 364, Vertices: [-0.09428656846284866, 0.3686235547065735, 0.015058521181344986], [-0.09058456122875214, 0.36930230259895325, 0.020259464159607887]
Edge: 365, Vertices: [0.24896256625652313, -0.45231524109840393, 0.003581778844818473], [0.2545439898967743, -0.44919294118881226, 0.004142385441809893]
Edge: 366, Vertices: [-0.06216302886605263, 0.4407186508178711, -0.07910023629665375], [-0.056691158562898636, 0.44238653779029846, -0.07371830195188522]
Edge: 367, Vertices: [0.2375747114419937, -0.3872828185558319, -0.2452387660741806], [0.23201437294483185, -0.3904820680618286, -0.24548935890197754]
Edge: 368, Vertices: [-0.2621668577194214, 0.23019133508205414, 0.15262044966220856], [-0.2656555771827698, 0.22968551516532898, 0.14725495874881744]
Edge: 369, Vertices: [-0.09058456122875214, 0.36930230259895325, 0.020259464159607887], [-0.08709584921598434, 0.3698081076145172, 0.02562495321035385]
Edge: 370, Vertices: [0.2545439898967743, -0.44919294118881226, 0.004142385441809893], [0.26010435819625854, -0.44599369168281555, 0.004392984323203564]
Edge: 371, Vertices: [-0.30052128434181213, 0.1772487759590149, 0.2579873204231262], [-0.30899181962013245, 0.1746850460767746, 0.24959297478199005]
Edge: 372, Vertices: [-0.05223015323281288, 0.4222448468208313, -0.08510739356279373], [-0.04375962167978287, 0.4248085618019104, -0.07671305537223816]
Edge: 373, Vertices: [-0.056691158562898636, 0.44238653779029846, -0.07371830195188522], [-0.054482974112033844, 0.4430343508720398, -0.07145874202251434]
Edge: 374, Vertices: [0.23201437294483185, -0.3904820680618286, -0.24548935890197754], [0.22648894786834717, -0.39375030994415283, -0.24542935192584991]
Edge: 375, Vertices: [-0.2656555771827698, 0.22968551516532898, 0.14725495874881744], [-0.2689223289489746, 0.2293538898229599, 0.14173829555511475]
Edge: 376, Vertices: [-0.08709584921598434, 0.3698081076145172, 0.02562495321035385], [-0.08382909744977951, 0.3701397180557251, 0.031141625717282295]
Edge: 377, Vertices: [0.26010435819625854, -0.44599369168281555, 0.004392984323203564], [0.26562976837158203, -0.44272544980049133, 0.004332969896495342]
Edge: 378, Vertices: [-0.3228810429573059, 0.19200873374938965, 0.2515152394771576], [-0.3197151720523834, 0.1929108053445816, 0.25484728813171387]
Edge: 379, Vertices: [-0.3228810429573059, 0.19200873374938965, 0.2515152394771576], [-0.3232234716415405, 0.19191308319568634, 0.25114813446998596]
Edge: 380, Vertices: [-0.054482974112033844, 0.4430343508720398, -0.07145874202251434], [-0.050649020820856094, 0.44412264227867126, -0.0674092248082161]
Edge: 381, Vertices: [0.22648894786834717, -0.39375030994415283, -0.24542935192584991], [0.2210121750831604, -0.3970794677734375, -0.2450588494539261]
Edge: 382, Vertices: [-0.2689223289489746, 0.2293538898229599, 0.14173829555511475], [-0.27195900678634644, 0.22919727861881256, 0.13608413934707642]
Edge: 383, Vertices: [-0.08382909744977951, 0.3701397180557251, 0.031141625717282295], [-0.08079243451356888, 0.3702963590621948, 0.036795783787965775]
Edge: 384, Vertices: [0.26562976837158203, -0.44272544980049133, 0.004332969896495342], [0.2711065411567688, -0.43939632177352905, 0.003962474409490824]
Edge: 385, Vertices: [-0.30899181962013245, 0.1746850460767746, 0.24959297478199005], [-0.3171326518058777, 0.17243224382400513, 0.24079301953315735]
Edge: 386, Vertices: [-0.3232234716415405, 0.19191308319568634, 0.25114813446998596], [-0.32785600423812866, 0.19065800309181213, 0.24604733288288116]
Edge: 387, Vertices: [-0.04375962167978287, 0.4248085618019104, -0.07671305537223816], [-0.03561879321932793, 0.42706137895584106, -0.06791309267282486]
Edge: 388, Vertices: [-0.0463421456515789, 0.44528713822364807, -0.06265877932310104], [-0.050649020820856094, 0.44412264227867126, -0.0674092248082161]
Edge: 389, Vertices: [0.2210121750831604, -0.3970794677734375, -0.2450588494539261], [0.21559768915176392, -0.40046119689941406, -0.24437880516052246]
Edge: 390, Vertices: [-0.27195900678634644, 0.22919727861881256, 0.13608413934707642], [-0.2747580409049988, 0.2292160540819168, 0.13030654191970825]
Edge: 391, Vertices: [-0.08079243451356888, 0.3702963590621948, 0.036795783787965775], [-0.07799340039491653, 0.3702775537967682, 0.04257337003946304]
Edge: 392, Vertices: [0.2711065411567688, -0.43939632177352905, 0.003962474409490824], [0.2765210270881653, -0.4360145628452301, 0.003282422199845314]
Edge: 393, Vertices: [-0.044486504048109055, 0.44576892256736755, -0.060542818158864975], [-0.0463421456515789, 0.44528713822364807, -0.06265877932310104]
Edge: 394, Vertices: [-0.04444797337055206, 0.4457787871360779, -0.0604984275996685], [-0.044486504048109055, 0.44576892256736755, -0.060542818158864975]
Edge: 395, Vertices: [0.21559768915176392, -0.40046119689941406, -0.24437880516052246], [0.21025891602039337, -0.4038871228694916, -0.24339088797569275]
Edge: 396, Vertices: [-0.2747580409049988, 0.2292160540819168, 0.13030654191970825], [-0.2773124575614929, 0.22941018640995026, 0.12441990524530411]
Edge: 397, Vertices: [-0.07799340039491653, 0.3702775537967682, 0.04257337003946304], [-0.0754389688372612, 0.37008342146873474, 0.048460014164447784]
Edge: 398, Vertices: [0.2765210270881653, -0.4360145628452301, 0.003282422199845314], [0.28185978531837463, -0.4325886368751526, 0.002294507808983326]
Edge: 399, Vertices: [-0.32785600423812866, 0.19065800309181213, 0.24604733288288116], [-0.3356468677520752, 0.18872171640396118, 0.2368636280298233]
Edge: 400, Vertices: [-0.3171326518058777, 0.17243224382400513, 0.24079301953315735], [-0.3249235153198242, 0.17049594223499298, 0.2316093146800995]
Edge: 401, Vertices: [-0.03561879321932793, 0.42706137895584106, -0.06791309267282486], [-0.027827907353639603, 0.428997665643692, -0.058729395270347595]
Edge: 402, Vertices: [-0.04444797337055206, 0.4457787871360779, -0.0604984275996685], [-0.03855125978589058, 0.447223424911499, -0.05347508192062378]
Edge: 403, Vertices: [-0.3357962965965271, 0.18868687748908997, 0.23667952418327332], [-0.3356468677520752, 0.18872171640396118, 0.2368636280298233]
Edge: 404, Vertices: [0.21025891602039337, -0.4038871228694916, -0.24339088797569275], [0.20500916242599487, -0.40734875202178955, -0.24209757149219513]
Edge: 405, Vertices: [-0.2773124575614929, 0.22941018640995026, 0.12441990524530411], [-0.27961596846580505, 0.2297791838645935, 0.11843883991241455]
Edge: 406, Vertices: [-0.0754389688372612, 0.37008342146873474, 0.048460014164447784], [-0.07313548028469086, 0.3697144389152527, 0.05444107949733734]
Edge: 407, Vertices: [0.28185978531837463, -0.4325886368751526, 0.002294507808983326], [0.2871095538139343, -0.429127037525177, 0.001001192256808281]
Edge: 408, Vertices: [-0.3357962965965271, 0.18868687748908997, 0.23667952418327332], [-0.3381996750831604, 0.18813923001289368, 0.23367419838905334]
Edge: 409, Vertices: [0.20500916242599487, -0.40734875202178955, -0.24209757149219513], [0.19986146688461304, -0.41083741188049316, -0.24050205945968628]
Edge: 410, Vertices: [-0.27961596846580505, 0.2297791838645935, 0.11843883991241455], [-0.2816627621650696, 0.23032212257385254, 0.11237821727991104]
Edge: 411, Vertices: [-0.07313548028469086, 0.3697144389152527, 0.05444107949733734], [-0.07108866423368454, 0.36917150020599365, 0.06050169840455055]
Edge: 412, Vertices: [0.2871095538139343, -0.429127037525177, 0.001001192256808281], [0.29225724935531616, -0.425638347864151, -0.000594317854847759]
Edge: 413, Vertices: [0.19986146688461304, -0.41083741188049316, -0.24050205945968628], [0.19482861459255219, -0.4143444895744324, -0.23860833048820496]
Edge: 414, Vertices: [-0.2816627621650696, 0.23032212257385254, 0.11237821727991104], [-0.28344783186912537, 0.2310376763343811, 0.10625311732292175]
Edge: 415, Vertices: [-0.07108866423368454, 0.36917150020599365, 0.06050169840455055], [-0.06930360198020935, 0.3684559464454651, 0.06662680208683014]
Edge: 416, Vertices: [0.29225724935531616, -0.425638347864151, -0.000594317854847759], [0.2972900867462158, -0.4221312701702118, -0.002488048980012536]
Edge: 417, Vertices: [-0.18879781663417816, 0.31786954402923584, 0.19400407373905182], [-0.12007013708353043, 0.37180274724960327, 0.14718864858150482]
Edge: 418, Vertices: [-0.12007013708353043, 0.37180274724960327, 0.14718864858150482], [-0.13088196516036987, 0.3931691646575928, 0.051008887588977814]
Edge: 419, Vertices: [-0.16653800010681152, 0.45078104734420776, 0.16995735466480255], [-0.23526567220687866, 0.39684784412384033, 0.21677276492118835]
Edge: 420, Vertices: [-0.16653800010681152, 0.45078104734420776, 0.16995735466480255], [-0.12007013708353043, 0.37180274724960327, 0.14718864858150482]
Edge: 421, Vertices: [-0.16653800010681152, 0.45078104734420776, 0.16995735466480255], [-0.17734983563423157, 0.47214749455451965, 0.07377758622169495]
Edge: 422, Vertices: [-0.3381996750831604, 0.18813923001289368, 0.23367419838905334], [-0.3424699902534485, 0.18722786009311676, 0.2281203418970108]
Edge: 423, Vertices: [-0.03137665614485741, 0.4487886130809784, -0.0442618653178215], [-0.03855125978589058, 0.447223424911499, -0.05347508192062378]
Edge: 424, Vertices: [-0.03134189546108246, 0.4487956464290619, -0.04421529173851013], [-0.03137665614485741, 0.4487886130809784, -0.0442618653178215]
Edge: 425, Vertices: [-0.3249235153198242, 0.17049594223499298, 0.2316093146800995], [-0.3323450982570648, 0.16888099908828735, 0.22206468880176544]
Edge: 426, Vertices: [-0.3424699902534485, 0.18722786009311676, 0.2281203418970108], [-0.3430684506893158, 0.18710675835609436, 0.22731900215148926]
Edge: 427, Vertices: [-0.027827907353639603, 0.428997665643692, -0.058729395270347595], [-0.0204063318669796, 0.43061262369155884, -0.04918477311730385]
Edge: 428, Vertices: [-0.031129682436585426, 0.44883838295936584, -0.04393045976758003], [-0.03134189546108246, 0.4487956464290619, -0.04421529173851013]
Edge: 429, Vertices: [0.19482861459255219, -0.4143444895744324, -0.23860833048820496], [0.18992313742637634, -0.4178612530231476, -0.23642107844352722]
Edge: 430, Vertices: [-0.28344783186912537, 0.2310376763343811, 0.10625311732292175], [-0.28496670722961426, 0.23192404210567474, 0.10007874667644501]
Edge: 431, Vertices: [-0.06930360198020935, 0.3684559464454651, 0.06662680208683014], [-0.06778474152088165, 0.36756956577301025, 0.07280117273330688]
Edge: 432, Vertices: [0.2972900867462158, -0.4221312701702118, -0.002488048980012536], [0.30219557881355286, -0.4186145067214966, -0.00467529846355319]
Edge: 433, Vertices: [0.18992313742637634, -0.4178612530231476, -0.23642107844352722], [0.18515720963478088, -0.4213789701461792, -0.23394575715065002]
Edge: 434, Vertices: [-0.28496670722961426, 0.23192404210567474, 0.10007874667644501], [-0.28621557354927063, 0.23297902941703796, 0.09387046843767166]
Edge: 435, Vertices: [-0.06778474152088165, 0.36756956577301025, 0.07280117273330688], [-0.0665358453989029, 0.3665145933628082, 0.07900945097208023]
Edge: 436, Vertices: [0.30219557881355286, -0.4186145067214966, -0.00467529846355319], [0.3069615066051483, -0.41509678959846497, -0.007150623481720686]
Edge: 437, Vertices: [0.18515720963478088, -0.4213789701461792, -0.23394575715065002], [0.1805427223443985, -0.42488884925842285, -0.23118850588798523]
Edge: 438, Vertices: [-0.28621557354927063, 0.23297902941703796, 0.09387046843767166], [-0.28719139099121094, 0.23420001566410065, 0.08764372766017914]
Edge: 439, Vertices: [-0.0665358453989029, 0.3665145933628082, 0.07900945097208023], [-0.06556004285812378, 0.36529359221458435, 0.08523619174957275]
Edge: 440, Vertices: [0.3069615066051483, -0.41509678959846497, -0.007150623481720686], [0.3115759789943695, -0.4115869104862213, -0.009907876141369343]
Edge: 441, Vertices: [-0.031129682436585426, 0.44883838295936584, -0.04393045976758003], [-0.02442309819161892, 0.450073778629303, -0.0345284603536129]
Edge: 442, Vertices: [-0.3323450982570648, 0.16888099908828735, 0.22206468880176544], [-0.33937889337539673, 0.1675914078950882, 0.2121828943490982]
Edge: 443, Vertices: [-0.0204063318669796, 0.43061262369155884, -0.04918477311730385], [-0.013372528366744518, 0.4319022297859192, -0.039302971214056015]
Edge: 444, Vertices: [-0.02442309819161892, 0.450073778629303, -0.0345284603536129], [-0.02409587986767292, 0.4501279890537262, -0.0340486578643322]
Edge: 445, Vertices: [-0.35017719864845276, 0.1858048290014267, 0.2173270583152771], [-0.3501022458076477, 0.1858171671628952, 0.21743720769882202]
Edge: 446, Vertices: [0.1805427223443985, -0.42488884925842285, -0.23118850588798523], [0.17609110474586487, -0.4283822178840637, -0.228156179189682]
Edge: 447, Vertices: [-0.28719139099121094, 0.23420001566410065, 0.08764372766017914], [-0.287891685962677, 0.23558396100997925, 0.08141398429870605]
Edge: 448, Vertices: [-0.06556004285812378, 0.36529359221458435, 0.08523619174957275], [-0.06485974043607712, 0.36390966176986694, 0.09146593511104584]
Edge: 449, Vertices: [0.3115759789943695, -0.4115869104862213, -0.009907876141369343], [0.31602761149406433, -0.40809357166290283, -0.012940195389091969]
Edge: 450, Vertices: [0.17609110474586487, -0.4283822178840637, -0.228156179189682], [0.17181344330310822, -0.4318503439426422, -0.22485633194446564]
Edge: 451, Vertices: [-0.287891685962677, 0.23558396100997925, 0.08141398429870605], [-0.2883147597312927, 0.237127423286438, 0.07519674301147461]
Edge: 452, Vertices: [-0.06485974043607712, 0.36390966176986694, 0.09146593511104584], [-0.06443668901920319, 0.3623661994934082, 0.09768317639827728]
Edge: 453, Vertices: [0.31602761149406433, -0.40809357166290283, -0.012940195389091969], [0.3203052878379822, -0.40462544560432434, -0.01624004915356636]
Edge: 454, Vertices: [0.17181344330310822, -0.4318503439426422, -0.22485633194446564], [0.16772034764289856, -0.4352846145629883, -0.22129715979099274]
Edge: 455, Vertices: [-0.2883147597312927, 0.237127423286438, 0.07519674301147461], [-0.28845950961112976, 0.23882657289505005, 0.06900744140148163]
Edge: 456, Vertices: [-0.06443668901920319, 0.3623661994934082, 0.09768317639827728], [-0.06429192423820496, 0.36066704988479614, 0.10387247055768967]
Edge: 457, Vertices: [0.3203052878379822, -0.40462544560432434, -0.01624004915356636], [0.32439836859703064, -0.4011911451816559, -0.01979922503232956]
Edge: 458, Vertices: [0.16772034764289856, -0.4352846145629883, -0.22129715979099274], [0.16382203996181488, -0.43867653608322144, -0.21748749911785126]
Edge: 459, Vertices: [-0.28845950961112976, 0.23882657289505005, 0.06900744140148163], [-0.28832560777664185, 0.24067716300487518, 0.06286149471998215]
Edge: 460, Vertices: [-0.06429192423820496, 0.36066704988479614, 0.10387247055768967], [-0.06442582607269287, 0.3588164448738098, 0.11001841723918915]
Edge: 461, Vertices: [0.32439836859703064, -0.4011911451816559, -0.01979922503232956], [0.3282966613769531, -0.39779922366142273, -0.02360888011753559]
Edge: 462, Vertices: [-0.3566268980503082, 0.18486903607845306, 0.20741006731987], [-0.35017719864845276, 0.1858048290014267, 0.2173270583152771]
Edge: 463, Vertices: [-0.33937889337539673, 0.1675914078950882, 0.2121828943490982], [-0.34600746631622314, 0.166630357503891, 0.20198847353458405]
Edge: 464, Vertices: [-0.3566268980503082, 0.18486903607845306, 0.20741006731987], [-0.3567308187484741, 0.184856116771698, 0.20724278688430786]
Edge: 465, Vertices: [-0.013372528366744518, 0.4319022297859192, -0.039302971214056015], [-0.006743964739143848, 0.4328632652759552, -0.02910856157541275]
Edge: 466, Vertices: [0.16382203996181488, -0.43867653608322144, -0.21748749911785126], [0.1601281762123108, -0.44201764464378357, -0.21343684196472168]
Edge: 467, Vertices: [-0.28832560777664185, 0.24067716300487518, 0.06286149471998215], [-0.28791338205337524, 0.24267461895942688, 0.056774161756038666]
Edge: 468, Vertices: [-0.06442582607269287, 0.3588164448738098, 0.11001841723918915], [-0.06483805179595947, 0.3568190038204193, 0.11610575765371323]
Edge: 469, Vertices: [0.3282966613769531, -0.39779922366142273, -0.02360888011753559], [0.3319905400276184, -0.394458144903183, -0.027659540995955467]
Edge: 470, Vertices: [0.1601281762123108, -0.44201764464378357, -0.21343684196472168], [0.1566479504108429, -0.44529959559440613, -0.20915524661540985]
Edge: 471, Vertices: [-0.28791338205337524, 0.24267461895942688, 0.056774161756038666], [-0.2872238755226135, 0.2448139786720276, 0.05076058208942413]
Edge: 472, Vertices: [-0.06483805179595947, 0.3568190038204193, 0.11610575765371323], [-0.06552757322788239, 0.3546796441078186, 0.12211933732032776]
Edge: 473, Vertices: [0.3319905400276184, -0.394458144903183, -0.027659540995955467], [0.3354707658290863, -0.39117616415023804, -0.031941138207912445]
Edge: 474, Vertices: [0.1566479504108429, -0.44529959559440613, -0.20915524661540985], [0.153390035033226, -0.44851431250572205, -0.20465335249900818]
Edge: 475, Vertices: [-0.2872238755226135, 0.2448139786720276, 0.05076058208942413], [-0.2862587571144104, 0.24708989262580872, 0.044835709035396576]
Edge: 476, Vertices: [-0.06552757322788239, 0.3546796441078186, 0.12211933732032776], [-0.06649269163608551, 0.3524037301540375, 0.12804420292377472]
Edge: 477, Vertices: [0.3354707658290863, -0.39117616415023804, -0.031941138207912445], [0.3387286961078644, -0.3879614770412445, -0.03644302859902382]
Edge: 478, Vertices: [0.153390035033226, -0.44851431250572205, -0.20465335249900818], [0.15036249160766602, -0.45165371894836426, -0.19994236528873444]
Edge: 479, Vertices: [-0.2862587571144104, 0.24708989262580872, 0.044835709035396576], [-0.2850204408168793, 0.249496728181839, 0.03901427239179611]
Edge: 480, Vertices: [-0.06649269163608551, 0.3524037301540375, 0.12804420292377472], [-0.06773098558187485, 0.3499968945980072, 0.13386563956737518]
Edge: 481, Vertices: [0.3387286961078644, -0.3879614770412445, -0.03644302859902382], [0.3417562246322632, -0.3848220407962799, -0.04115401580929756]
Edge: 482, Vertices: [0.15036249160766602, -0.45165371894836426, -0.19994236528873444], [0.147572860121727, -0.45471006631851196, -0.195033997297287]
Edge: 483, Vertices: [-0.2850204408168793, 0.249496728181839, 0.03901427239179611], [-0.28351205587387085, 0.2520284950733185, 0.03331073746085167]
Edge: 484, Vertices: [-0.06773098558187485, 0.3499968945980072, 0.13386563956737518], [-0.06923939287662506, 0.3474651277065277, 0.13956917822360992]
Edge: 485, Vertices: [0.3417562246322632, -0.3848220407962799, -0.04115401580929756], [0.344545841217041, -0.3817656934261322, -0.04606238752603531]
Edge: 486, Vertices: [0.147572860121727, -0.45471006631851196, -0.195033997297287], [0.14502808451652527, -0.4576757550239563, -0.1899404376745224]
Edge: 487, Vertices: [-0.2817372679710388, 0.254678875207901, 0.02773929573595524], [-0.2797005772590637, 0.25744134187698364, 0.022313790395855904]
Edge: 488, Vertices: [-0.28351205587387085, 0.2520284950733185, 0.03331073746085167], [-0.2817372679710388, 0.254678875207901, 0.02773929573595524]
Edge: 489, Vertices: [-0.06923939287662506, 0.3474651277065277, 0.13956917822360992], [-0.0710141509771347, 0.3448147177696228, 0.1451406180858612]
Edge: 490, Vertices: [0.34709063172340393, -0.37880003452301025, -0.0511559434235096], [0.34938421845436096, -0.37593239545822144, -0.056422021239995956]
Edge: 491, Vertices: [0.344545841217041, -0.3817656934261322, -0.04606238752603531], [0.34709063172340393, -0.37880003452301025, -0.0511559434235096]
Edge: 492, Vertices: [0.14273449778556824, -0.46054336428642273, -0.18467435240745544], [0.14069779217243195, -0.463305801153183, -0.1792488545179367]
Edge: 493, Vertices: [0.14502808451652527, -0.4576757550239563, -0.1899404376745224], [0.14273449778556824, -0.46054336428642273, -0.18467435240745544]
Edge: 494, Vertices: [-0.07305086404085159, 0.34205228090286255, 0.15056613087654114], [-0.07534445077180862, 0.3391846716403961, 0.1558322012424469]
Edge: 495, Vertices: [-0.0710141509771347, 0.3448147177696228, 0.1451406180858612], [-0.07305086404085159, 0.34205228090286255, 0.15056613087654114]
Edge: 496, Vertices: [-0.34600746631622314, 0.166630357503891, 0.20198847353458405], [-0.3522142767906189, 0.16600026190280914, 0.1915067881345749]
Edge: 497, Vertices: [-0.006743964739143848, 0.4328632652759552, -0.02910856157541275], [-0.0005371444276534021, 0.43349334597587585, -0.018626868724822998]
Edge: 498, Vertices: [-0.009573225863277912, 0.4518377184867859, -0.010340440087020397], [-0.011260496452450752, 0.45171910524368286, -0.013372555375099182]
Edge: 499, Vertices: [-0.3522142767906189, 0.16600026190280914, 0.1915067881345749], [-0.35798394680023193, 0.1657027006149292, 0.1807638704776764]
Edge: 500, Vertices: [-0.0005371444276534021, 0.43349334597587585, -0.018626868724822998], [0.005232518073171377, 0.433790922164917, -0.007883957587182522]
Edge: 501, Vertices: [-0.005490833427757025, 0.452016681432724, -0.0026296430733054876], [-0.009573225863277912, 0.4518377184867859, -0.010340440087020397]
Edge: 502, Vertices: [-0.004133806098252535, 0.45203888416290283, 6.286092684604228e-05], [-0.005490833427757025, 0.452016681432724, -0.0026296430733054876]
Edge: 503, Vertices: [-0.3720676302909851, 0.18391144275665283, 0.1792193055152893], [-0.3687072992324829, 0.1839284598827362, 0.1860181838274002]
Edge: 504, Vertices: [-0.0017116222297772765, 0.4520265460014343, 0.005048997234553099], [-0.004133806098252535, 0.45203888416290283, 6.286092684604228e-05]
Edge: 505, Vertices: [-0.37402546405792236, 0.18396413326263428, 0.17504079639911652], [-0.3720676302909851, 0.18391144275665283, 0.1792193055152893]
Edge: 506, Vertices: [-0.35798394680023193, 0.1657027006149292, 0.1807638704776764], [-0.3633021116256714, 0.16573837399482727, 0.1697864830493927]
Edge: 507, Vertices: [0.005232518073171377, 0.433790922164917, -0.007883957587182522], [0.010550674982368946, 0.4337552487850189, 0.0030934372916817665]
Edge: 508, Vertices: [-0.0017116222297772765, 0.4520265460014343, 0.005048997234553099], [-0.00017267650400754064, 0.4519810080528259, 0.008347751572728157]
Edge: 509, Vertices: [-0.3753691613674164, 0.18403014540672302, 0.17206953465938568], [-0.37402546405792236, 0.18396413326263428, 0.17504079639911652]
Edge: 510, Vertices: [-0.00017267650400754064, 0.4519810080528259, 0.008347751572728157], [0.0024443434085696936, 0.4518280625343323, 0.014219232834875584]
Edge: 511, Vertices: [-0.3788788914680481, 0.1843329817056656, 0.1638561636209488], [-0.3753691613674164, 0.18403014540672302, 0.17206953465938568]
Edge: 512, Vertices: [-0.3633021116256714, 0.16573837399482727, 0.1697864830493927], [-0.3681555390357971, 0.16610722243785858, 0.15860185027122498]
Edge: 513, Vertices: [0.010550674982368946, 0.4337552487850189, 0.0030934372916817665], [0.01540409866720438, 0.4333863854408264, 0.014278065413236618]
Edge: 514, Vertices: [0.004680746700614691, 0.4516121745109558, 0.019532380625605583], [0.0024443434085696936, 0.4518280625343323, 0.014219232834875584]
Edge: 515, Vertices: [-0.3681555390357971, 0.16610722243785858, 0.15860185027122498], [-0.3725321590900421, 0.1668083220720291, 0.14723782241344452]
Edge: 516, Vertices: [0.01540409866720438, 0.4333863854408264, 0.014278065413236618], [0.019780730828642845, 0.43268531560897827, 0.025642091408371925]
Edge: 517, Vertices: [-0.3832555115222931, 0.18503408133983612, 0.15249213576316833], [-0.38645538687705994, 0.1858479380607605, 0.143138587474823]
Edge: 518, Vertices: [0.009057379327714443, 0.4509110748767853, 0.03089640662074089], [0.012868319638073444, 0.4499049782752991, 0.04216383397579193]
Edge: 519, Vertices: [-0.3871444761753082, 0.1860656887292862, 0.14097696542739868], [-0.38645538687705994, 0.1858479380607605, 0.143138587474823]
Edge: 520, Vertices: [-0.3725321590900421, 0.1668083220720291, 0.14723782241344452], [-0.37642112374305725, 0.167839914560318, 0.13572265207767487]
Edge: 521, Vertices: [0.019780730828642845, 0.43268531560897827, 0.025642091408371925], [0.023669688031077385, 0.4316537082195282, 0.03715726360678673]
Edge: 522, Vertices: [0.012946337461471558, 0.4498794674873352, 0.042411576956510544], [0.012868319638073444, 0.4499049782752991, 0.04216383397579193]
Edge: 523, Vertices: [0.014411290176212788, 0.44935622811317444, 0.04721630737185478], [0.012946337461471558, 0.4498794674873352, 0.042411576956510544]
Edge: 524, Vertices: [-0.3871444761753082, 0.1860656887292862, 0.14097696542739868], [-0.3905360996723175, 0.18742522597312927, 0.12933926284313202]
Edge: 525, Vertices: [-0.37642112374305725, 0.167839914560318, 0.13572265207767487], [-0.37981274724006653, 0.16919945180416107, 0.1240849494934082]
Edge: 526, Vertices: [0.023669688031077385, 0.4316537082195282, 0.03715726360678673], [0.027061305940151215, 0.4302941560745239, 0.04879496991634369]
Edge: 527, Vertices: [0.016337953507900238, 0.44851991534233093, 0.054049283266067505], [0.014411290176212788, 0.44935622811317444, 0.04721630737185478]
Edge: 528, Vertices: [0.016840508207678795, 0.4482687711715698, 0.05594610795378685], [0.016337953507900238, 0.44851991534233093, 0.054049283266067505]
Edge: 529, Vertices: [-0.3905360996723175, 0.18742522597312927, 0.12933926284313202], [-0.3934219181537628, 0.18910932540893555, 0.1176079735159874]
Edge: 530, Vertices: [-0.37981274724006653, 0.16919945180416107, 0.1240849494934082], [-0.38269856572151184, 0.17088356614112854, 0.11235366016626358]
Edge: 531, Vertices: [0.027061305940151215, 0.4302941560745239, 0.04879496991634369], [0.02994713746011257, 0.42861005663871765, 0.06052625924348831]
Edge: 532, Vertices: [0.019223785027861595, 0.44683581590652466, 0.06578057259321213], [0.016840508207678795, 0.4482687711715698, 0.05594610795378685]
Edge: 533, Vertices: [0.020088497549295425, 0.4461899697780609, 0.06978563219308853], [0.019223785027861595, 0.44683581590652466, 0.06578057259321213]
Edge: 534, Vertices: [-0.39557045698165894, 0.190888911485672, 0.10705023258924484], [-0.3934219181537628, 0.18910932540893555, 0.1176079735159874]
Edge: 535, Vertices: [-0.38269856572151184, 0.17088356614112854, 0.11235366016626358], [-0.38507145643234253, 0.17288804054260254, 0.10055793821811676]
Edge: 536, Vertices: [-0.39557045698165894, 0.190888911485672, 0.10705023258924484], [-0.3957948088645935, 0.19111379981040955, 0.10581225156784058]
Edge: 537, Vertices: [0.02994713746011257, 0.42861005663871765, 0.06052625924348831], [0.03232002630829811, 0.42660558223724365, 0.07232198119163513]
Edge: 538, Vertices: [0.021596673876047134, 0.44483134150505066, 0.07757629454135895], [0.020088497549295425, 0.4461899697780609, 0.06978563219308853]
Edge: 539, Vertices: [-0.38507145643234253, 0.17288804054260254, 0.10055793821811676], [-0.38692548871040344, 0.17520789802074432, 0.08872711658477783]
Edge: 540, Vertices: [0.03232002630829811, 0.42660558223724365, 0.07232198119163513], [0.03417406603693962, 0.4242857098579407, 0.08415280282497406]
Edge: 541, Vertices: [-0.3981543779373169, 0.19428272545337677, 0.09000455588102341], [-0.3976488411426544, 0.19343367218971252, 0.09398142993450165]
Edge: 542, Vertices: [0.023450715467333794, 0.4425114691257477, 0.08940711617469788], [0.024347538128495216, 0.44089624285697937, 0.09684019535779953]
Edge: 543, Vertices: [-0.39897942543029785, 0.19606316089630127, 0.08214492350816727], [-0.3981543779373169, 0.19428272545337677, 0.09000455588102341]
Edge: 544, Vertices: [-0.38692548871040344, 0.17520789802074432, 0.08872711658477783], [-0.3882560729980469, 0.17783740162849426, 0.07689061015844345]
Edge: 545, Vertices: [0.03417406603693962, 0.4242857098579407, 0.08415280282497406], [0.03550464287400246, 0.42165622115135193, 0.09598930925130844]
Edge: 546, Vertices: [0.02478129044175148, 0.43988198041915894, 0.10124362260103226], [0.024347538128495216, 0.44089624285697937, 0.09684019535779953]
Edge: 547, Vertices: [-0.3994390666484833, 0.19746193289756775, 0.07635491341352463], [-0.39897942543029785, 0.19606316089630127, 0.08214492350816727]
Edge: 548, Vertices: [0.025437645614147186, 0.43769264221191406, 0.11017736792564392], [0.02478129044175148, 0.43988198041915894, 0.10124362260103226]
Edge: 549, Vertices: [-0.3997832238674164, 0.19899573922157288, 0.07033215463161469], [-0.3994390666484833, 0.19746193289756775, 0.07635491341352463]
Edge: 550, Vertices: [-0.3882560729980469, 0.17783740162849426, 0.07689061015844345], [-0.3890598714351654, 0.18076997995376587, 0.06507784128189087]
Edge: 551, Vertices: [0.03550464287400246, 0.42165622115135193, 0.09598930925130844], [0.036308448761701584, 0.4187236428260803, 0.10780207812786102]
Edge: 552, Vertices: [0.025585098192095757, 0.43694940209388733, 0.11305639147758484], [0.025437645614147186, 0.43769264221191406, 0.11017736792564392]
Edge: 553, Vertices: [-0.40001869201660156, 0.20100310444831848, 0.06288865208625793], [-0.3997832238674164, 0.19899573922157288, 0.07033215463161469]
Edge: 554, Vertices: [-0.40003618597984314, 0.201324000954628, 0.061739783734083176], [-0.40001869201660156, 0.20100310444831848, 0.06288865208625793]
Edge: 555, Vertices: [0.025854799896478653, 0.4341367781162262, 0.12336306273937225], [0.025585098192095757, 0.43694940209388733, 0.11305639147758484]
Edge: 556, Vertices: [0.025859974324703217, 0.43376076221466064, 0.12467788904905319], [0.025854799896478653, 0.4341367781162262, 0.12336306273937225]
Edge: 557, Vertices: [-0.3890598714351654, 0.18076997995376587, 0.06507784128189087], [-0.38933491706848145, 0.18399834632873535, 0.05331818759441376]
Edge: 558, Vertices: [-0.40003618597984314, 0.201324000954628, 0.061739783734083176], [-0.4000582695007324, 0.20222412049770355, 0.05857250094413757]
Edge: 559, Vertices: [0.036308448761701584, 0.4187236428260803, 0.10780207812786102], [0.03658348321914673, 0.41549527645111084, 0.11956173181533813]
Edge: 560, Vertices: [0.025859974324703217, 0.43376076221466064, 0.12467788904905319], [0.0258601326495409, 0.43372103571891785, 0.12481604516506195]
Edge: 561, Vertices: [-0.4000582695007324, 0.20222412049770355, 0.05857250094413757], [-0.399911105632782, 0.20488974452018738, 0.049626514315605164]
Edge: 562, Vertices: [-0.39980387687683105, 0.20574025809764862, 0.046895191073417664], [-0.399911105632782, 0.20488974452018738, 0.049626514315605164]
Edge: 563, Vertices: [-0.38933491706848145, 0.18399834632873535, 0.05331818759441376], [-0.3890805244445801, 0.18751448392868042, 0.04164087772369385]
Edge: 564, Vertices: [0.03658348321914673, 0.41549527645111084, 0.11956173181533813], [0.036329079419374466, 0.41197913885116577, 0.13123904168605804]
Edge: 565, Vertices: [-0.39902064204216003, 0.2095354199409485, 0.03532925993204117], [-0.39980387687683105, 0.20574025809764862, 0.046895191073417664]
Edge: 566, Vertices: [-0.3890805244445801, 0.18751448392868042, 0.04164087772369385], [-0.38829728960990906, 0.19130966067314148, 0.030074944719672203]
Edge: 567, Vertices: [0.036329079419374466, 0.41197913885116577, 0.13123904168605804], [0.03554585203528404, 0.4081839621067047, 0.14280496537685394]
Edge: 568, Vertices: [0.024822501465678215, 0.4264097213745117, 0.14805929362773895], [0.02560572698712349, 0.4302048981189728, 0.13649335503578186]
Edge: 569, Vertices: [0.024716947227716446, 0.42602166533470154, 0.14918988943099976], [0.024822501465678215, 0.4264097213745117, 0.14805929362773895]
Edge: 570, Vertices: [-0.39771053194999695, 0.21360018849372864, 0.023903464898467064], [-0.39902064204216003, 0.2095354199409485, 0.03532925993204117]
Edge: 571, Vertices: [-0.38829728960990906, 0.19130966067314148, 0.030074944719672203], [-0.38698717951774597, 0.19537442922592163, 0.0186491496860981]
Edge: 572, Vertices: [0.03554585203528404, 0.4081839621067047, 0.14280496537685394], [0.034235741943120956, 0.40411919355392456, 0.1542307734489441]
Edge: 573, Vertices: [0.02351239137351513, 0.42234495282173157, 0.1594850867986679], [0.024716947227716446, 0.42602166533470154, 0.14918988943099976]
Edge: 574, Vertices: [-0.39769670367240906, 0.2136370837688446, 0.023803748190402985], [-0.39771053194999695, 0.21360018849372864, 0.023903464898467064]
Edge: 575, Vertices: [0.023182112723588943, 0.42148712277412415, 0.16178666055202484], [0.02351239137351513, 0.42234495282173157, 0.1594850867986679]
Edge: 576, Vertices: [-0.39587682485580444, 0.21792443096637726, 0.012646201997995377], [-0.39769670367240906, 0.2136370837688446, 0.023803748190402985]
Edge: 577, Vertices: [-0.38698717951774597, 0.19537442922592163, 0.0186491496860981], [-0.38515347242355347, 0.19969867169857025, 0.007391887716948986]
Edge: 578, Vertices: [0.034235741943120956, 0.40411919355392456, 0.1542307734489441], [0.03240203857421875, 0.39979493618011475, 0.16548803448677063]
Edge: 579, Vertices: [0.021678688004612923, 0.41802072525024414, 0.17074234783649445], [0.023182112723588943, 0.42148712277412415, 0.16178666055202484]
Edge: 580, Vertices: [0.021014979109168053, 0.41665002703666687, 0.17414233088493347], [0.021678688004612923, 0.41802072525024414, 0.17074234783649445]
Edge: 581, Vertices: [-0.39352405071258545, 0.22249741852283478, 0.0015854641096666455], [-0.39587682485580444, 0.21792443096637726, 0.012646201997995377]
Edge: 582, Vertices: [-0.38515347242355347, 0.19969867169857025, 0.007391887716948986], [-0.38280072808265686, 0.20427164435386658, -0.003668850287795067]
Edge: 583, Vertices: [0.03240203857421875, 0.39979493618011475, 0.16548803448677063], [0.0300492774695158, 0.3952219784259796, 0.1765487641096115]
Edge: 584, Vertices: [0.019325926899909973, 0.4134477376937866, 0.18180307745933533], [0.021014979109168053, 0.41665002703666687, 0.17414233088493347]
Edge: 585, Vertices: [-0.39291083812713623, 0.22358189523220062, -0.0009248003480024636], [-0.39352405071258545, 0.22249741852283478, 0.0015854641096666455]
Edge: 586, Vertices: [0.018223809078335762, 0.41152262687683105, 0.18623144924640656], [0.019325926899909973, 0.4134477376937866, 0.18180307745933533]
Edge: 587, Vertices: [-0.39065808057785034, 0.2273077666759491, -0.009251241572201252], [-0.39291083812713623, 0.22358189523220062, -0.0009248003480024636]
Edge: 588, Vertices: [-0.38280072808265686, 0.20427164435386658, -0.003668850287795067], [-0.37993472814559937, 0.2090820074081421, -0.014505555853247643]
Edge: 589, Vertices: [0.0300492774695158, 0.3952219784259796, 0.1765487641096115], [0.027183299884200096, 0.3904116153717041, 0.1873854696750641]
Edge: 590, Vertices: [0.01645994931459427, 0.4086373746395111, 0.1926397830247879], [0.018223809078335762, 0.41152262687683105, 0.18623144924640656]
Edge: 591, Vertices: [-0.3895855247974396, 0.2289685755968094, -0.012823197990655899], [-0.39065808057785034, 0.2273077666759491, -0.009251241572201252]
Edge: 592, Vertices: [0.01481679081916809, 0.40611720085144043, 0.19802813231945038], [0.01645994931459427, 0.4086373746395111, 0.1926397830247879]
Edge: 593, Vertices: [-0.3872860372066498, 0.23234352469444275, -0.019836990162730217], [-0.3895855247974396, 0.2289685755968094, -0.012823197990655899]
Edge: 594, Vertices: [-0.3765626847743988, 0.21411775052547455, -0.025091305375099182], [-0.37269294261932373, 0.2193664014339447, -0.03539976477622986]
Edge: 595, Vertices: [-0.37993472814559937, 0.2090820074081421, -0.014505555853247643], [-0.3765626847743988, 0.21411775052547455, -0.025091305375099182]
Edge: 596, Vertices: [0.027183299884200096, 0.3904116153717041, 0.1873854696750641], [0.023811258375644684, 0.38537585735321045, 0.19797122478485107]
Edge: 597, Vertices: [0.013087906874716282, 0.40360161662101746, 0.2032255381345749], [0.01481679081916809, 0.40611720085144043, 0.19802813231945038]
Edge: 598, Vertices: [-0.3856552541255951, 0.23461230099201202, -0.024378512054681778], [-0.3834162950515747, 0.2375921607017517, -0.030145449563860893]
Edge: 599, Vertices: [-0.3856552541255951, 0.23461230099201202, -0.024378512054681778], [-0.3872860372066498, 0.23234352469444275, -0.019836990162730217]
Edge: 600, Vertices: [0.01080252043902874, 0.40044668316841125, 0.20950499176979065], [0.013087906874716282, 0.40360161662101746, 0.2032255381345749]
Edge: 601, Vertices: [0.015583689324557781, 0.37467873096466064, 0.2182852327823639], [0.019941510632634163, 0.3801272213459015, 0.20827968418598175]
Edge: 602, Vertices: [0.023811258375644684, 0.38537585735321045, 0.19797122478485107], [0.019941510632634163, 0.3801272213459015, 0.20827968418598175]
Edge: 603, Vertices: [0.006824539974331856, 0.39530977606773376, 0.21920493245124817], [0.009218158200383186, 0.3983529806137085, 0.21353399753570557]
Edge: 604, Vertices: [0.009218158200383186, 0.3983529806137085, 0.21353399753570557], [0.01080252043902874, 0.40044668316841125, 0.20950499176979065]
