Edge: 0, Vertices: [0.5359863042831421, -0.04737111181020737, -0.16979312896728516], [0.5357879400253296, -0.047793783247470856, -0.17048165202140808]
Edge: 1, Vertices: [0.5357879400253296, -0.047793783247470856, -0.17048165202140808], [0.5355685949325562, -0.04818383976817131, -0.17118293046951294]
Edge: 2, Vertices: [0.5341779589653015, -0.04961463063955307, -0.17482127249240875], [0.5338456630706787, -0.04979206621646881, -0.1755630224943161]
Edge: 3, Vertices: [0.5338456630706787, -0.04979206621646881, -0.1755630224943161], [0.533497154712677, -0.04993203282356262, -0.17630532383918762]
Edge: 4, Vertices: [0.533497154712677, -0.04993203282356262, -0.17630532383918762], [0.5331332087516785, -0.05003424361348152, -0.17704638838768005]
Edge: 5, Vertices: [0.2801958918571472, 0.39922359585762024, -0.2885954678058624], [0.3763936460018158, 0.4104771018028259, -0.10494259744882584]
Edge: 6, Vertices: [0.3763936460018158, 0.4104771018028259, -0.10494259744882584], [0.5349450707435608, -0.03332952409982681, -0.16079750657081604]
Edge: 7, Vertices: [0.5331332087516785, -0.05003424361348152, -0.17704638838768005], [0.5327547192573547, -0.05009840056300163, -0.17778439819812775]
Edge: 8, Vertices: [0.5327547192573547, -0.05009840056300163, -0.17778439819812775], [0.4444098472595215, -0.060433242470026016, -0.3464452028274536]
Edge: 9, Vertices: [0.4444098472595215, -0.060433242470026016, -0.3464452028274536], [0.2801958918571472, 0.39922359585762024, -0.2885954678058624]
Edge: 10, Vertices: [0.536318302154541, -0.04643196985125542, -0.16846106946468353], [0.5361632704734802, -0.04691680520772934, -0.16911906003952026]
Edge: 11, Vertices: [0.5361632704734802, -0.04691680520772934, -0.16911906003952026], [0.5359863042831421, -0.04737111181020737, -0.16979312896728516]
Edge: 12, Vertices: [0.5367728471755981, -0.0429522804915905, -0.1649361550807953], [0.5367547869682312, -0.04359332472085953, -0.1654660552740097]
Edge: 13, Vertices: [0.5367675423622131, -0.04229024797677994, -0.16443239152431488], [0.5367728471755981, -0.0429522804915905, -0.1649361550807953]
Edge: 14, Vertices: [0.5364512205123901, -0.045917801558971405, -0.1678207367658615], [0.536318302154541, -0.04643196985125542, -0.16846106946468353]
Edge: 15, Vertices: [0.5367547869682312, -0.04359332472085953, -0.1654660552740097], [0.5367134809494019, -0.044211868196725845, -0.16602082550525665]
Edge: 16, Vertices: [0.5350692868232727, -0.04886239394545555, -0.1726171225309372], [0.5347904562950134, -0.04914924129843712, -0.17334653437137604]
Edge: 17, Vertices: [0.5366489887237549, -0.044806383550167084, -0.16659913957118988], [0.5365614891052246, -0.04537550359964371, -0.16719958186149597]
Edge: 18, Vertices: [0.5367134809494019, -0.044211868196725845, -0.16602082550525665], [0.5366489887237549, -0.044806383550167084, -0.16659913957118988]
Edge: 19, Vertices: [0.5365614891052246, -0.04537550359964371, -0.16719958186149597], [0.5364512205123901, -0.045917801558971405, -0.1678207367658615]
Edge: 20, Vertices: [0.5355685949325562, -0.04818383976817131, -0.17118293046951294], [0.5353288650512695, -0.048540323972702026, -0.1718953400850296]
Edge: 21, Vertices: [0.5366121530532837, -0.04019457846879959, -0.1630898118019104], [0.5366870760917664, -0.04090975970029831, -0.1635081171989441]
Edge: 22, Vertices: [0.5365142226219177, -0.03946506604552269, -0.16270211338996887], [0.5366121530532837, -0.04019457846879959, -0.1630898118019104]
Edge: 23, Vertices: [0.5353288650512695, -0.048540323972702026, -0.1718953400850296], [0.5350692868232727, -0.04886239394545555, -0.1726171225309372]
Edge: 24, Vertices: [0.536738932132721, -0.04160885512828827, -0.16395600140094757], [0.5367675423622131, -0.04229024797677994, -0.16443239152431488]
Edge: 25, Vertices: [0.5366870760917664, -0.04090975970029831, -0.1635081171989441], [0.536738932132721, -0.04160885512828827, -0.16395600140094757]
Edge: 26, Vertices: [0.5349450707435608, -0.03332952409982681, -0.16079750657081604], [0.5352134108543396, -0.034108374267816544, -0.16091345250606537]
Edge: 27, Vertices: [0.5360856056213379, -0.037208352237939835, -0.1617315113544464], [0.536250650882721, -0.03797014802694321, -0.16202212870121002]
Edge: 28, Vertices: [0.5356909036636353, -0.035665180534124374, -0.1612524837255478], [0.5358988642692566, -0.03643940016627312, -0.16147474944591522]
Edge: 29, Vertices: [0.5358988642692566, -0.03643940016627312, -0.16147474944591522], [0.5360856056213379, -0.037208352237939835, -0.1617315113544464]
Edge: 30, Vertices: [0.536250650882721, -0.03797014802694321, -0.16202212870121002], [0.5363936424255371, -0.038723018020391464, -0.16234591603279114]
Edge: 31, Vertices: [0.5363936424255371, -0.038723018020391464, -0.16234591603279114], [0.5365142226219177, -0.03946506604552269, -0.16270211338996887]
Edge: 32, Vertices: [0.534493088722229, -0.049400173127651215, -0.17408183217048645], [0.5341779589653015, -0.04961463063955307, -0.17482127249240875]
Edge: 33, Vertices: [0.5347904562950134, -0.04914924129843712, -0.17334653437137604], [0.534493088722229, -0.049400173127651215, -0.17408183217048645]
Edge: 34, Vertices: [0.5352134108543396, -0.034108374267816544, -0.16091345250606537], [0.5354622602462769, -0.034887537360191345, -0.1610652208328247]
Edge: 35, Vertices: [0.5354622602462769, -0.034887537360191345, -0.1610652208328247], [0.5356909036636353, -0.035665180534124374, -0.1612524837255478]
Edge: 36, Vertices: [0.2801958918571472, 0.39922359585762024, -0.2885954678058624], [-0.5406075716018677, 0.04917974770069122, 0.16279232501983643]
Edge: 37, Vertices: [-0.4444098472595215, 0.060433242470026016, 0.3464452028274536], [0.3763936460018158, 0.4104771018028259, -0.10494259744882584]
Edge: 38, Vertices: [-0.5406075716018677, 0.04917974770069122, 0.16279232501983643], [-0.4444098472595215, 0.060433242470026016, 0.3464452028274536]
Edge: 39, Vertices: [-0.28403064608573914, -0.3929961323738098, 0.28645163774490356], [-0.2840486764907837, -0.39363718032836914, 0.28592172265052795]
Edge: 40, Vertices: [-0.28403595089912415, -0.39233410358428955, 0.2869553864002228], [-0.28403064608573914, -0.3929961323738098, 0.28645163774490356]
Edge: 41, Vertices: [-0.2848171889781952, -0.3974149525165558, 0.2815946638584137], [-0.2850155830383301, -0.39783763885498047, 0.28090614080429077]
Edge: 42, Vertices: [-0.2850155830383301, -0.39783763885498047, 0.28090614080429077], [-0.28523489832878113, -0.3982276916503906, 0.2802048623561859]
Edge: 43, Vertices: [-0.28662556409835815, -0.3996584713459015, 0.2765665352344513], [-0.2869578003883362, -0.3998359143733978, 0.27582478523254395]
Edge: 44, Vertices: [-0.2841913402080536, -0.3902384340763092, 0.28829798102378845], [-0.28411638736724854, -0.39095360040664673, 0.28787967562675476]
Edge: 45, Vertices: [-0.2840486764907837, -0.39363718032836914, 0.28592172265052795], [-0.28408998250961304, -0.39425572752952576, 0.285366952419281]
Edge: 46, Vertices: [-0.2869578003883362, -0.3998359143733978, 0.27582478523254395], [-0.2873063087463379, -0.39997589588165283, 0.27508246898651123]
Edge: 47, Vertices: [-0.28428924083709717, -0.3895089328289032, 0.28868567943573], [-0.2841913402080536, -0.3902384340763092, 0.28829798102378845]
Edge: 48, Vertices: [-0.2873063087463379, -0.39997589588165283, 0.27508246898651123], [-0.2876702547073364, -0.40007808804512024, 0.2743414044380188]
Edge: 49, Vertices: [-0.3763936460018158, -0.4104771018028259, 0.10494259744882584], [0.4444098472595215, -0.060433242470026016, -0.3464452028274536]
Edge: 50, Vertices: [-0.3763936460018158, -0.4104771018028259, 0.10494259744882584], [-0.5406075716018677, 0.04917974770069122, 0.16279232501983643]
Edge: 51, Vertices: [-0.2858584225177765, -0.3833733797073364, 0.2905902862548828], [-0.4444098472595215, 0.060433242470026016, 0.3464452028274536]
Edge: 52, Vertices: [-0.2876702547073364, -0.40007808804512024, 0.2743414044380188], [-0.28804877400398254, -0.40014225244522095, 0.2736033797264099]
Edge: 53, Vertices: [-0.28804877400398254, -0.40014225244522095, 0.2736033797264099], [-0.3763936460018158, -0.4104771018028259, 0.10494259744882584]
Edge: 54, Vertices: [-0.28406456112861633, -0.3916527032852173, 0.2874318063259125], [-0.28403595089912415, -0.39233410358428955, 0.2869553864002228]
Edge: 55, Vertices: [-0.28411638736724854, -0.39095360040664673, 0.28787967562675476], [-0.28406456112861633, -0.3916527032852173, 0.2874318063259125]
Edge: 56, Vertices: [-0.2858584225177765, -0.3833733797073364, 0.2905902862548828], [-0.2855900526046753, -0.38415223360061646, 0.2904743254184723]
Edge: 57, Vertices: [-0.2847178876399994, -0.38725221157073975, 0.28965628147125244], [-0.28455284237861633, -0.3880139887332916, 0.28936567902565]
Edge: 58, Vertices: [-0.28408998250961304, -0.39425572752952576, 0.285366952419281], [-0.28415447473526, -0.3948502242565155, 0.28478866815567017]
Edge: 59, Vertices: [-0.2844851613044739, -0.39647582173347473, 0.2829267084598541], [-0.28464025259017944, -0.39696064591407776, 0.2822687327861786]
Edge: 60, Vertices: [-0.28464025259017944, -0.39696064591407776, 0.2822687327861786], [-0.2848171889781952, -0.3974149525165558, 0.2815946638584137]
Edge: 61, Vertices: [-0.28435230255126953, -0.3959616422653198, 0.28356704115867615], [-0.2844851613044739, -0.39647582173347473, 0.2829267084598541]
Edge: 62, Vertices: [-0.28511255979537964, -0.3857090473175049, 0.29013532400131226], [-0.2849046289920807, -0.38648325204849243, 0.28991302847862244]
Edge: 63, Vertices: [-0.2849046289920807, -0.38648325204849243, 0.28991302847862244], [-0.2847178876399994, -0.38725221157073975, 0.28965628147125244]
Edge: 64, Vertices: [-0.28573423624038696, -0.39890626072883606, 0.27877065539360046], [-0.28601300716400146, -0.3991931080818176, 0.278041273355484]
Edge: 65, Vertices: [-0.28415447473526, -0.3948502242565155, 0.28478866815567017], [-0.2842419743537903, -0.3954193592071533, 0.2841882109642029]
Edge: 66, Vertices: [-0.2842419743537903, -0.3954193592071533, 0.2841882109642029], [-0.28435230255126953, -0.3959616422653198, 0.28356704115867615]
Edge: 67, Vertices: [-0.28523489832878113, -0.3982276916503906, 0.2802048623561859], [-0.28547462821006775, -0.39858418703079224, 0.27949243783950806]
Edge: 68, Vertices: [-0.28547462821006775, -0.39858418703079224, 0.27949243783950806], [-0.28573423624038696, -0.39890626072883606, 0.27877065539360046]
Edge: 69, Vertices: [-0.28455284237861633, -0.3880139887332916, 0.28936567902565], [-0.2844098210334778, -0.388766884803772, 0.2890418767929077]
Edge: 70, Vertices: [-0.2844098210334778, -0.388766884803772, 0.2890418767929077], [-0.28428924083709717, -0.3895089328289032, 0.28868567943573]
Edge: 71, Vertices: [-0.2863103747367859, -0.39944401383399963, 0.2773059606552124], [-0.28662556409835815, -0.3996584713459015, 0.2765665352344513]
Edge: 72, Vertices: [-0.28601300716400146, -0.3991931080818176, 0.278041273355484], [-0.2863103747367859, -0.39944401383399963, 0.2773059606552124]
Edge: 73, Vertices: [-0.2855900526046753, -0.38415223360061646, 0.2904743254184723], [-0.2853412330150604, -0.38493138551712036, 0.29032257199287415]
Edge: 74, Vertices: [-0.2853412330150604, -0.38493138551712036, 0.29032257199287415], [-0.28511255979537964, -0.3857090473175049, 0.29013532400131226]
