Edge: 0, Vertices: [0.23119401931762695, -0.30581027269363403, 0.37173330783843994], [0.24165087938308716, -0.28528881072998047, 0.38127604126930237]
Edge: 1, Vertices: [-0.0027625137008726597, -0.08284486830234528, -0.5275275707244873], [-0.00948777049779892, -0.10645715892314911, -0.5231950879096985]
Edge: 2, Vertices: [0.21979427337646484, 0.04708827659487724, -0.015950744971632957], [0.22070887684822083, 0.04426289349794388, -0.010471061803400517]
Edge: 3, Vertices: [0.20199905335903168, 0.0597599558532238, -0.08003989607095718], [0.2041311413049698, 0.060061804950237274, -0.07419102638959885]
Edge: 4, Vertices: [0.29429468512535095, 0.4125440716743469, -0.1683872789144516], [0.2851176857948303, 0.40898793935775757, -0.19129307568073273]
Edge: 5, Vertices: [0.3837425112724304, 0.32729846239089966, 0.1754242181777954], [0.38113468885421753, 0.34061580896377563, 0.15451042354106903]
Edge: 6, Vertices: [0.12226668000221252, -0.07645988464355469, -0.17316465079784393], [0.12383750826120377, -0.07058653980493546, -0.17453670501708984]
Edge: 7, Vertices: [0.18135464191436768, -0.1254015564918518, 0.04654242843389511], [0.18400795757770538, -0.12042482197284698, 0.049195390194654465]
Edge: 8, Vertices: [0.1989908516407013, -0.36349114775657654, 0.3367982804775238], [0.20983746647834778, -0.34496012330055237, 0.3494667708873749]
Edge: 9, Vertices: [-0.02159680426120758, -0.15326659381389618, -0.5110765099525452], [-0.026950469240546227, -0.17634737491607666, -0.5033205151557922]
Edge: 10, Vertices: [0.27182528376579285, -0.22055430710315704, 0.40326550602912903], [0.2814013659954071, -0.19809827208518982, 0.40832170844078064]
Edge: 11, Vertices: [0.02820809930562973, 0.011617880314588547, -0.5331281423568726], [0.01989256590604782, -0.01188222412019968, -0.5334972739219666]
Edge: 12, Vertices: [0.21875159442424774, 0.049650829285383224, -0.021535757929086685], [0.21979427337646484, 0.04708827659487724, -0.015950744971632957]
Edge: 13, Vertices: [0.21758343279361725, 0.051944173872470856, -0.02721221372485161], [0.21875159442424774, 0.049650829285383224, -0.021535757929086685]
Edge: 14, Vertices: [0.2061741054058075, 0.06006857007741928, -0.0683026909828186], [0.2081228494644165, 0.05978022888302803, -0.06238953024148941]
Edge: 15, Vertices: [0.2041311413049698, 0.060061804950237274, -0.07419102638959885], [0.2061741054058075, 0.06006857007741928, -0.0683026909828186]
Edge: 16, Vertices: [0.12730644643306732, -0.05876535177230835, -0.17641131579875946], [0.1291959285736084, -0.052846889942884445, -0.1769092082977295]
Edge: 17, Vertices: [0.19170740246772766, -0.1046241968870163, 0.05552750080823898], [0.18919077515602112, -0.11002320796251297, 0.05369352176785469]
Edge: 18, Vertices: [0.17157085239887238, 0.034113965928554535, -0.14205962419509888], [0.1743098348379135, 0.03769395872950554, -0.13775521516799927]
Edge: 19, Vertices: [0.2219027876853943, -0.001726575312204659, 0.03920995071530342], [0.22119823098182678, -0.006991646718233824, 0.04247014597058296]
Edge: 20, Vertices: [0.3858146667480469, 0.31302163004875183, 0.19575689733028412], [0.3837425112724304, 0.32729846239089966, 0.1754242181777954]
Edge: 21, Vertices: [0.2851176857948303, 0.40898793935775757, -0.19129307568073273], [0.2756502032279968, 0.4042692184448242, -0.21386829018592834]
Edge: 22, Vertices: [-0.026950469240546227, -0.17634737491607666, -0.5033205151557922], [-0.031818754971027374, -0.19913548231124878, -0.4944581687450409]
Edge: 23, Vertices: [0.18806788325309753, -0.38126426935195923, 0.3231474757194519], [0.1989908516407013, -0.36349114775657654, 0.3367982804775238]
Edge: 24, Vertices: [0.18135464191436768, -0.1254015564918518, 0.04654242843389511], [0.178668811917305, -0.13021227717399597, 0.0436287559568882]
Edge: 25, Vertices: [0.12226668000221252, -0.07645988464355469, -0.17316465079784393], [0.12081024795770645, -0.08228890597820282, -0.1715070605278015]
Edge: 26, Vertices: [0.19416576623916626, -0.09911082684993744, 0.057078439742326736], [0.19170740246772766, -0.1046241968870163, 0.05552750080823898]
Edge: 27, Vertices: [0.1291959285736084, -0.052846889942884445, -0.1769092082977295], [0.13118259608745575, -0.046942807734012604, -0.17711226642131805]
Edge: 28, Vertices: [0.3603329658508301, 0.39173951745033264, 0.043087735772132874], [0.3546925485134125, 0.39869362115859985, 0.019820477813482285]
Edge: 29, Vertices: [0.3654959201812744, 0.38366571068763733, 0.06610289216041565], [0.3603329658508301, 0.39173951745033264, 0.043087735772132874]
Edge: 30, Vertices: [0.34203651547431946, 0.40917640924453735, -0.02723851054906845], [0.33505237102508545, 0.4126790463924408, -0.050913237035274506]
Edge: 31, Vertices: [0.33505237102508545, 0.4126790463924408, -0.050913237035274506], [0.3276536166667938, 0.41500991582870483, -0.07460637390613556]
Edge: 32, Vertices: [0.30315840244293213, 0.4149288535118103, -0.14520782232284546], [0.29429468512535095, 0.4125440716743469, -0.1683872789144516]
Edge: 33, Vertices: [0.31168678402900696, 0.416136234998703, -0.12181234359741211], [0.30315840244293213, 0.4149288535118103, -0.14520782232284546]
Edge: 34, Vertices: [0.38113468885421753, 0.34061580896377563, 0.15451042354106903], [0.3779976963996887, 0.3529405891895294, 0.13306750357151031]
Edge: 35, Vertices: [0.3779976963996887, 0.3529405891895294, 0.13306750357151031], [0.3743392825126648, 0.3642421066761017, 0.11114876717329025]
Edge: 36, Vertices: [0.37274810671806335, 0.10431493073701859, 0.3678770065307617], [0.37661057710647583, 0.12634862959384918, 0.3568708002567291]
Edge: 37, Vertices: [0.1704569011926651, 0.29710260033607483, -0.40967151522636414], [0.1594628244638443, 0.28097590804100037, -0.4251827895641327]
Edge: 38, Vertices: [0.26199179887771606, -0.24260775744915009, 0.3970617651939392], [0.27182528376579285, -0.22055430710315704, 0.40326550602912903]
Edge: 39, Vertices: [0.01989256590604782, -0.01188222412019968, -0.5334972739219666], [0.011945937760174274, -0.03549854829907417, -0.5326851010322571]
Edge: 40, Vertices: [0.14415700733661652, -0.4439241886138916, 0.25943461060523987], [0.15511295199394226, -0.4296042323112488, 0.2766522169113159]
Edge: 41, Vertices: [-0.04339658096432686, -0.2651817798614502, -0.46146684885025024], [-0.046214841306209564, -0.2862420678138733, -0.4484260678291321]
Edge: 42, Vertices: [0.3886636793613434, 0.2470632940530777, 0.27028968930244446], [0.38877227902412415, 0.2648006081581116, 0.25277069211006165]
Edge: 43, Vertices: [0.2457435131072998, 0.38326919078826904, -0.2790539860725403], [0.23535580933094025, 0.3740459084510803, -0.29975584149360657]
Edge: 44, Vertices: [0.38800719380378723, 0.2285659909248352, 0.2869917154312134], [0.3886636793613434, 0.2470632940530777, 0.27028968930244446]
Edge: 45, Vertices: [0.23535580933094025, 0.3740459084510803, -0.29975584149360657], [0.22480136156082153, 0.36374691128730774, -0.3198574185371399]
Edge: 46, Vertices: [0.3873459994792938, 0.2978208065032959, 0.21545788645744324], [0.3858146667480469, 0.31302163004875183, 0.19575689733028412]
Edge: 47, Vertices: [0.2756502032279968, 0.4042692184448242, -0.21386829018592834], [0.26591578125953674, 0.39839962124824524, -0.23605675995349884]
Edge: 48, Vertices: [0.12483995407819748, -0.1755811870098114, -0.06608693301677704], [0.12320191413164139, -0.1744147688150406, -0.07198630273342133]
Edge: 49, Vertices: [0.12658599019050598, -0.17645685374736786, -0.060168251395225525], [0.12483995407819748, -0.1755811870098114, -0.06608693301677704]
Edge: 50, Vertices: [0.12167594581842422, -0.17296048998832703, -0.07785168290138245], [0.12026584148406982, -0.17122197151184082, -0.08366849273443222]
Edge: 51, Vertices: [0.12320191413164139, -0.1744147688150406, -0.07198630273342133], [0.12167594581842422, -0.17296048998832703, -0.07785168290138245]
Edge: 52, Vertices: [0.13999874889850616, -0.023762520402669907, -0.17497698962688446], [0.13767503201961517, -0.029463212937116623, -0.1759510040283203]
Edge: 53, Vertices: [0.20329706370830536, -0.07619155943393707, 0.06038546934723854], [0.20113112032413483, -0.08202292025089264, 0.05999806150794029]
Edge: 54, Vertices: [0.11506541073322296, -0.15844103693962097, -0.11152416467666626], [0.11441345512866974, -0.15511170029640198, -0.11675261706113815]
Edge: 55, Vertices: [0.13906966149806976, -0.17553406953811646, -0.02507329173386097], [0.1367754191160202, -0.1764231026172638, -0.0307997427880764]
Edge: 56, Vertices: [0.3485886752605438, 0.4045107364654541, -0.003641050774604082], [0.34203651547431946, 0.40917640924453735, -0.02723851054906845]
Edge: 57, Vertices: [0.3546925485134125, 0.39869362115859985, 0.019820477813482285], [0.3485886752605438, 0.4045107364654541, -0.003641050774604082]
Edge: 58, Vertices: [0.20199905335903168, 0.0597599558532238, -0.08003989607095718], [0.1997831165790558, 0.05916376784443855, -0.08583475649356842]
Edge: 59, Vertices: [0.22149312496185303, 0.04118169844150543, -0.005110332742333412], [0.22070887684822083, 0.04426289349794388, -0.010471061803400517]
Edge: 60, Vertices: [-0.015771077945828438, -0.12995052337646484, -0.5177068710327148], [-0.02159680426120758, -0.15326659381389618, -0.5110765099525452]
Edge: 61, Vertices: [-0.00948777049779892, -0.10645715892314911, -0.5231950879096985], [-0.015771077945828438, -0.12995052337646484, -0.5177068710327148]
Edge: 62, Vertices: [0.20983746647834778, -0.34496012330055237, 0.3494667708873749], [0.22058077156543732, -0.32571718096733093, 0.36112144589424133]
Edge: 63, Vertices: [0.22058077156543732, -0.32571718096733093, 0.36112144589424133], [0.23119401931762695, -0.30581027269363403, 0.37173330783843994]
Edge: 64, Vertices: [0.11947183310985565, -0.08805909752845764, -0.16956806182861328], [0.11825475841760635, -0.09375612437725067, -0.16735248267650604]
Edge: 65, Vertices: [0.12081024795770645, -0.08228890597820282, -0.1715070605278015], [0.11947183310985565, -0.08805909752845764, -0.16956806182861328]
Edge: 66, Vertices: [0.17595715820789337, -0.1348450481891632, 0.04046163335442543], [0.17322641611099243, -0.13928832113742828, 0.037048932164907455]
Edge: 67, Vertices: [0.17595715820789337, -0.1348450481891632, 0.04046163335442543], [0.178668811917305, -0.13021227717399597, 0.0436287559568882]
Edge: 68, Vertices: [0.13326147198677063, -0.041067782789468765, -0.17701996862888336], [0.13118259608745575, -0.046942807734012604, -0.17711226642131805]
Edge: 69, Vertices: [0.19416576623916626, -0.09911082684993744, 0.057078439742326736], [0.19655978679656982, -0.09349682182073593, 0.05834249034523964]
Edge: 70, Vertices: [0.03687187656760216, 0.034943338483572006, -0.5315784811973572], [0.02820809930562973, 0.011617880314588547, -0.5331281423568726]
Edge: 71, Vertices: [0.0458623543381691, 0.058036159723997116, -0.5288522839546204], [0.03687187656760216, 0.034943338483572006, -0.5315784811973572]
Edge: 72, Vertices: [0.2814013659954071, -0.19809827208518982, 0.40832170844078064], [0.2906961739063263, -0.17529550194740295, 0.41221776604652405]
Edge: 73, Vertices: [0.2906961739063263, -0.17529550194740295, 0.41221776604652405], [0.2996866703033447, -0.15220268070697784, 0.41494399309158325]
Edge: 74, Vertices: [0.21629269421100616, 0.053962625563144684, -0.0329660028219223], [0.21758343279361725, 0.051944173872470856, -0.02721221372485161]
Edge: 75, Vertices: [0.21629269421100616, 0.053962625563144684, -0.0329660028219223], [0.21488258242607117, 0.05570115149021149, -0.038782816380262375]
Edge: 76, Vertices: [0.20997254550457, 0.05919750779867172, -0.056466247886419296], [0.2081228494644165, 0.05978022888302803, -0.06238953024148941]
Edge: 77, Vertices: [0.2117185741662979, 0.05832185223698616, -0.05054756626486778], [0.20997254550457, 0.05919750779867172, -0.056466247886419296]
Edge: 78, Vertices: [0.07064276933670044, -0.515658974647522, 0.11942225694656372], [0.0806199312210083, -0.5086531639099121, 0.14116883277893066]
Edge: 79, Vertices: [-0.05177414044737816, -0.3989931344985962, -0.3511127531528473], [-0.05078745633363724, -0.41508015990257263, -0.33209240436553955]
Edge: 80, Vertices: [0.22321125864982605, 0.01316924300044775, 0.028009993955492973], [0.2233753800392151, 0.017793569713830948, 0.023834481835365295]
Edge: 81, Vertices: [0.22321125864982605, 0.01316924300044775, 0.028009993955492973], [0.2229105532169342, 0.008366413414478302, 0.031970880925655365]
Edge: 82, Vertices: [0.18240979313850403, 0.04696447774767876, -0.12370229512453079], [0.1850484013557434, 0.049539219588041306, -0.11867689341306686]
Edge: 83, Vertices: [0.17973604798316956, 0.0441272109746933, -0.12856513261795044], [0.18240979313850403, 0.04696447774767876, -0.12370229512453079]
Edge: 84, Vertices: [0.3701685667037964, 0.374492347240448, 0.08880872279405594], [0.3654959201812744, 0.38366571068763733, 0.06610289216041565]
Edge: 85, Vertices: [0.3743392825126648, 0.3642421066761017, 0.11114876717329025], [0.3701685667037964, 0.374492347240448, 0.08880872279405594]
Edge: 86, Vertices: [0.3276536166667938, 0.41500991582870483, -0.07460637390613556], [0.3198586106300354, 0.41616329550743103, -0.09825900197029114]
Edge: 87, Vertices: [0.3198586106300354, 0.41616329550743103, -0.09825900197029114], [0.31168678402900696, 0.416136234998703, -0.12181234359741211]
Edge: 88, Vertices: [0.19268839061260223, 0.05562765523791313, -0.10275212675333023], [0.19512200355529785, 0.05709504708647728, -0.09720500558614731]
Edge: 89, Vertices: [0.19019410014152527, 0.05387619882822037, -0.10818877071142197], [0.19268839061260223, 0.05562765523791313, -0.10275212675333023]
Edge: 90, Vertices: [0.2230459451675415, 0.030482949689030647, 0.010126535780727863], [0.22329261898994446, 0.026461197063326836, 0.014881623908877373]
Edge: 91, Vertices: [0.2230459451675415, 0.030482949689030647, 0.010126535780727863], [0.22266311943531036, 0.03428315371274948, 0.00520128570497036]
Edge: 92, Vertices: [0.11175717413425446, -0.4810062646865845, 0.20322293043136597], [0.12245214730501175, -0.46965718269348145, 0.22267429530620575]
Edge: 93, Vertices: [-0.050245899707078934, -0.32661399245262146, -0.41946977376937866], [-0.051448673009872437, -0.34582531452178955, -0.4036262333393097]
Edge: 94, Vertices: [0.19888348877429962, -0.08779612928628922, 0.05931650474667549], [0.20113112032413483, -0.08202292025089264, 0.05999806150794029]
Edge: 95, Vertices: [0.19888348877429962, -0.08779612928628922, 0.05931650474667549], [0.19655978679656982, -0.09349682182073593, 0.05834249034523964]
Edge: 96, Vertices: [0.13542741537094116, -0.0352364182472229, -0.1766325682401657], [0.13767503201961517, -0.029463212937116623, -0.1759510040283203]
Edge: 97, Vertices: [0.13542741537094116, -0.0352364182472229, -0.1766325682401657], [0.13326147198677063, -0.041067782789468765, -0.17701996862888336]
Edge: 98, Vertices: [0.0806199312210083, -0.5086531639099121, 0.14116883277893066], [0.09081502258777618, -0.5005285143852234, 0.16241948306560516]
Edge: 99, Vertices: [-0.052213750779628754, -0.3820599615573883, -0.36940518021583557], [-0.05177414044737816, -0.3989931344985962, -0.3511127531528473]
Edge: 100, Vertices: [0.38277336955070496, 0.16898271441459656, 0.33179154992103577], [0.38505837321281433, 0.1894771009683609, 0.31778091192245483]
Edge: 101, Vertices: [0.20329749584197998, 0.3400269150733948, -0.3580615520477295], [0.19240152835845947, 0.32666483521461487, -0.3760691285133362]
Edge: 102, Vertices: [0.3246125876903534, -0.08176079392433167, 0.41605061292648315], [0.3321705460548401, -0.058086950331926346, 0.414059042930603]
Edge: 103, Vertices: [0.0846332237124443, 0.14694447815418243, -0.5063603520393372], [0.07456673681735992, 0.12534841895103455, -0.5136962532997131]
Edge: 104, Vertices: [0.15511295199394226, -0.4296042323112488, 0.2766522169113159], [0.1661016345024109, -0.41436195373535156, 0.2930370271205902]
Edge: 105, Vertices: [-0.04005204886198044, -0.24360796809196472, -0.47350528836250305], [-0.04339658096432686, -0.2651817798614502, -0.46146684885025024]
Edge: 106, Vertices: [0.1770957112312317, -0.3982352614402771, 0.3085482716560364], [0.18806788325309753, -0.38126426935195923, 0.3231474757194519]
Edge: 107, Vertices: [0.1661016345024109, -0.41436195373535156, 0.2930370271205902], [0.1770957112312317, -0.3982352614402771, 0.3085482716560364]
Edge: 108, Vertices: [-0.031818754971027374, -0.19913548231124878, -0.4944581687450409], [-0.03618956729769707, -0.22157427668571472, -0.48451149463653564]
Edge: 109, Vertices: [-0.03618956729769707, -0.22157427668571472, -0.48451149463653564], [-0.04005204886198044, -0.24360796809196472, -0.47350528836250305]
Edge: 110, Vertices: [0.14143653213977814, -0.17435438930988312, -0.019429491832852364], [0.13906966149806976, -0.17553406953811646, -0.02507329173386097]
Edge: 111, Vertices: [0.14143653213977814, -0.17435438930988312, -0.019429491832852364], [0.14387014508247375, -0.17288699746131897, -0.013882373459637165]
Edge: 112, Vertices: [0.11389541625976562, -0.15154249966144562, -0.12183578312397003], [0.11351258307695389, -0.14774228632450104, -0.1267610341310501]
Edge: 113, Vertices: [0.11441345512866974, -0.15511170029640198, -0.11675261706113815], [0.11389541625976562, -0.15154249966144562, -0.12183578312397003]
Edge: 114, Vertices: [0.004387983120977879, -0.05917239189147949, -0.530693531036377], [-0.0027625137008726597, -0.08284486830234528, -0.5275275707244873]
Edge: 115, Vertices: [0.011945937760174274, -0.03549854829907417, -0.5326851010322571], [0.004387983120977879, -0.05917239189147949, -0.530693531036377]
Edge: 116, Vertices: [0.24165087938308716, -0.28528881072998047, 0.38127604126930237], [0.2519253194332123, -0.264203816652298, 0.38972583413124084]
Edge: 117, Vertices: [0.2519253194332123, -0.264203816652298, 0.38972583413124084], [0.26199179887771606, -0.24260775744915009, 0.3970617651939392]
Edge: 118, Vertices: [0.20537593960762024, -0.07031653076410294, 0.060477759689092636], [0.20329706370830536, -0.07619155943393707, 0.06038546934723854]
Edge: 119, Vertices: [0.13999874889850616, -0.023762520402669907, -0.17497698962688446], [0.14239275455474854, -0.01814851351082325, -0.17371293902397156]
Edge: 120, Vertices: [0.12245214730501175, -0.46965718269348145, 0.22267429530620575], [0.133261039853096, -0.4572862386703491, 0.24142704904079437]
Edge: 121, Vertices: [0.133261039853096, -0.4572862386703491, 0.24142704904079437], [0.14415700733661652, -0.4439241886138916, 0.25943461060523987]
Edge: 122, Vertices: [-0.04849984124302864, -0.30673643946647644, -0.43441542983055115], [-0.050245899707078934, -0.32661399245262146, -0.41946977376937866]
Edge: 123, Vertices: [-0.046214841306209564, -0.2862420678138733, -0.4484260678291321], [-0.04849984124302864, -0.30673643946647644, -0.43441542983055115]
Edge: 124, Vertices: [0.21708670258522034, -0.029200244694948196, 0.05293356627225876], [0.21574828028678894, -0.03497043997049332, 0.05487256497144699]
Edge: 125, Vertices: [0.157889723777771, 0.012952939607203007, -0.16026325523853302], [0.16060137748718262, 0.01758570224046707, -0.15709613263607025]
Edge: 126, Vertices: [-0.03778073564171791, -0.4815014600753784, -0.22778326272964478], [-0.0336100272834301, -0.49175167083740234, -0.20544321835041046]
Edge: 127, Vertices: [-0.04143914580345154, -0.47019994258880615, -0.24970200657844543], [-0.03778073564171791, -0.4815014600753784, -0.22778326272964478]
Edge: 128, Vertices: [0.016699913889169693, -0.5334226489067078, -0.018375495448708534], [0.024871762841939926, -0.5333955883979797, 0.005177844315767288]
Edge: 129, Vertices: [0.024871762841939926, -0.5333955883979797, 0.005177844315767288], [0.03340014070272446, -0.5321881771087646, 0.02857332117855549]
Edge: 130, Vertices: [0.1594628244638443, 0.28097590804100037, -0.4251827895641327], [0.14849065244197845, 0.2640049159526825, -0.4397819936275482]
Edge: 131, Vertices: [0.36837729811668396, 0.08187613636255264, 0.37782368063926697], [0.37274810671806335, 0.10431493073701859, 0.3678770065307617]
Edge: 132, Vertices: [0.15414874255657196, -0.1642238199710846, 0.007067795842885971], [0.15682248771190643, -0.16138654947280884, 0.011930637061595917]
Edge: 133, Vertices: [0.15682248771190643, -0.16138654947280884, 0.011930637061595917], [0.15952470898628235, -0.15829381346702576, 0.016618825495243073]
Edge: 134, Vertices: [0.11408448964357376, -0.12065636366605759, -0.1523417979478836], [0.11364797502756119, -0.12562575936317444, -0.1486053764820099]
Edge: 135, Vertices: [0.11364797502756119, -0.12562575936317444, -0.1486053764820099], [0.11334728449583054, -0.13042858242988586, -0.14464449882507324]
Edge: 136, Vertices: [0.37661057710647583, 0.12634862959384918, 0.3568708002567291], [0.37995511293411255, 0.14792242646217346, 0.34483233094215393]
Edge: 137, Vertices: [0.37995511293411255, 0.14792242646217346, 0.34483233094215393], [0.38277336955070496, 0.16898271441459656, 0.33179154992103577]
Edge: 138, Vertices: [0.18144558370113373, 0.31234487891197205, -0.39328673481941223], [0.1704569011926651, 0.29710260033607483, -0.40967151522636414]
Edge: 139, Vertices: [0.19240152835845947, 0.32666483521461487, -0.3760691285133362], [0.18144558370113373, 0.31234487891197205, -0.39328673481941223]
Edge: 140, Vertices: [0.1255188286304474, -0.0646834746003151, -0.17561984062194824], [0.12383750826120377, -0.07058653980493546, -0.17453670501708984]
Edge: 141, Vertices: [0.12730644643306732, -0.05876535177230835, -0.17641131579875946], [0.1255188286304474, -0.0646834746003151, -0.17561984062194824]
Edge: 142, Vertices: [0.18662217259407043, -0.1152944564819336, 0.05158106982707977], [0.18400795757770538, -0.12042482197284698, 0.049195390194654465]
Edge: 143, Vertices: [0.18662217259407043, -0.1152944564819336, 0.05158106982707977], [0.18919077515602112, -0.11002320796251297, 0.05369352176785469]
Edge: 144, Vertices: [0.14387014508247375, -0.17288699746131897, -0.013882373459637165], [0.14636443555355072, -0.1711355447769165, -0.00844572763890028]
Edge: 145, Vertices: [0.14636443555355072, -0.1711355447769165, -0.00844572763890028], [0.1489132046699524, -0.16910438239574432, -0.003133066464215517]
Edge: 146, Vertices: [0.11315601319074631, -0.13948723673820496, -0.1360892355442047], [0.11326591670513153, -0.14372053742408752, -0.13151612877845764]
Edge: 147, Vertices: [0.11326591670513153, -0.14372053742408752, -0.13151612877845764], [0.11351258307695389, -0.14774228632450104, -0.1267610341310501]
Edge: 148, Vertices: [0.19748887419700623, 0.058274731040000916, -0.0915612056851387], [0.19512200355529785, 0.05709504708647728, -0.09720500558614731]
Edge: 149, Vertices: [0.1997831165790558, 0.05916376784443855, -0.08583475649356842], [0.19748887419700623, 0.058274731040000916, -0.0915612056851387]
Edge: 150, Vertices: [0.22266311943531036, 0.03428315371274948, 0.00520128570497036], [0.22214508056640625, 0.03785236179828644, 0.00011811677541118115]
Edge: 151, Vertices: [0.22214508056640625, 0.03785236179828644, 0.00011811677541118115], [0.22149312496185303, 0.04118169844150543, -0.005110332742333412]
Edge: 152, Vertices: [-0.0336100272834301, -0.49175167083740234, -0.20544321835041046], [-0.028937382623553276, -0.5009250640869141, -0.18273739516735077]
Edge: 153, Vertices: [-0.028937382623553276, -0.5009250640869141, -0.18273739516735077], [-0.023774439468979836, -0.5089988708496094, -0.159722238779068]
Edge: 154, Vertices: [0.008904927410185337, -0.532269299030304, -0.04202812537550926], [0.016699913889169693, -0.5334226489067078, -0.018375495448708534]
Edge: 155, Vertices: [0.001506156986579299, -0.5299383997917175, -0.06572126597166061], [0.008904927410185337, -0.532269299030304, -0.04202812537550926]
Edge: 156, Vertices: [0.06090834364295006, -0.5215285420417786, 0.09723378717899323], [0.07064276933670044, -0.515658974647522, 0.11942225694656372]
Edge: 157, Vertices: [-0.05078745633363724, -0.41508015990257263, -0.33209240436553955], [-0.04925613850355148, -0.43028098344802856, -0.31239140033721924]
Edge: 158, Vertices: [-0.051448673009872437, -0.34582531452178955, -0.4036262333393097], [-0.05210515856742859, -0.36432263255119324, -0.3869241774082184]
Edge: 159, Vertices: [-0.05210515856742859, -0.36432263255119324, -0.3869241774082184], [-0.052213750779628754, -0.3820599615573883, -0.36940518021583557]
Edge: 160, Vertices: [0.10120271891355515, -0.49130523204803467, 0.18312132358551025], [0.11175717413425446, -0.4810062646865845, 0.20322293043136597]
Edge: 161, Vertices: [0.09081502258777618, -0.5005285143852234, 0.16241948306560516], [0.10120271891355515, -0.49130523204803467, 0.18312132358551025]
Edge: 162, Vertices: [0.1153603047132492, -0.11026769876480103, -0.15910464525222778], [0.11619643867015839, -0.10487424582242966, -0.16211426258087158]
Edge: 163, Vertices: [0.1649876832962036, -0.15137331187725067, 0.025425119325518608], [0.16773486137390137, -0.14756274223327637, 0.029521318152546883]
Edge: 164, Vertices: [0.22247403860092163, 0.0033970235381275415, 0.035707294940948486], [0.2219027876853943, -0.001726575312204659, 0.03920995071530342]
Edge: 165, Vertices: [0.2229105532169342, 0.008366413414478302, 0.031970880925655365], [0.22247403860092163, 0.0033970235381275415, 0.035707294940948486]
Edge: 166, Vertices: [0.17703382670879364, 0.04103447496891022, -0.1332533210515976], [0.17973604798316956, 0.0441272109746933, -0.12856513261795044]
Edge: 167, Vertices: [0.17703382670879364, 0.04103447496891022, -0.1332533210515976], [0.1743098348379135, 0.03769395872950554, -0.13775521516799927]
Edge: 168, Vertices: [0.14736776053905487, -0.0072361319325864315, -0.1703280210494995], [0.14993636310100555, -0.001964889233931899, -0.1682155728340149]
Edge: 169, Vertices: [0.2110397070646286, -0.05257587134838104, 0.058985333889722824], [0.20925208926200867, -0.05849399045109749, 0.05977682024240494]
Edge: 170, Vertices: [0.2203620970249176, -0.012385097332298756, 0.04547975957393646], [0.2193964719772339, -0.01789351925253868, 0.04823131486773491]
Edge: 171, Vertices: [0.2203620970249176, -0.012385097332298756, 0.04547975957393646], [0.22119823098182678, -0.006991646718233824, 0.04247014597058296]
Edge: 172, Vertices: [0.16882367432117462, 0.03030339814722538, -0.14615581929683685], [0.17157085239887238, 0.034113965928554535, -0.14205962419509888]
Edge: 173, Vertices: [0.16882367432117462, 0.03030339814722538, -0.14615581929683685], [0.16607515513896942, 0.026271725073456764, -0.150033637881279]
Edge: 174, Vertices: [-0.018134020268917084, -0.5159529447555542, -0.1364549696445465], [-0.012030139565467834, -0.5217700600624084, -0.11299344897270203]
Edge: 175, Vertices: [-0.023774439468979836, -0.5089988708496094, -0.159722238779068], [-0.018134020268917084, -0.5159529447555542, -0.1364549696445465]
Edge: 176, Vertices: [-0.012030139565467834, -0.5217700600624084, -0.11299344897270203], [-0.005477988626807928, -0.5264357328414917, -0.08939598500728607]
Edge: 177, Vertices: [-0.005477988626807928, -0.5264357328414917, -0.08939598500728607], [0.001506156986579299, -0.5299383997917175, -0.06572126597166061]
Edge: 178, Vertices: [0.1146557405591011, -0.1155327633023262, -0.15584444999694824], [0.11408448964357376, -0.12065636366605759, -0.1523417979478836]
Edge: 179, Vertices: [0.1153603047132492, -0.11026769876480103, -0.15910464525222778], [0.1146557405591011, -0.1155327633023262, -0.15584444999694824]
Edge: 180, Vertices: [0.16224870085716248, -0.15495330095291138, 0.021120717748999596], [0.15952470898628235, -0.15829381346702576, 0.016618825495243073]
Edge: 181, Vertices: [0.16224870085716248, -0.15495330095291138, 0.021120717748999596], [0.1649876832962036, -0.15137331187725067, 0.025425119325518608]
Edge: 182, Vertices: [0.1876453310251236, 0.051845043897628784, -0.11350142955780029], [0.1850484013557434, 0.049539219588041306, -0.11867689341306686]
Edge: 183, Vertices: [0.1876453310251236, 0.051845043897628784, -0.11350142955780029], [0.19019410014152527, 0.05387619882822037, -0.10818877071142197]
Edge: 184, Vertices: [0.22340251505374908, 0.022227901965379715, 0.019454732537269592], [0.2233753800392151, 0.017793569713830948, 0.023834481835365295]
Edge: 185, Vertices: [0.22329261898994446, 0.026461197063326836, 0.014881623908877373], [0.22340251505374908, 0.022227901965379715, 0.019454732537269592]
Edge: 186, Vertices: [0.2996866703033447, -0.15220268070697784, 0.41494399309158325], [0.30835044384002686, -0.12887722253799438, 0.41649362444877625]
Edge: 187, Vertices: [0.05515717715024948, 0.08083893358707428, -0.524956226348877], [0.0458623543381691, 0.058036159723997116, -0.5288522839546204]
Edge: 188, Vertices: [0.36350899934768677, 0.05908803269267082, 0.3866860270500183], [0.36837729811668396, 0.08187613636255264, 0.37782368063926697]
Edge: 189, Vertices: [0.14849065244197845, 0.2640049159526825, -0.4397819936275482], [0.1375676840543747, 0.2462318241596222, -0.4534327983856201]
Edge: 190, Vertices: [0.157889723777771, 0.012952939607203007, -0.16026325523853302], [0.1552038937807083, 0.008142209611833096, -0.16317692399024963]
Edge: 191, Vertices: [0.21574828028678894, -0.03497043997049332, 0.05487256497144699], [0.21429185569286346, -0.04079945757985115, 0.05653015524148941]
Edge: 192, Vertices: [0.21488258242607117, 0.05570115149021149, -0.038782816380262375], [0.213356614112854, 0.05715543031692505, -0.044648200273513794]
Edge: 193, Vertices: [0.213356614112854, 0.05715543031692505, -0.044648200273513794], [0.2117185741662979, 0.05832185223698616, -0.05054756626486778]
Edge: 194, Vertices: [0.07456673681735992, 0.12534841895103455, -0.5136962532997131], [0.06473324447870255, 0.10329496115446091, -0.5199000239372253]
Edge: 195, Vertices: [0.06473324447870255, 0.10329496115446091, -0.5199000239372253], [0.05515717715024948, 0.08083893358707428, -0.524956226348877]
Edge: 196, Vertices: [0.31666597723960876, -0.10537711530923843, 0.4168627858161926], [0.3246125876903534, -0.08176079392433167, 0.41605061292648315]
Edge: 197, Vertices: [0.30835044384002686, -0.12887722253799438, 0.41649362444877625], [0.31666597723960876, -0.10537711530923843, 0.4168627858161926]
Edge: 198, Vertices: [-0.04925613850355148, -0.43028098344802856, -0.31239140033721924], [-0.047183990478515625, -0.4445578157901764, -0.29205870628356934]
Edge: 199, Vertices: [0.05144085735082626, -0.5262472629547119, 0.0746585801243782], [0.06090834364295006, -0.5215285420417786, 0.09723378717899323]
Edge: 200, Vertices: [0.14736776053905487, -0.0072361319325864315, -0.1703280210494995], [0.14485113322734833, -0.012635148130357265, -0.1721619963645935]
Edge: 201, Vertices: [0.14485113322734833, -0.012635148130357265, -0.1721619963645935], [0.14239275455474854, -0.01814851351082325, -0.17371293902397156]
Edge: 202, Vertices: [0.20537593960762024, -0.07031653076410294, 0.060477759689092636], [0.2073626071214676, -0.06441245228052139, 0.06027471274137497]
Edge: 203, Vertices: [0.2073626071214676, -0.06441245228052139, 0.06027471274137497], [0.20925208926200867, -0.05849399045109749, 0.05977682024240494]
Edge: 204, Vertices: [0.1367754191160202, -0.1764231026172638, -0.0307997427880764], [0.1345594823360443, -0.17701929807662964, -0.036594606935977936]
Edge: 205, Vertices: [0.11584966629743576, -0.16152223944664001, -0.10616343468427658], [0.11506541073322296, -0.15844103693962097, -0.11152416467666626]
Edge: 206, Vertices: [0.17048338055610657, -0.14353106915950775, 0.033399131149053574], [0.16773486137390137, -0.14756274223327637, 0.029521318152546883]
Edge: 207, Vertices: [0.17048338055610657, -0.14353106915950775, 0.033399131149053574], [0.17322641611099243, -0.13928832113742828, 0.037048932164907455]
Edge: 208, Vertices: [0.1171620562672615, -0.09936582297086716, -0.16486582159996033], [0.11825475841760635, -0.09375612437725067, -0.16735248267650604]
Edge: 209, Vertices: [0.1171620562672615, -0.09936582297086716, -0.16486582159996033], [0.11619643867015839, -0.10487424582242966, -0.16211426258087158]
Edge: 210, Vertices: [0.3460462987422943, -0.010802183300256729, 0.40656059980392456], [0.3523296117782593, 0.012691181153059006, 0.4010723829269409]
Edge: 211, Vertices: [0.11597776412963867, 0.2084578573703766, -0.47775596380233765], [0.10536450892686844, 0.1885509192943573, -0.48836782574653625]
Edge: 212, Vertices: [0.21830376982688904, -0.023503219708800316, 0.05071798339486122], [0.2193964719772339, -0.01789351925253868, 0.04823131486773491]
Edge: 213, Vertices: [0.21830376982688904, -0.023503219708800316, 0.05071798339486122], [0.21708670258522034, -0.029200244694948196, 0.05293356627225876]
Edge: 214, Vertices: [0.16333211958408356, 0.022028977051377296, -0.15368343889713287], [0.16607515513896942, 0.026271725073456764, -0.150033637881279]
Edge: 215, Vertices: [0.16333211958408356, 0.022028977051377296, -0.15368343889713287], [0.16060137748718262, 0.01758570224046707, -0.15709613263607025]
Edge: 216, Vertices: [0.11676426976919174, -0.16434761881828308, -0.10068375617265701], [0.11780694127082825, -0.16691017150878906, -0.09509874135255814]
Edge: 217, Vertices: [0.11584966629743576, -0.16152223944664001, -0.10616343468427658], [0.11676426976919174, -0.16434761881828308, -0.10068375617265701]
Edge: 218, Vertices: [0.1303844302892685, -0.17732791602611542, -0.048331812024116516], [0.1324273943901062, -0.1773211508989334, -0.04244347661733627]
Edge: 219, Vertices: [0.1324273943901062, -0.1773211508989334, -0.04244347661733627], [0.1345594823360443, -0.17701929807662964, -0.036594606935977936]
Edge: 220, Vertices: [0.12843568623065948, -0.17703957855701447, -0.05424496904015541], [0.12658599019050598, -0.17645685374736786, -0.060168251395225525]
Edge: 221, Vertices: [0.12843568623065948, -0.17703957855701447, -0.05424496904015541], [0.1303844302892685, -0.17732791602611542, -0.048331812024116516]
Edge: 222, Vertices: [0.11897510290145874, -0.169203519821167, -0.08942228555679321], [0.12026584148406982, -0.17122197151184082, -0.08366849273443222]
Edge: 223, Vertices: [0.11780694127082825, -0.16691017150878906, -0.09509874135255814], [0.11897510290145874, -0.169203519821167, -0.08942228555679321]
Edge: 224, Vertices: [0.15151013433933258, -0.16679856181144714, 0.002042394829913974], [0.1489132046699524, -0.16910438239574432, -0.003133066464215517]
Edge: 225, Vertices: [0.15151013433933258, -0.16679856181144714, 0.002042394829913974], [0.15414874255657196, -0.1642238199710846, 0.007067795842885971]
Edge: 226, Vertices: [0.1131831631064415, -0.1350529044866562, -0.14046898484230042], [0.11334728449583054, -0.13042858242988586, -0.14464449882507324]
Edge: 227, Vertices: [0.1131831631064415, -0.1350529044866562, -0.14046898484230042], [0.11315601319074631, -0.13948723673820496, -0.1360892355442047]
Edge: 228, Vertices: [0.03340014070272446, -0.5321881771087646, 0.02857332117855549], [0.042263858020305634, -0.5298033952713013, 0.05175277590751648]
Edge: 229, Vertices: [0.042263858020305634, -0.5298033952713013, 0.05175277590751648], [0.05144085735082626, -0.5262472629547119, 0.0746585801243782]
Edge: 230, Vertices: [-0.04457615688443184, -0.45787513256073, -0.27114492654800415], [-0.04143914580345154, -0.47019994258880615, -0.24970200657844543]
Edge: 231, Vertices: [-0.047183990478515625, -0.4445578157901764, -0.29205870628356934], [-0.04457615688443184, -0.45787513256073, -0.27114492654800415]
Edge: 232, Vertices: [0.1267210692167282, 0.22770076990127563, -0.4661012589931488], [0.11597776412963867, 0.2084578573703766, -0.47775596380233765]
Edge: 233, Vertices: [0.1375676840543747, 0.2462318241596222, -0.4534327983856201], [0.1267210692167282, 0.22770076990127563, -0.4661012589931488]
Edge: 234, Vertices: [0.3523296117782593, 0.012691181153059006, 0.4010723829269409], [0.35815533995628357, 0.03600725531578064, 0.39444199204444885]
Edge: 235, Vertices: [0.35815533995628357, 0.03600725531578064, 0.39444199204444885], [0.36350899934768677, 0.05908803269267082, 0.3866860270500183]
Edge: 236, Vertices: [0.2559385895729065, 0.3913938105106354, -0.257803350687027], [0.2457435131072998, 0.38326919078826904, -0.2790539860725403]
Edge: 237, Vertices: [0.26591578125953674, 0.39839962124824524, -0.23605675995349884], [0.2559385895729065, 0.3913938105106354, -0.257803350687027]
Edge: 238, Vertices: [0.38877227902412415, 0.2648006081581116, 0.25277069211006165], [0.38833266496658325, 0.28173381090164185, 0.23447825014591217]
Edge: 239, Vertices: [0.38833266496658325, 0.28173381090164185, 0.23447825014591217], [0.3873459994792938, 0.2978208065032959, 0.21545788645744324]
Edge: 240, Vertices: [0.09490765631198883, 0.16802945733070374, -0.4979105293750763], [0.0846332237124443, 0.14694447815418243, -0.5063603520393372]
Edge: 241, Vertices: [0.10536450892686844, 0.1885509192943573, -0.48836782574653625], [0.09490765631198883, 0.16802945733070374, -0.4979105293750763]
Edge: 242, Vertices: [0.3321705460548401, -0.058086950331926346, 0.414059042930603], [0.3393210470676422, -0.034414470195770264, 0.4108930826187134]
Edge: 243, Vertices: [0.3393210470676422, -0.034414470195770264, 0.4108930826187134], [0.3460462987422943, -0.010802183300256729, 0.40656059980392456]
Edge: 244, Vertices: [0.1525505781173706, 0.003165476256981492, -0.16582989692687988], [0.1552038937807083, 0.008142209611833096, -0.16317692399024963]
Edge: 245, Vertices: [0.1525505781173706, 0.003165476256981492, -0.16582989692687988], [0.14993636310100555, -0.001964889233931899, -0.1682155728340149]
Edge: 246, Vertices: [0.21272101998329163, -0.046672798693180084, 0.05790220946073532], [0.2110397070646286, -0.05257587134838104, 0.058985333889722824]
Edge: 247, Vertices: [0.21272101998329163, -0.046672798693180084, 0.05790220946073532], [0.21429185569286346, -0.04079945757985115, 0.05653015524148941]
Edge: 248, Vertices: [0.21410639584064484, 0.3523978590965271, -0.33930879831314087], [0.20329749584197998, 0.3400269150733948, -0.3580615520477295]
Edge: 249, Vertices: [0.22480136156082153, 0.36374691128730774, -0.3198574185371399], [0.21410639584064484, 0.3523978590965271, -0.33930879831314087]
Edge: 250, Vertices: [0.38505837321281433, 0.1894771009683609, 0.31778091192245483], [0.3868044316768646, 0.20935466885566711, 0.30283528566360474]
Edge: 251, Vertices: [0.3868044316768646, 0.20935466885566711, 0.30283528566360474], [0.38800719380378723, 0.2285659909248352, 0.2869917154312134]
