Edge: 0, Vertices: [-0.1169750913977623, 0.18542930483818054, 0.380570650100708], [-0.10484461486339569, 0.17172859609127045, 0.39040765166282654]
Edge: 1, Vertices: [0.1305302083492279, -0.3402074873447418, 0.2451978325843811], [0.13013584911823273, -0.3520325720310211, 0.22812047600746155]
Edge: 2, Vertices: [-0.305569589138031, 0.30098217725753784, 0.09454204887151718], [-0.2979344427585602, 0.3019551634788513, 0.1138392835855484]
Edge: 3, Vertices: [-0.22538377344608307, -0.15728050470352173, -0.34258756041526794], [-0.23599304258823395, -0.13942763209342957, -0.3431740701198578]
Edge: 4, Vertices: [-0.3550123870372772, 0.183676615357399, -0.18201740086078644], [-0.3558271825313568, 0.196836918592453, -0.16596227884292603]
Edge: 5, Vertices: [-0.2221011370420456, 0.2771299481391907, 0.25840142369270325], [-0.21113204956054688, 0.27006658911705017, 0.27456972002983093]
Edge: 6, Vertices: [0.06684055924415588, -0.10083582252264023, 0.4222152531147003], [0.07479817420244217, -0.11902659386396408, 0.4160999059677124]
Edge: 7, Vertices: [0.03748927637934685, -0.4275854825973511, -0.09309373050928116], [0.027764147147536278, -0.4240127503871918, -0.11110156029462814]
Edge: 8, Vertices: [-0.2144945114850998, -0.1749049872159958, -0.34103018045425415], [-0.22538377344608307, -0.15728050470352173, -0.34258756041526794]
Edge: 9, Vertices: [-0.21113204956054688, 0.27006658911705017, 0.27456972002983093], [-0.19991838932037354, 0.26216912269592285, 0.2901744544506073]
Edge: 10, Vertices: [-0.022155173122882843, 0.061395011842250824, 0.43432825803756714], [-0.011012954637408257, 0.0440426729619503, 0.4368525743484497]
Edge: 11, Vertices: [-0.3255288302898407, 0.29261842370033264, 0.03614802658557892], [-0.3193839192390442, 0.2963079810142517, 0.05564809590578079]
Edge: 12, Vertices: [-0.3213074505329132, 0.04175794869661331, -0.2965114116668701], [-0.3272930383682251, 0.059148240834474564, -0.28684836626052856]
Edge: 13, Vertices: [0.04684087634086609, -0.4302578270435333, -0.07473532855510712], [0.03748927637934685, -0.4275854825973511, -0.09309373050928116]
Edge: 14, Vertices: [0.04037337005138397, -0.04591728746891022, 0.4349285066127777], [0.04960674047470093, -0.06423567235469818, 0.43164128065109253]
Edge: 15, Vertices: [-0.30030563473701477, -0.011835713870823383, -0.32027751207351685], [-0.3077969551086426, 0.006221788469702005, -0.31324681639671326]
Edge: 16, Vertices: [0.05579569190740585, -0.43202316761016846, -0.056072019040584564], [0.04684087634086609, -0.4302578270435333, -0.07473532855510712]
Edge: 17, Vertices: [0.04960674047470093, -0.06423567235469818, 0.43164128065109253], [0.05843645706772804, -0.08255704492330551, 0.42739999294281006]
Edge: 18, Vertices: [0.1303197294473648, -0.327699214220047, 0.2617846727371216], [0.1305302083492279, -0.3402074873447418, 0.2451978325843811]
Edge: 19, Vertices: [-0.03352263569831848, 0.07843203097581863, 0.4308432340621948], [-0.022155173122882843, 0.061395011842250824, 0.43432825803756714]
Edge: 20, Vertices: [-0.025589074939489365, -0.39303141832351685, -0.19435204565525055], [-0.03701944649219513, -0.3843195140361786, -0.20935451984405518]
Edge: 21, Vertices: [-0.2979344427585602, 0.3019551634788513, 0.1138392835855484], [-0.2898389399051666, 0.3020147681236267, 0.1329725831747055]
Edge: 22, Vertices: [0.1275380253791809, -0.37351757287979126, 0.19266526401042938], [0.1253410279750824, -0.38312405347824097, 0.17437556385993958]
Edge: 23, Vertices: [0.12913763523101807, -0.3631451725959778, 0.21059510111808777], [0.1275380253791809, -0.37351757287979126, 0.19266526401042938]
Edge: 24, Vertices: [0.1280878335237503, -0.30075931549072266, 0.2933233380317688], [0.12950491905212402, -0.3145389258861542, 0.2778398096561432]
Edge: 25, Vertices: [0.12950491905212402, -0.3145389258861542, 0.2778398096561432], [0.1303197294473648, -0.327699214220047, 0.2617846727371216]
Edge: 26, Vertices: [0.13013584911823273, -0.3520325720310211, 0.22812047600746155], [0.12913763523101807, -0.3631451725959778, 0.21059510111808777]
Edge: 27, Vertices: [-0.3508484959602356, 0.2522617280483246, -0.07855314761400223], [-0.3480595350265503, 0.2610783576965332, -0.05994902551174164]
Edge: 28, Vertices: [-0.014375411905348301, -0.40092891454696655, -0.17874731123447418], [-0.025589074939489365, -0.39303141832351685, -0.19435204565525055]
Edge: 29, Vertices: [-0.011012954637408257, 0.0440426729619503, 0.4368525743484497], [-0.00012368036550469697, 0.02641819417476654, 0.4384099841117859]
Edge: 30, Vertices: [-0.3457728922367096, 0.12519200146198273, -0.2401442974805832], [-0.34896978735923767, 0.14061830937862396, -0.2266005277633667]
Edge: 31, Vertices: [-0.34896978735923767, 0.14061830937862396, -0.2266005277633667], [-0.3515794277191162, 0.1555323451757431, -0.21237428486347198]
Edge: 32, Vertices: [-0.3480595350265503, 0.2610783576965332, -0.05994902551174164], [-0.3446855843067169, 0.2690832018852234, -0.04107673093676567]
Edge: 33, Vertices: [-0.3446855843067169, 0.2690832018852234, -0.04107673093676567], [-0.34073498845100403, 0.2762564420700073, -0.021983206272125244]
Edge: 34, Vertices: [-0.04508708417415619, 0.09511137008666992, 0.4264061450958252], [-0.03352263569831848, 0.07843203097581863, 0.4308432340621948]
Edge: 35, Vertices: [-0.03701944649219513, -0.3843195140361786, -0.20935451984405518], [-0.048638101667165756, -0.3748147785663605, -0.2237173616886139]
Edge: 36, Vertices: [-0.2751142084598541, -0.06662663072347641, -0.3358188569545746], [-0.28394392132759094, -0.048305265605449677, -0.3315775692462921]
Edge: 37, Vertices: [-0.2723483443260193, 0.29939553141593933, 0.17055773735046387], [-0.26299673318862915, 0.2967231869697571, 0.1889161467552185]
Edge: 38, Vertices: [0.06433147937059402, -0.4328770637512207, -0.037150170654058456], [0.05579569190740585, -0.43202316761016846, -0.056072019040584564]
Edge: 39, Vertices: [0.05843645706772804, -0.08255704492330551, 0.42739999294281006], [0.06684055924415588, -0.10083582252264023, 0.4222152531147003]
Edge: 40, Vertices: [-0.16868770122528076, -0.24225389957427979, -0.3252056837081909], [-0.18042036890983582, -0.2259736806154251, -0.33058375120162964]
Edge: 41, Vertices: [-0.18042036890983582, -0.2259736806154251, -0.33058375120162964], [-0.19198483228683472, -0.20929433405399323, -0.33502084016799927]
Edge: 42, Vertices: [-0.16509129106998444, 0.23367854952812195, 0.3332273066043854], [-0.15318311750888824, 0.22266100347042084, 0.3462055027484894]
Edge: 43, Vertices: [-0.17686936259269714, 0.24395248293876648, 0.31953978538513184], [-0.16509129106998444, 0.23367854952812195, 0.3332273066043854]
Edge: 44, Vertices: [-0.23279835283756256, 0.283341646194458, 0.2417098581790924], [-0.2221011370420456, 0.2771299481391907, 0.25840142369270325]
Edge: 45, Vertices: [-0.24319714307785034, 0.28868624567985535, 0.2245364934206009], [-0.23279835283756256, 0.283341646194458, 0.2417098581790924]
Edge: 46, Vertices: [-0.23599304258823395, -0.13942763209342957, -0.3431740701198578], [-0.24629589915275574, -0.12139082700014114, -0.34278830885887146]
Edge: 47, Vertices: [-0.3515794277191162, 0.1555323451757431, -0.21237428486347198], [-0.3535952866077423, 0.16989701986312866, -0.19750091433525085]
Edge: 48, Vertices: [-0.3530454933643341, 0.24265526235103607, -0.09684285521507263], [-0.3508484959602356, 0.2522617280483246, -0.07855314761400223]
Edge: 49, Vertices: [-0.3327452540397644, 0.07622882723808289, -0.27635303139686584], [-0.3376505374908447, 0.09295721352100372, -0.2650515139102936]
Edge: 50, Vertices: [0.12346233427524567, -0.27148061990737915, 0.32242292165756226], [0.1260719746351242, -0.2863946557044983, 0.30819669365882874]
Edge: 51, Vertices: [0.1260719746351242, -0.2863946557044983, 0.30819669365882874], [0.1280878335237503, -0.30075931549072266, 0.2933233380317688]
Edge: 52, Vertices: [0.1253410279750824, -0.38312405347824097, 0.17437556385993958], [0.12255208194255829, -0.3919406533241272, 0.1557714343070984]
Edge: 53, Vertices: [0.12255208194255829, -0.3919406533241272, 0.1557714343070984], [0.11917811632156372, -0.39994552731513977, 0.13689914345741272]
Edge: 54, Vertices: [-0.3077969551086426, 0.006221788469702005, -0.31324681639671326], [-0.3148033618927002, 0.024101179093122482, -0.3053182065486908]
Edge: 55, Vertices: [-0.31272533535957336, 0.2990981936454773, 0.07512891292572021], [-0.305569589138031, 0.30098217725753784, 0.09454204887151718]
Edge: 56, Vertices: [-0.048638101667165756, -0.3748147785663605, -0.2237173616886139], [-0.060416169464588165, -0.36454084515571594, -0.23740488290786743]
Edge: 57, Vertices: [-0.05681975558400154, 0.1113915890455246, 0.42102810740470886], [-0.04508708417415619, 0.09511137008666992, 0.4264061450958252]
Edge: 58, Vertices: [-0.26299673318862915, 0.2967231869697571, 0.1889161467552185], [-0.25327160954475403, 0.2931504547595978, 0.2069239765405655]
Edge: 59, Vertices: [-0.2562667727470398, -0.10321489721536636, -0.341431200504303], [-0.265880823135376, -0.08494502305984497, -0.33910611271858215]
Edge: 60, Vertices: [-0.265880823135376, -0.08494502305984497, -0.33910611271858215], [-0.2751142084598541, -0.06662663072347641, -0.3358188569545746]
Edge: 61, Vertices: [-0.0034063237253576517, -0.40799227356910706, -0.1625790297985077], [-0.014375411905348301, -0.40092891454696655, -0.17874731123447418]
Edge: 62, Vertices: [0.00729089742526412, -0.414203941822052, -0.14588744938373566], [-0.0034063237253576517, -0.40799227356910706, -0.1625790297985077]
Edge: 63, Vertices: [0.01048558484762907, 0.008565329015254974, 0.43899649381637573], [0.020788446068763733, -0.009471479803323746, 0.438610702753067]
Edge: 64, Vertices: [-0.00012368036550469697, 0.02641819417476654, 0.4384099841117859], [0.01048558484762907, 0.008565329015254974, 0.43899649381637573]
Edge: 65, Vertices: [0.11214309185743332, -0.2238195240497589, 0.3608739376068115], [0.1164892390370369, -0.24015411734580994, 0.3487943410873413]
Edge: 66, Vertices: [0.11071019619703293, -0.4134424924850464, 0.0985383465886116], [0.10563725978136063, -0.4189009964466095, 0.07914519309997559]
Edge: 67, Vertices: [-0.19991838932037354, 0.26216912269592285, 0.2901744544506073], [-0.18848800659179688, 0.2534572184085846, 0.30517691373825073]
Edge: 68, Vertices: [-0.18848800659179688, 0.2534572184085846, 0.30517691373825073], [-0.17686936259269714, 0.24395248293876648, 0.31953978538513184]
Edge: 69, Vertices: [-0.20335228741168976, -0.19225731492042542, -0.3385058641433716], [-0.2144945114850998, -0.1749049872159958, -0.34103018045425415]
Edge: 70, Vertices: [-0.19198483228683472, -0.20929433405399323, -0.33502084016799927], [-0.20335228741168976, -0.19225731492042542, -0.3385058641433716]
Edge: 71, Vertices: [0.027764147147536278, -0.4240127503871918, -0.11110156029462814], [0.01768968068063259, -0.41954857110977173, -0.12871406972408295]
Edge: 72, Vertices: [0.01768968068063259, -0.41954857110977173, -0.12871406972408295], [0.00729089742526412, -0.414203941822052, -0.14588744938373566]
Edge: 73, Vertices: [0.020788446068763733, -0.009471479803323746, 0.438610702753067], [0.030759314075112343, -0.027647413313388824, 0.4372536242008209]
Edge: 74, Vertices: [0.030759314075112343, -0.027647413313388824, 0.4372536242008209], [0.04037337005138397, -0.04591728746891022, 0.4349285066127777]
Edge: 75, Vertices: [0.1017855852842331, -0.19001054763793945, 0.3826707601547241], [0.107237808406353, -0.20709113776683807, 0.3721754252910614]
Edge: 76, Vertices: [0.107237808406353, -0.20709113776683807, 0.3721754252910614], [0.11214309185743332, -0.2238195240497589, 0.3608739376068115]
Edge: 77, Vertices: [0.10563725978136063, -0.4189009964466095, 0.07914519309997559], [0.1000213623046875, -0.42348071932792664, 0.05967438593506813]
Edge: 78, Vertices: [0.1000213623046875, -0.42348071932792664, 0.05967438593506813], [0.09387647360563278, -0.4271703064441681, 0.04017431661486626]
Edge: 79, Vertices: [-0.35564330220222473, 0.22117027640342712, -0.1322980672121048], [-0.35464510321617126, 0.2322828471660614, -0.11477269232273102]
Edge: 80, Vertices: [-0.3272930383682251, 0.059148240834474564, -0.28684836626052856], [-0.3327452540397644, 0.07622882723808289, -0.27635303139686584]
Edge: 81, Vertices: [-0.3311447203159332, 0.2880387008190155, 0.016677221283316612], [-0.3255288302898407, 0.29261842370033264, 0.03614802658557892]
Edge: 82, Vertices: [0.1164892390370369, -0.24015411734580994, 0.3487943410873413], [0.12026543915271759, -0.2560543119907379, 0.33596670627593994]
Edge: 83, Vertices: [0.12026543915271759, -0.2560543119907379, 0.33596670627593994], [0.12346233427524567, -0.27148061990737915, 0.32242292165756226]
Edge: 84, Vertices: [0.11917811632156372, -0.39994552731513977, 0.13689914345741272], [0.11522754281759262, -0.4071187376976013, 0.11780562251806259]
Edge: 85, Vertices: [0.11522754281759262, -0.4071187376976013, 0.11780562251806259], [0.11071019619703293, -0.4134424924850464, 0.0985383465886116]
Edge: 86, Vertices: [-0.1448346972465515, -0.2734561264514923, -0.3116823732852936], [-0.15681597590446472, -0.2580944895744324, -0.3188999891281128]
Edge: 87, Vertices: [-0.15681597590446472, -0.2580944895744324, -0.3188999891281128], [-0.16868770122528076, -0.24225389957427979, -0.3252056837081909]
Edge: 88, Vertices: [-0.15318311750888824, 0.22266100347042084, 0.3462055027484894], [-0.14117442071437836, 0.21092721819877625, 0.3584420680999756]
Edge: 89, Vertices: [-0.24629589915275574, -0.12139082700014114, -0.34278830885887146], [-0.2562667727470398, -0.10321489721536636, -0.341431200504303]
Edge: 90, Vertices: [-0.25327160954475403, 0.2931504547595978, 0.2069239765405655], [-0.24319714307785034, 0.28868624567985535, 0.2245364934206009]
Edge: 91, Vertices: [-0.1085323691368103, -0.31629160046577454, -0.28474822640419006], [-0.12066284567117691, -0.30259090662002563, -0.294585257768631]
Edge: 92, Vertices: [-0.10484461486339569, 0.17172859609127045, 0.39040765166282654], [-0.09273380786180496, 0.1574382334947586, 0.39939311146736145]
Edge: 93, Vertices: [0.07479817420244217, -0.11902659386396408, 0.4160999059677124], [0.08228949457406998, -0.13708409667015076, 0.4090692102909088]
Edge: 94, Vertices: [0.07242698967456818, -0.4328174591064453, -0.0180168729275465], [0.06433147937059402, -0.4328770637512207, -0.037150170654058456]
Edge: 95, Vertices: [-0.08433303982019424, -0.34178951382637024, -0.26261964440345764], [-0.09641239047050476, -0.3293686807155609, -0.2740842401981354]
Edge: 96, Vertices: [-0.09641239047050476, -0.3293686807155609, -0.2740842401981354], [-0.1085323691368103, -0.31629160046577454, -0.28474822640419006]
Edge: 97, Vertices: [-0.09273380786180496, 0.1574382334947586, 0.39939311146736145], [-0.08067276328802109, 0.14259381592273712, 0.4075047969818115]
Edge: 98, Vertices: [-0.3148033618927002, 0.024101179093122482, -0.3053182065486908], [-0.3213074505329132, 0.04175794869661331, -0.2965114116668701]
Edge: 99, Vertices: [-0.3193839192390442, 0.2963079810142517, 0.05564809590578079], [-0.31272533535957336, 0.2990981936454773, 0.07512891292572021]
Edge: 100, Vertices: [-0.060416169464588165, -0.36454084515571594, -0.23740488290786743], [-0.07232434302568436, -0.353523313999176, -0.25038307905197144]
Edge: 101, Vertices: [-0.06869148463010788, 0.12723219394683838, 0.41472241282463074], [-0.05681975558400154, 0.1113915890455246, 0.42102810740470886]
Edge: 102, Vertices: [-0.28130313754081726, 0.3011608421802521, 0.1518944352865219], [-0.2723483443260193, 0.29939553141593933, 0.17055773735046387]
Edge: 103, Vertices: [-0.2898389399051666, 0.3020147681236267, 0.1329725831747055], [-0.28130313754081726, 0.3011608421802521, 0.1518944352865219]
Edge: 104, Vertices: [-0.28394392132759094, -0.048305265605449677, -0.3315775692462921], [-0.2923480272293091, -0.03002648800611496, -0.3263928294181824]
Edge: 105, Vertices: [-0.2923480272293091, -0.03002648800611496, -0.3263928294181824], [-0.30030563473701477, -0.011835713870823383, -0.32027751207351685]
Edge: 106, Vertices: [0.08228949457406998, -0.13708409667015076, 0.4090692102909088], [0.08929591625928879, -0.15496349334716797, 0.40114060044288635]
Edge: 107, Vertices: [0.0800621286034584, -0.43184447288513184, 0.0012803630670532584], [0.07242698967456818, -0.4328174591064453, -0.0180168729275465]
Edge: 108, Vertices: [0.09387647360563278, -0.4271703064441681, 0.04017431661486626], [0.08721786737442017, -0.4299605190753937, 0.020693503320217133]
Edge: 109, Vertices: [0.08721786737442017, -0.4299605190753937, 0.020693503320217133], [0.0800621286034584, -0.43184447288513184, 0.0012803630670532584]
Edge: 110, Vertices: [0.0957999899983406, -0.1726202517747879, 0.39233383536338806], [0.1017855852842331, -0.19001054763793945, 0.3826707601547241]
Edge: 111, Vertices: [0.08929591625928879, -0.15496349334716797, 0.40114060044288635], [0.0957999899983406, -0.1726202517747879, 0.39233383536338806]
Edge: 112, Vertices: [-0.35464510321617126, 0.2322828471660614, -0.11477269232273102], [-0.3530454933643341, 0.24265526235103607, -0.09684285521507263]
Edge: 113, Vertices: [-0.3535952866077423, 0.16989701986312866, -0.19750091433525085], [-0.3550123870372772, 0.183676615357399, -0.18201740086078644]
Edge: 114, Vertices: [-0.12066284567117691, -0.30259090662002563, -0.294585257768631], [-0.13277365267276764, -0.2883005440235138, -0.3035707175731659]
Edge: 115, Vertices: [-0.12909506261348724, 0.19850637018680573, 0.3699066638946533], [-0.1169750913977623, 0.18542930483818054, 0.380570650100708]
Edge: 116, Vertices: [-0.14117442071437836, 0.21092721819877625, 0.3584420680999756], [-0.12909506261348724, 0.19850637018680573, 0.3699066638946533]
Edge: 117, Vertices: [-0.13277365267276764, -0.2883005440235138, -0.3035707175731659], [-0.1448346972465515, -0.2734561264514923, -0.3116823732852936]
Edge: 118, Vertices: [-0.34073498845100403, 0.2762564420700073, -0.021983206272125244], [-0.33621764183044434, 0.2825801968574524, -0.0027159329038113356]
Edge: 119, Vertices: [-0.33621764183044434, 0.2825801968574524, -0.0027159329038113356], [-0.3311447203159332, 0.2880387008190155, 0.016677221283316612]
Edge: 120, Vertices: [-0.3376505374908447, 0.09295721352100372, -0.2650515139102936], [-0.3419966995716095, 0.10929181426763535, -0.25297194719314575]
Edge: 121, Vertices: [-0.3419966995716095, 0.10929181426763535, -0.25297194719314575], [-0.3457728922367096, 0.12519200146198273, -0.2401442974805832]
Edge: 122, Vertices: [-0.07232434302568436, -0.353523313999176, -0.25038307905197144], [-0.08433303982019424, -0.34178951382637024, -0.26261964440345764]
Edge: 123, Vertices: [-0.08067276328802109, 0.14259381592273712, 0.4075047969818115], [-0.06869148463010788, 0.12723219394683838, 0.41472241282463074]
Edge: 124, Vertices: [-0.3558271825313568, 0.196836918592453, -0.16596227884292603], [-0.3560376763343811, 0.20934516191482544, -0.14937540888786316]
Edge: 125, Vertices: [-0.3560376763343811, 0.20934516191482544, -0.14937540888786316], [-0.35564330220222473, 0.22117027640342712, -0.1322980672121048]
Edge: 126, Vertices: [-0.15487010776996613, 0.3907018303871155, 0.008053218945860863], [-0.14771436154842377, 0.39258578419685364, 0.027466358616948128]
Edge: 127, Vertices: [-0.15694814920425415, 0.11570479720830917, -0.3723939061164856], [-0.16345222294330597, 0.1333615630865097, -0.3635871112346649]
Edge: 128, Vertices: [-0.14771436154842377, 0.39258578419685364, 0.027466358616948128], [-0.14007921516895294, 0.3935587704181671, 0.046763595193624496]
Edge: 129, Vertices: [-0.14994172751903534, 0.09782540798187256, -0.38032248616218567], [-0.15694814920425415, 0.11570479720830917, -0.3723939061164856]
Edge: 130, Vertices: [0.03719238191843033, -0.21098728477954865, -0.3616609275341034], [0.02508157305419445, -0.1966969221830368, -0.3706463873386383]
Edge: 131, Vertices: [0.02508157305419445, -0.1966969221830368, -0.3706463873386383], [0.013020533137023449, -0.18185250461101532, -0.3787580728530884]
Edge: 132, Vertices: [0.04088013619184494, 0.27703291177749634, 0.3134949505329132], [0.05301060900092125, 0.26333221793174744, 0.32333195209503174]
Edge: 133, Vertices: [0.028760157525539398, 0.2901099920272827, 0.3028309643268585], [0.04088013619184494, 0.27703291177749634, 0.3134949505329132]
Edge: 134, Vertices: [0.28838545083999634, -0.24860385060310364, 0.1781221330165863], [0.28799107670783997, -0.2604289650917053, 0.16104479134082794]
Edge: 135, Vertices: [-0.173289492726326, 0.3796423077583313, -0.05039846897125244], [-0.16767360270023346, 0.38422203063964844, -0.030927665531635284]
Edge: 136, Vertices: [-0.17489004135131836, 0.16783244907855988, -0.34342870116233826], [-0.17979532480239868, 0.1845608353614807, -0.3321272134780884]
Edge: 137, Vertices: [0.009000242687761784, 0.053687892854213715, -0.06654765456914902], [0.008405562490224838, 0.056191861629486084, -0.06452755630016327]
Edge: 138, Vertices: [0.011315777897834778, 0.04579126834869385, -0.07188252359628677], [0.010457160882651806, 0.04848112165927887, -0.07022971659898758]
Edge: 139, Vertices: [0.06564376503229141, -0.02959405817091465, -0.04697949066758156], [0.06400616466999054, -0.028752386569976807, -0.049683958292007446]
Edge: 140, Vertices: [0.053909994661808014, 0.05401856452226639, 0.03959408029913902], [0.055757660418748856, 0.051454752683639526, 0.04044102132320404]
Edge: 141, Vertices: [0.19534450769424438, -0.3359818756580353, -0.16016942262649536], [0.18561936914920807, -0.332409143447876, -0.17817725241184235]
Edge: 142, Vertices: [0.1982285976409912, 0.045686330646276474, 0.3678528368473053], [0.20746196806430817, 0.02736794389784336, 0.36456558108329773]
Edge: 143, Vertices: [0.0702345073223114, -0.031280554831027985, -0.038478899747133255], [0.06876181066036224, -0.03085971251130104, -0.041369982063770294]
Edge: 144, Vertices: [-0.06752855330705643, -0.06567688286304474, -0.40966325998306274], [-0.07813781499862671, -0.04782401770353317, -0.4102497696876526]
Edge: 145, Vertices: [-0.06424590945243835, 0.36873358488082886, 0.19132575392723083], [-0.053276821970939636, 0.36167022585868835, 0.20749403536319733]
Edge: 146, Vertices: [0.04062579572200775, 0.06969346851110458, 0.029738014563918114], [0.04252805933356285, 0.06773743033409119, 0.03154345974326134]
Edge: 147, Vertices: [0.12433259189128876, 0.17003564536571503, 0.3637675642967224], [0.1357000470161438, 0.15299862623214722, 0.3672525882720947]
Edge: 148, Vertices: [0.11276814341545105, 0.1867149919271469, 0.3593304753303528], [0.12433259189128876, 0.17003564536571503, 0.3637675642967224]
Edge: 149, Vertices: [0.12083578109741211, -0.2927159070968628, -0.2764301896095276], [0.10921712219715118, -0.2832111716270447, -0.2907930612564087]
Edge: 150, Vertices: [0.10921712219715118, -0.2832111716270447, -0.2907930612564087], [0.09743905812501907, -0.27293723821640015, -0.30448058247566223]
Edge: 151, Vertices: [-0.19715715944766998, 0.275280237197876, -0.24909310042858124], [-0.19797195494174957, 0.2884405255317688, -0.23303796350955963]
Edge: 152, Vertices: [-0.19678986072540283, 0.3238864839076996, -0.18184837698936462], [-0.19519025087356567, 0.33425888419151306, -0.16391855478286743]
Edge: 153, Vertices: [0.007008369080722332, 0.07305656373500824, -0.04478399455547333], [0.007260274142026901, 0.07469001412391663, -0.041960399597883224]
Edge: 154, Vertices: [0.006950526498258114, 0.06540203839540482, -0.05537371709942818], [0.006822212133556604, 0.06747452169656754, -0.05284534767270088]
Edge: 155, Vertices: [0.045766279101371765, -0.013333121314644814, -0.07155179977416992], [0.04385596513748169, -0.011175526306033134, -0.07310093194246292]
Edge: 156, Vertices: [0.055757660418748856, 0.051454752683639526, 0.04044102132320404], [0.057578835636377335, 0.04882808402180672, 0.04113977029919624]
Edge: 157, Vertices: [0.05519844591617584, -0.02254936657845974, -0.06194063648581505], [0.05334363132715225, -0.020931426435709, -0.06409615278244019]
Edge: 158, Vertices: [0.22469578683376312, -0.009232200682163239, 0.3551395535469055], [0.2326533943414688, -0.02742297574877739, 0.3490242063999176]
Edge: 159, Vertices: [0.22218669950962067, -0.3412734568119049, -0.10422585904598236], [0.2136509120464325, -0.3404195308685303, -0.12314771115779877]
Edge: 160, Vertices: [0.21629168093204498, 0.009046575985848904, 0.36032429337501526], [0.22469578683376312, -0.009232200682163239, 0.3551395535469055]
Edge: 161, Vertices: [0.20746196806430817, 0.02736794389784336, 0.36456558108329773], [0.21629168093204498, 0.009046575985848904, 0.36032429337501526]
Edge: 162, Vertices: [0.07067007571458817, 0.026360725983977318, 0.041265442967414856], [0.07206057757139206, 0.02347547374665737, 0.04059752821922302]
Edge: 163, Vertices: [0.2136509120464325, -0.3404195308685303, -0.12314771115779877], [0.20469610393047333, -0.33865422010421753, -0.14181101322174072]
Edge: 164, Vertices: [0.20469610393047333, -0.33865422010421753, -0.14181101322174072], [0.19534450769424438, -0.3359818756580353, -0.16016942262649536]
Edge: 165, Vertices: [0.06450926512479782, 0.037825457751750946, 0.04242375120520592], [0.06613176316022873, 0.0349850095808506, 0.0423629991710186]
Edge: 166, Vertices: [0.08916373550891876, 0.21883580088615417, 0.34764671325683594], [0.1010354682803154, 0.2029952108860016, 0.35395240783691406]
Edge: 167, Vertices: [0.1010354682803154, 0.2029952108860016, 0.35395240783691406], [0.11276814341545105, 0.1867149919271469, 0.3593304753303528]
Edge: 168, Vertices: [0.08553087711334229, -0.26191970705986023, -0.31745877861976624], [0.073522187769413, -0.25018590688705444, -0.32969534397125244]
Edge: 169, Vertices: [0.05334363132715225, -0.020931426435709, -0.06409615278244019], [0.05146832764148712, -0.01919637806713581, -0.06613995879888535]
Edge: 170, Vertices: [0.09743905812501907, -0.27293723821640015, -0.30448058247566223], [0.08553087711334229, -0.26191970705986023, -0.31745877861976624]
Edge: 171, Vertices: [0.006851168815046549, 0.07130654901266098, -0.04754389822483063], [0.007008369080722332, 0.07305656373500824, -0.04478399455547333]
Edge: 172, Vertices: [0.0827118381857872, -0.00862493459135294, 0.021825354546308517], [0.08302929997444153, -0.010887088254094124, 0.019483093172311783]
Edge: 173, Vertices: [0.08215752989053726, -0.025246353819966316, -0.0021786238066852093], [0.08162619918584824, -0.02650696597993374, -0.005150634795427322]
Edge: 174, Vertices: [0.13226614892482758, -0.30142781138420105, -0.26142773032188416], [0.12083578109741211, -0.2927159070968628, -0.2764301896095276]
Edge: 175, Vertices: [0.06059414520859718, -0.0266618262976408, -0.0548587366938591], [0.058828212320804596, -0.025418132543563843, -0.05731618031859398]
Edge: 176, Vertices: [0.1357000470161438, 0.15299862623214722, 0.3672525882720947], [0.14684227108955383, 0.1356462985277176, 0.3697769045829773]
Edge: 177, Vertices: [-0.05663927644491196, -0.0833013653755188, -0.40810585021972656], [-0.06752855330705643, -0.06567688286304474, -0.40966325998306274]
Edge: 178, Vertices: [-0.053276821970939636, 0.36167022585868835, 0.20749403536319733], [-0.042063158005476, 0.35377272963523865, 0.2230987697839737]
Edge: 179, Vertices: [0.08341392874717712, -0.017099397256970406, 0.011904274113476276], [0.08335182815790176, -0.018961619585752487, 0.00921492837369442]
Edge: 180, Vertices: [0.02736448124051094, 0.011708003468811512, -0.08066035062074661], [0.025693731382489204, 0.014519472606480122, -0.08075272291898727]
Edge: 181, Vertices: [0.027881434187293053, 0.08011909574270248, 0.013983586803078651], [0.029608847573399544, 0.07900675386190414, 0.016529766842722893]
Edge: 182, Vertices: [-0.16152870655059814, 0.3879116177558899, -0.011427593417465687], [-0.15487010776996613, 0.3907018303871155, 0.008053218945860863]
Edge: 183, Vertices: [-0.16767360270023346, 0.38422203063964844, -0.030927665531635284], [-0.16152870655059814, 0.3879116177558899, -0.011427593417465687]
Edge: 184, Vertices: [0.011593608185648918, 0.08255822211503983, -0.021016953513026237], [0.012561307288706303, 0.08313925564289093, -0.01794607751071453]
Edge: 185, Vertices: [-0.16345222294330597, 0.1333615630865097, -0.3635871112346649], [-0.16943781077861786, 0.15075185894966125, -0.353924036026001]
Edge: 186, Vertices: [-0.16943781077861786, 0.15075185894966125, -0.353924036026001], [-0.17489004135131836, 0.16783244907855988, -0.34342870116233826]
Edge: 187, Vertices: [-0.14007921516895294, 0.3935587704181671, 0.046763595193624496], [-0.1319837123155594, 0.3936183750629425, 0.0658968910574913]
Edge: 188, Vertices: [-0.14245040714740753, 0.07976790517568588, -0.38735318183898926], [-0.14994172751903534, 0.09782540798187256, -0.38032248616218567]
Edge: 189, Vertices: [0.016818931326270103, 0.031748004257678986, -0.07811000198125839], [0.015565765090286732, 0.034612689167261124, -0.07714695483446121]
Edge: 190, Vertices: [0.06876181066036224, -0.03085971251130104, -0.041369982063770294], [0.06723029911518097, -0.03029708005487919, -0.04420586675405502]
Edge: 191, Vertices: [0.06770197302103043, 0.0321226604282856, 0.04214928299188614], [0.06921599805355072, 0.029245514422655106, 0.04178312420845032]
Edge: 192, Vertices: [0.06921599805355072, 0.029245514422655106, 0.04178312420845032], [0.07067007571458817, 0.026360725983977318, 0.041265442967414856]
Edge: 193, Vertices: [0.04385596513748169, -0.011175526306033134, -0.07310093194246292], [0.04194875434041023, -0.008925078436732292, -0.07451596856117249]
Edge: 194, Vertices: [0.04194875434041023, -0.008925078436732292, -0.07451596856117249], [0.04004937782883644, -0.0065873730927705765, -0.07579339295625687]
Edge: 195, Vertices: [0.04443671554327011, 0.06567805260419846, 0.033222831785678864], [0.04634702578186989, 0.06352045387029648, 0.03477196395397186]
Edge: 196, Vertices: [0.04252805933356285, 0.06773743033409119, 0.03154345974326134], [0.04443671554327011, 0.06567805260419846, 0.033222831785678864]
Edge: 197, Vertices: [0.012561307288706303, 0.08313925564289093, -0.01794607751071453], [0.013609903864562511, 0.0835786685347557, -0.014878232963383198]
Edge: 198, Vertices: [0.013609903864562511, 0.0835786685347557, -0.014878232963383198], [0.014736794866621494, 0.08387535065412521, -0.01182104367762804]
Edge: 199, Vertices: [0.013282653875648975, 0.04027204588055611, -0.07479116320610046], [0.012258388102054596, 0.043052639812231064, -0.07340426743030548]
Edge: 200, Vertices: [0.012258388102054596, 0.043052639812231064, -0.07340426743030548], [0.011315777897834778, 0.04579126834869385, -0.07188252359628677]
Edge: 201, Vertices: [0.08338078111410141, -0.015129593200981617, 0.014516378752887249], [0.08341392874717712, -0.017099397256970406, 0.011904274113476276]
Edge: 202, Vertices: [0.28799107670783997, -0.2604289650917053, 0.16104479134082794], [0.2869928479194641, -0.2715415358543396, 0.14351941645145416]
Edge: 203, Vertices: [0.08335182815790176, -0.018961619585752487, 0.00921492837369442], [0.08319462090730667, -0.020711630582809448, 0.006455026566982269]
Edge: 204, Vertices: [0.28817495703697205, -0.2360956072807312, 0.19470900297164917], [0.28838545083999634, -0.24860385060310364, 0.1781221330165863]
Edge: 205, Vertices: [0.03317483887076378, 0.07639110088348389, 0.021349798887968063], [0.035004548728466034, 0.07489429414272308, 0.02361166663467884]
Edge: 206, Vertices: [-0.19372420012950897, 0.2471359670162201, -0.2794499695301056], [-0.19574007391929626, 0.26150062680244446, -0.26457661390304565]
Edge: 207, Vertices: [-0.19574007391929626, 0.26150062680244446, -0.26457661390304565], [-0.19715715944766998, 0.275280237197876, -0.24909310042858124]
Edge: 208, Vertices: [-0.19299326837062836, 0.34386536478996277, -0.14562883973121643], [-0.19020432233810425, 0.352681964635849, -0.12702471017837524]
Edge: 209, Vertices: [-0.19519025087356567, 0.33425888419151306, -0.16391855478286743], [-0.19299326837062836, 0.34386536478996277, -0.14562883973121643]
Edge: 210, Vertices: [0.07426381856203079, -0.03168364614248276, -0.029546858742833138], [0.07298892736434937, -0.03169303387403488, -0.03255997970700264]
Edge: 211, Vertices: [0.28539323806762695, -0.2819139361381531, 0.12558957934379578], [0.28319627046585083, -0.2915204167366028, 0.10729987174272537]
Edge: 212, Vertices: [0.2869928479194641, -0.2715415358543396, 0.14351941645145416], [0.28539323806762695, -0.2819139361381531, 0.12558957934379578]
Edge: 213, Vertices: [0.28594306111335754, -0.20915570855140686, 0.226247638463974], [0.28736016154289246, -0.22293530404567719, 0.21076412498950958]
Edge: 214, Vertices: [0.28736016154289246, -0.22293530404567719, 0.21076412498950958], [0.28817495703697205, -0.2360956072807312, 0.19470900297164917]
Edge: 215, Vertices: [0.05204043164849281, 0.05651314929127693, 0.03860105946660042], [0.053909994661808014, 0.05401856452226639, 0.03959408029913902]
Edge: 216, Vertices: [0.05146832764148712, -0.01919637806713581, -0.06613995879888535], [0.049577195197343826, -0.01734853908419609, -0.06806698441505432]
Edge: 217, Vertices: [0.050153616815805435, 0.05893230065703392, 0.03746442496776581], [0.05204043164849281, 0.05651314929127693, 0.03860105946660042]
Edge: 218, Vertices: [0.062321558594703674, -0.02777416817843914, -0.05231255665421486], [0.06059414520859718, -0.0266618262976408, -0.0548587366938591]
Edge: 219, Vertices: [0.14347980916500092, -0.30932527780532837, -0.2458229959011078], [0.13226614892482758, -0.30142781138420105, -0.26142773032188416]
Edge: 220, Vertices: [0.06112366542220116, 0.04341243952512741, 0.042086128145456314], [0.06283850967884064, 0.040636926889419556, 0.042331382632255554]
Edge: 221, Vertices: [0.14684227108955383, 0.1356462985277176, 0.3697769045829773], [0.1577315479516983, 0.11802181601524353, 0.3713342845439911]
Edge: 222, Vertices: [-0.18791766464710236, 0.21679562330245972, -0.3072199821472168], [-0.19111455976963043, 0.23222193121910095, -0.2936762273311615]
Edge: 223, Vertices: [-0.19111455976963043, 0.23222193121910095, -0.2936762273311615], [-0.19372420012950897, 0.2471359670162201, -0.2794499695301056]
Edge: 224, Vertices: [-0.18683035671710968, 0.3606868386268616, -0.10815241932868958], [-0.18287977576255798, 0.3678600490093231, -0.08905889838933945]
Edge: 225, Vertices: [-0.19020432233810425, 0.352681964635849, -0.12702471017837524], [-0.18683035671710968, 0.3606868386268616, -0.10815241932868958]
Edge: 226, Vertices: [-0.11725897341966629, 0.024976985529065132, -0.4028945565223694], [-0.1260886937379837, 0.043298352509737015, -0.3986532688140869]
Edge: 227, Vertices: [0.020986992865800858, 0.023099415004253387, -0.08011209219694138], [0.01953291706740856, 0.025984203442931175, -0.07959441095590591]
Edge: 228, Vertices: [-0.11449310928583145, 0.3909991383552551, 0.10348205268383026], [-0.10514150559902191, 0.3883267939090729, 0.1218404546380043]
Edge: 229, Vertices: [-0.010832477360963821, -0.1506502777338028, -0.3922813832759857], [-0.022565148770809174, -0.13437005877494812, -0.39765942096710205]
Edge: 230, Vertices: [-0.022565148770809174, -0.13437005877494812, -0.39765942096710205], [-0.03412959724664688, -0.11769071966409683, -0.4020965099334717]
Edge: 231, Vertices: [-0.007236064877361059, 0.32528215646743774, 0.2661516070365906], [0.004672113806009293, 0.3142646253108978, 0.2791298031806946]
Edge: 232, Vertices: [-0.019014129415154457, 0.3355560898780823, 0.25246408581733704], [-0.007236064877361059, 0.32528215646743774, 0.2661516070365906]
Edge: 233, Vertices: [0.08325246721506119, -0.013057108037173748, 0.01704474724829197], [0.08338078111410141, -0.015129593200981617, 0.014516378752887249]
Edge: 234, Vertices: [0.08302929997444153, -0.010887088254094124, 0.019483093172311783], [0.08325246721506119, -0.013057108037173748, 0.01704474724829197]
Edge: 235, Vertices: [0.08294271677732468, -0.022345082834362984, 0.00363143184222281], [0.08259673416614532, -0.023857910186052322, 0.0007511604926548898]
Edge: 236, Vertices: [0.08319462090730667, -0.020711630582809448, 0.006455026566982269], [0.08294271677732468, -0.022345082834362984, 0.00363143184222281]
Edge: 237, Vertices: [-0.0853419154882431, 0.38028988242149353, 0.1574607938528061], [-0.07494313269853592, 0.3749452531337738, 0.1746341735124588]
Edge: 238, Vertices: [-0.07494313269853592, 0.3749452531337738, 0.1746341735124588], [-0.06424590945243835, 0.36873358488082886, 0.19132575392723083]
Edge: 239, Vertices: [-0.0884406790137291, -0.029787208884954453, -0.40986397862434387], [-0.09841154515743256, -0.011611275374889374, -0.4085069000720978]
Edge: 240, Vertices: [-0.07813781499862671, -0.04782401770353317, -0.4102497696876526], [-0.0884406790137291, -0.029787208884954453, -0.40986397862434387]
Edge: 241, Vertices: [0.014736794866621494, 0.08387535065412521, -0.01182104367762804], [0.015939177945256233, 0.08402857929468155, -0.00878211110830307]
Edge: 242, Vertices: [0.015939177945256233, 0.08402857929468155, -0.00878211110830307], [0.017214063555002213, 0.08403795957565308, -0.005768991075456142]
Edge: 243, Vertices: [0.015565765090286732, 0.034612689167261124, -0.07714695483446121], [0.014386028051376343, 0.037456393241882324, -0.07603976130485535]
Edge: 244, Vertices: [0.014386028051376343, 0.037456393241882324, -0.07603976130485535], [0.013282653875648975, 0.04027204588055611, -0.07479116320610046]
Edge: 245, Vertices: [0.038162559270858765, -0.004168219864368439, -0.07693003118038177], [0.036292996257543564, -0.001673636375926435, -0.07792305201292038]
Edge: 246, Vertices: [0.029608847573399544, 0.07900675386190414, 0.016529766842722893], [0.03137477859854698, 0.07776305824518204, 0.01898721233010292]
Edge: 247, Vertices: [0.030834008008241653, 0.006199841387569904, -0.0800175592303276], [0.02907932735979557, 0.008932488039135933, -0.08041509985923767]
Edge: 248, Vertices: [0.02907932735979557, 0.008932488039135933, -0.08041509985923767], [0.02736448124051094, 0.011708003468811512, -0.08066035062074661]
Edge: 249, Vertices: [0.058828212320804596, -0.025418132543563843, -0.05731618031859398], [0.0570281557738781, -0.024046173319220543, -0.05967877060174942]
Edge: 250, Vertices: [0.0570281557738781, -0.024046173319220543, -0.05967877060174942], [0.05519844591617584, -0.02254936657845974, -0.06194063648581505]
Edge: 251, Vertices: [0.057578835636377335, 0.04882808402180672, 0.04113977029919624], [0.05936898663640022, 0.04614508897066116, 0.041688594967126846]
Edge: 252, Vertices: [0.05936898663640022, 0.04614508897066116, 0.041688594967126846], [0.06112366542220116, 0.04341243952512741, 0.042086128145456314]
Edge: 253, Vertices: [0.009910328313708305, 0.08097740262746811, -0.027137260884046555], [0.010709217749536037, 0.0818370059132576, -0.024083219468593597]
Edge: 254, Vertices: [0.010709217749536037, 0.0818370059132576, -0.024083219468593597], [0.011593608185648918, 0.08255822211503983, -0.021016953513026237]
Edge: 255, Vertices: [0.010457160882651806, 0.04848112165927887, -0.07022971659898758], [0.009684677235782146, 0.05111551284790039, -0.0684499517083168]
Edge: 256, Vertices: [0.035004548728466034, 0.07489429414272308, 0.02361166663467884], [0.036859359592199326, 0.07327635586261749, 0.025767184793949127]
Edge: 257, Vertices: [0.036859359592199326, 0.07327635586261749, 0.025767184793949127], [0.038734663277864456, 0.07154130935668945, 0.027810992673039436]
Edge: 258, Vertices: [0.03444533050060272, 0.0008901755209080875, -0.0787699893116951], [0.03262415900826454, 0.003516845405101776, -0.0794687420129776]
Edge: 259, Vertices: [0.036292996257543564, -0.001673636375926435, -0.07792305201292038], [0.03444533050060272, 0.0008901755209080875, -0.0787699893116951]
Edge: 260, Vertices: [0.2813175618648529, -0.17987699806690216, 0.25534725189208984], [0.28392720222473145, -0.1947910338640213, 0.24112099409103394]
Edge: 261, Vertices: [0.28392720222473145, -0.1947910338640213, 0.24112099409103394], [0.28594306111335754, -0.20915570855140686, 0.226247638463974]
Edge: 262, Vertices: [0.08230087906122208, -0.006276271305978298, 0.024065710604190826], [0.0827118381857872, -0.00862493459135294, 0.021825354546308517]
Edge: 263, Vertices: [0.2804073095321655, -0.3003370463848114, 0.08869574964046478], [0.27703332901000977, -0.3083418905735016, 0.06982345134019852]
Edge: 264, Vertices: [0.28319627046585083, -0.2915204167366028, 0.10729987174272537], [0.2804073095321655, -0.3003370463848114, 0.08869574964046478]
Edge: 265, Vertices: [0.08259673416614532, -0.023857910186052322, 0.0007511604926548898], [0.08215752989053726, -0.025246353819966316, -0.0021786238066852093]
Edge: 266, Vertices: [-0.09541638195514679, 0.3847540616989136, 0.13984829187393188], [-0.0853419154882431, 0.38028988242149353, 0.1574607938528061]
Edge: 267, Vertices: [0.021441180258989334, 0.08320464193820953, 0.003041014540940523], [0.022972697392106056, 0.08264201134443283, 0.005876896437257528]
Edge: 268, Vertices: [-0.10514150559902191, 0.3883267939090729, 0.1218404546380043], [-0.09541638195514679, 0.3847540616989136, 0.13984829187393188]
Edge: 269, Vertices: [-0.09841154515743256, -0.011611275374889374, -0.4085069000720978], [-0.10802560299634933, 0.006658599246293306, -0.40618181228637695]
Edge: 270, Vertices: [-0.10802560299634933, 0.006658599246293306, -0.40618181228637695], [-0.11725897341966629, 0.024976985529065132, -0.4028945565223694]
Edge: 271, Vertices: [0.08179742842912674, -0.003846933599561453, 0.02619858831167221], [0.08230087906122208, -0.006276271305978298, 0.024065710604190826]
Edge: 272, Vertices: [0.02250101789832115, 0.020222267135977745, -0.0804782509803772], [0.020986992865800858, 0.023099415004253387, -0.08011209219694138]
Edge: 273, Vertices: [0.022972697392106056, 0.08264201134443283, 0.005876896437257528], [0.024559227749705315, 0.08193898946046829, 0.0086505226790905]
Edge: 274, Vertices: [0.0810040608048439, -0.027636606246232986, -0.008157488889992237], [0.08029266446828842, -0.028632469475269318, -0.011191708035767078]
Edge: 275, Vertices: [0.08051831275224686, 0.0012294179759919643, 0.030120981857180595], [0.08120275288820267, -0.001342961797490716, 0.028218688443303108]
Edge: 276, Vertices: [0.07794460654258728, 0.009292288683354855, 0.03507529944181442], [0.0788872167468071, 0.00655366200953722, 0.033553555607795715]
Edge: 277, Vertices: [0.07860938459634781, -0.03021329641342163, -0.01731201633810997], [0.07764168828725815, -0.030794329941272736, -0.020382892340421677]
Edge: 278, Vertices: [0.1651461273431778, -0.3226003348827362, -0.21296314895153046], [0.15444889664649963, -0.31638863682746887, -0.2296547144651413]
Edge: 279, Vertices: [0.06400616466999054, -0.028752386569976807, -0.049683958292007446], [0.062321558594703674, -0.02777416817843914, -0.05231255665421486]
Edge: 280, Vertices: [0.15444889664649963, -0.31638863682746887, -0.2296547144651413], [0.14347980916500092, -0.30932527780532837, -0.2458229959011078]
Edge: 281, Vertices: [0.16834081709384918, 0.10016895085573196, 0.37192079424858093], [0.17864367365837097, 0.08213213831186295, 0.3715350031852722]
Edge: 282, Vertices: [0.06283850967884064, 0.040636926889419556, 0.042331382632255554], [0.06450926512479782, 0.037825457751750946, 0.04242375120520592]
Edge: 283, Vertices: [0.1577315479516983, 0.11802181601524353, 0.3713342845439911], [0.16834081709384918, 0.10016895085573196, 0.37192079424858093]
Edge: 284, Vertices: [0.26999831199645996, -0.13221590220928192, 0.2937982380390167], [0.27434447407722473, -0.14855051040649414, 0.2817186713218689]
Edge: 285, Vertices: [0.0797458365559578, 0.003863806836307049, 0.03190074861049652], [0.08051831275224686, 0.0012294179759919643, 0.030120981857180595]
Edge: 286, Vertices: [0.26856541633605957, -0.3218388855457306, 0.0314626544713974], [0.26349249482154846, -0.3272973895072937, 0.012069500051438808]
Edge: 287, Vertices: [0.08029266446828842, -0.028632469475269318, -0.011191708035767078], [0.07949377596378326, -0.029492076486349106, -0.014245749451220036]
Edge: 288, Vertices: [-0.042063158005476, 0.35377272963523865, 0.2230987697839737], [-0.030632786452770233, 0.3450608253479004, 0.23810122907161713]
Edge: 289, Vertices: [-0.030632786452770233, 0.3450608253479004, 0.23810122907161713], [-0.019014129415154457, 0.3355560898780823, 0.25246408581733704]
Edge: 290, Vertices: [0.03137477859854698, 0.07776305824518204, 0.01898721233010292], [0.03317483887076378, 0.07639110088348389, 0.021349798887968063]
Edge: 291, Vertices: [-0.04549705982208252, -0.10065370053052902, -0.405581533908844], [-0.05663927644491196, -0.0833013653755188, -0.40810585021972656]
Edge: 292, Vertices: [0.03262415900826454, 0.003516845405101776, -0.0794687420129776], [0.030834008008241653, 0.006199841387569904, -0.0800175592303276]
Edge: 293, Vertices: [-0.03412959724664688, -0.11769071966409683, -0.4020965099334717], [-0.04549705982208252, -0.10065370053052902, -0.405581533908844]
Edge: 294, Vertices: [0.18561936914920807, -0.332409143447876, -0.17817725241184235], [0.17554490268230438, -0.32794496417045593, -0.19578976929187775]
Edge: 295, Vertices: [0.17554490268230438, -0.32794496417045593, -0.19578976929187775], [0.1651461273431778, -0.3226003348827362, -0.21296314895153046]
Edge: 296, Vertices: [0.06723029911518097, -0.03029708005487919, -0.04420586675405502], [0.06564376503229141, -0.02959405817091465, -0.04697949066758156]
Edge: 297, Vertices: [0.06613176316022873, 0.0349850095808506, 0.0423629991710186], [0.06770197302103043, 0.0321226604282856, 0.04214928299188614]
Edge: 298, Vertices: [0.18861453235149384, 0.06395620852708817, 0.3701779246330261], [0.1982285976409912, 0.045686330646276474, 0.3678528368473053]
Edge: 299, Vertices: [0.17864367365837097, 0.08213213831186295, 0.3715350031852722], [0.18861453235149384, 0.06395620852708817, 0.3701779246330261]
Edge: 300, Vertices: [0.25964081287384033, -0.09840693324804306, 0.3155950605869293], [0.26509302854537964, -0.11548752337694168, 0.3050997257232666]
Edge: 301, Vertices: [0.0788872167468071, 0.00655366200953722, 0.033553555607795715], [0.0797458365559578, 0.003863806836307049, 0.03190074861049652]
Edge: 302, Vertices: [0.26509302854537964, -0.11548752337694168, 0.3050997257232666], [0.26999831199645996, -0.13221590220928192, 0.2937982380390167]
Edge: 303, Vertices: [0.25787660479545593, -0.33187711238861084, -0.007401303853839636], [0.2517316937446594, -0.3355666697025299, -0.026901375502347946]
Edge: 304, Vertices: [0.07949377596378326, -0.029492076486349106, -0.014245749451220036], [0.07860938459634781, -0.03021329641342163, -0.01731201633810997]
Edge: 305, Vertices: [0.26349249482154846, -0.3272973895072937, 0.012069500051438808], [0.25787660479545593, -0.33187711238861084, -0.007401303853839636]
Edge: 306, Vertices: [0.07164471596479416, -0.031558558344841, -0.03553979471325874], [0.0702345073223114, -0.031280554831027985, -0.038478899747133255]
Edge: 307, Vertices: [0.07298892736434937, -0.03169303387403488, -0.03255997970700264], [0.07164471596479416, -0.031558558344841, -0.03553979471325874]
Edge: 308, Vertices: [0.07206057757139206, 0.02347547374665737, 0.04059752821922302], [0.07338406145572662, 0.020596927031874657, 0.039781033992767334]
Edge: 309, Vertices: [0.07338406145572662, 0.020596927031874657, 0.039781033992767334], [0.07463722676038742, 0.01773224025964737, 0.038817986845970154]
Edge: 310, Vertices: [-0.1977880895137787, 0.3127738833427429, -0.1993737518787384], [-0.19678986072540283, 0.3238864839076996, -0.18184837698936462]
Edge: 311, Vertices: [0.006789064966142178, 0.06944432854652405, -0.05023324489593506], [0.006808214355260134, 0.07038918137550354, -0.04889781400561333]
Edge: 312, Vertices: [0.006808214355260134, 0.07038918137550354, -0.04889781400561333], [0.006851168815046549, 0.07130654901266098, -0.04754389822483063]
Edge: 313, Vertices: [-0.19797195494174957, 0.2884405255317688, -0.23303796350955963], [-0.19818244874477386, 0.3009487986564636, -0.21645110845565796]
Edge: 314, Vertices: [0.006822212133556604, 0.06747452169656754, -0.05284534767270088], [0.006789064966142178, 0.06944432854652405, -0.05023324489593506]
Edge: 315, Vertices: [-0.19818244874477386, 0.3009487986564636, -0.21645110845565796], [-0.1977880895137787, 0.3127738833427429, -0.1993737518787384]
Edge: 316, Vertices: [0.27434447407722473, -0.14855051040649414, 0.2817186713218689], [0.27812066674232483, -0.16445069015026093, 0.26889103651046753]
Edge: 317, Vertices: [0.27812066674232483, -0.16445069015026093, 0.26889103651046753], [0.2813175618648529, -0.17987699806690216, 0.25534725189208984]
Edge: 318, Vertices: [0.08120275288820267, -0.001342961797490716, 0.028218688443303108], [0.08179742842912674, -0.003846933599561453, 0.02619858831167221]
Edge: 319, Vertices: [0.27308276295661926, -0.3155151307582855, 0.05072992667555809], [0.26856541633605957, -0.3218388855457306, 0.0314626544713974]
Edge: 320, Vertices: [0.27703332901000977, -0.3083418905735016, 0.06982345134019852], [0.27308276295661926, -0.3155151307582855, 0.05072992667555809]
Edge: 321, Vertices: [0.08162619918584824, -0.02650696597993374, -0.005150634795427322], [0.0810040608048439, -0.027636606246232986, -0.008157488889992237]
Edge: 322, Vertices: [0.013020533137023449, -0.18185250461101532, -0.3787580728530884], [0.0010392552940174937, -0.16649088263511658, -0.3859756886959076]
Edge: 323, Vertices: [0.04004937782883644, -0.0065873730927705765, -0.07579339295625687], [0.038162559270858765, -0.004168219864368439, -0.07693003118038177]
Edge: 324, Vertices: [0.0010392552940174937, -0.16649088263511658, -0.3859756886959076], [-0.010832477360963821, -0.1506502777338028, -0.3922813832759857]
Edge: 325, Vertices: [0.016680806875228882, 0.30253082513809204, 0.2913663685321808], [0.028760157525539398, 0.2901099920272827, 0.3028309643268585]
Edge: 326, Vertices: [0.004672113806009293, 0.3142646253108978, 0.2791298031806946], [0.016680806875228882, 0.30253082513809204, 0.2913663685321808]
Edge: 327, Vertices: [0.038734663277864456, 0.07154130935668945, 0.027810992673039436], [0.04062579572200775, 0.06969346851110458, 0.029738014563918114]
Edge: 328, Vertices: [0.049322858452796936, -0.22468799352645874, -0.35182392597198486], [0.03719238191843033, -0.21098728477954865, -0.3616609275341034]
Edge: 329, Vertices: [0.047674935311079025, -0.015392499044537544, -0.0698724240064621], [0.045766279101371765, -0.013333121314644814, -0.07155179977416992]
Edge: 330, Vertices: [0.05301060900092125, 0.26333221793174744, 0.32333195209503174], [0.06512141972780228, 0.2490418553352356, 0.33231744170188904]
Edge: 331, Vertices: [0.04634702578186989, 0.06352045387029648, 0.03477196395397186], [0.048254240304231644, 0.061270006000995636, 0.03618700057268143]
Edge: 332, Vertices: [0.01953291706740856, 0.025984203442931175, -0.07959441095590591], [0.01814241148531437, 0.02886945568025112, -0.07892649620771408]
Edge: 333, Vertices: [0.018558280542492867, 0.0839034914970398, -0.0027891737408936024], [0.019968487322330475, 0.08362548053264618, 0.00014992874639574438]
Edge: 334, Vertices: [0.019968487322330475, 0.08362548053264618, 0.00014992874639574438], [0.021441180258989334, 0.08320464193820953, 0.003041014540940523]
Edge: 335, Vertices: [0.007902114652097225, 0.058621201664209366, -0.062394678592681885], [0.0074911522679030895, 0.06096986308693886, -0.060154322534799576]
Edge: 336, Vertices: [0.008405562490224838, 0.056191861629486084, -0.06452755630016327], [0.007902114652097225, 0.058621201664209366, -0.062394678592681885]
Edge: 337, Vertices: [0.008576794527471066, 0.07885189354419708, -0.033178333193063736], [0.009198931977152824, 0.07998153567314148, -0.030171480029821396]
Edge: 338, Vertices: [0.008045464754104614, 0.07759128510951996, -0.03615034371614456], [0.008576794527471066, 0.07885189354419708, -0.033178333193063736]
Edge: 339, Vertices: [0.2326533943414688, -0.02742297574877739, 0.3490242063999176], [0.24014471471309662, -0.045480478554964066, 0.341993510723114]
Edge: 340, Vertices: [0.07463722676038742, 0.01773224025964737, 0.038817986845970154], [0.07581696659326553, 0.014888535253703594, 0.03771079331636429]
Edge: 341, Vertices: [0.23028221726417542, -0.3412138521671295, -0.08509255945682526], [0.22218669950962067, -0.3412734568119049, -0.10422585904598236]
Edge: 342, Vertices: [0.07546620070934296, -0.03153042122721672, -0.026507925242185593], [0.07426381856203079, -0.03168364614248276, -0.029546858742833138]
Edge: 343, Vertices: [0.073522187769413, -0.25018590688705444, -0.32969534397125244], [0.06144283711910248, -0.23776505887508392, -0.3411599397659302]
Edge: 344, Vertices: [0.049577195197343826, -0.01734853908419609, -0.06806698441505432], [0.047674935311079025, -0.015392499044537544, -0.0698724240064621]
Edge: 345, Vertices: [0.06144283711910248, -0.23776505887508392, -0.3411599397659302], [0.049322858452796936, -0.22468799352645874, -0.35182392597198486]
Edge: 346, Vertices: [0.07718245685100555, 0.2341974377632141, 0.3404290974140167], [0.08916373550891876, 0.21883580088615417, 0.34764671325683594]
Edge: 347, Vertices: [0.048254240304231644, 0.061270006000995636, 0.03618700057268143], [0.050153616815805435, 0.05893230065703392, 0.03746442496776581]
Edge: 348, Vertices: [0.06512141972780228, 0.2490418553352356, 0.33231744170188904], [0.07718245685100555, 0.2341974377632141, 0.3404290974140167]
Edge: 349, Vertices: [0.007173692341893911, 0.06323201954364777, -0.05781206116080284], [0.006950526498258114, 0.06540203839540482, -0.05537371709942818]
Edge: 350, Vertices: [0.0074911522679030895, 0.06096986308693886, -0.060154322534799576], [0.007173692341893911, 0.06323201954364777, -0.05781206116080284]
Edge: 351, Vertices: [0.0076062604784965515, 0.07620283961296082, -0.03908012807369232], [0.008045464754104614, 0.07759128510951996, -0.03615034371614456]
Edge: 352, Vertices: [0.007260274142026901, 0.07469001412391663, -0.041960399597883224], [0.0076062604784965515, 0.07620283961296082, -0.03908012807369232]
Edge: 353, Vertices: [0.026196829974651337, 0.0810973197221756, 0.011354989372193813], [0.027881434187293053, 0.08011909574270248, 0.013983586803078651]
Edge: 354, Vertices: [0.024559227749705315, 0.08193898946046829, 0.0086505226790905], [0.026196829974651337, 0.0810973197221756, 0.011354989372193813]
Edge: 355, Vertices: [0.025693731382489204, 0.014519472606480122, -0.08075272291898727], [0.024071231484413147, 0.017359917983412743, -0.08069196343421936]
Edge: 356, Vertices: [0.024071231484413147, 0.017359917983412743, -0.08069196343421936], [0.02250101789832115, 0.020222267135977745, -0.0804782509803772]
Edge: 357, Vertices: [0.017214063555002213, 0.08403795957565308, -0.005768991075456142], [0.018558280542492867, 0.0839034914970398, -0.0027891737408936024]
Edge: 358, Vertices: [-0.12344792485237122, 0.39276447892189026, 0.08481874316930771], [-0.11449310928583145, 0.3909991383552551, 0.10348205268383026]
Edge: 359, Vertices: [-0.1319837123155594, 0.3936183750629425, 0.0658968910574913], [-0.12344792485237122, 0.39276447892189026, 0.08481874316930771]
Edge: 360, Vertices: [-0.1260886937379837, 0.043298352509737015, -0.3986532688140869], [-0.13449279963970184, 0.06157713010907173, -0.3934685289859772]
Edge: 361, Vertices: [-0.13449279963970184, 0.06157713010907173, -0.3934685289859772], [-0.14245040714740753, 0.07976790517568588, -0.38735318183898926]
Edge: 362, Vertices: [0.01814241148531437, 0.02886945568025112, -0.07892649620771408], [0.016818931326270103, 0.031748004257678986, -0.07811000198125839]
Edge: 363, Vertices: [0.07581696659326553, 0.014888535253703594, 0.03771079331636429], [0.07692033797502518, 0.012072884477674961, 0.036462195217609406]
Edge: 364, Vertices: [0.24014471471309662, -0.045480478554964066, 0.341993510723114], [0.24715113639831543, -0.06335987150669098, 0.33406493067741394]
Edge: 365, Vertices: [0.07659309357404709, -0.031233737245202065, -0.023450735956430435], [0.07546620070934296, -0.03153042122721672, -0.026507925242185593]
Edge: 366, Vertices: [0.23791734874248505, -0.34024086594581604, -0.06579532474279404], [0.23028221726417542, -0.3412138521671295, -0.08509255945682526]
Edge: 367, Vertices: [0.2517316937446594, -0.3355666697025299, -0.026901375502347946], [0.2450730949640274, -0.3383568823337555, -0.04638218879699707]
Edge: 368, Vertices: [0.07764168828725815, -0.030794329941272736, -0.020382892340421677], [0.07659309357404709, -0.031233737245202065, -0.023450735956430435]
Edge: 369, Vertices: [0.2450730949640274, -0.3383568823337555, -0.04638218879699707], [0.23791734874248505, -0.34024086594581604, -0.06579532474279404]
Edge: 370, Vertices: [0.25365522503852844, -0.08101663738489151, 0.32525813579559326], [0.25964081287384033, -0.09840693324804306, 0.3155950605869293]
Edge: 371, Vertices: [0.07692033797502518, 0.012072884477674961, 0.036462195217609406], [0.07794460654258728, 0.009292288683354855, 0.03507529944181442]
Edge: 372, Vertices: [0.24715113639831543, -0.06335987150669098, 0.33406493067741394], [0.25365522503852844, -0.08101663738489151, 0.32525813579559326]
Edge: 373, Vertices: [-0.18287977576255798, 0.3678600490093231, -0.08905889838933945], [-0.1783624291419983, 0.3741838037967682, -0.06979162245988846]
Edge: 374, Vertices: [-0.1783624291419983, 0.3741838037967682, -0.06979162245988846], [-0.173289492726326, 0.3796423077583313, -0.05039846897125244]
Edge: 375, Vertices: [0.009198931977152824, 0.07998153567314148, -0.030171480029821396], [0.009910328313708305, 0.08097740262746811, -0.027137260884046555]
Edge: 376, Vertices: [-0.18414147198200226, 0.20089542865753174, -0.32004761695861816], [-0.18791766464710236, 0.21679562330245972, -0.3072199821472168]
Edge: 377, Vertices: [-0.17979532480239868, 0.1845608353614807, -0.3321272134780884], [-0.18414147198200226, 0.20089542865753174, -0.32004761695861816]
Edge: 378, Vertices: [0.009684677235782146, 0.05111551284790039, -0.0684499517083168], [0.009000242687761784, 0.053687892854213715, -0.06654765456914902]
Edge: 379, Vertices: [0.08142928034067154, -0.02043369971215725, -0.05368705838918686], [0.07979167997837067, -0.019592029973864555, -0.05639152601361275]
Edge: 380, Vertices: [0.08191727846860886, 0.044145368039608, 0.0356554314494133], [0.08348748832941055, 0.041283018887043, 0.03544171527028084]
Edge: 381, Vertices: [0.024785757064819336, 0.06284824758768082, -0.07325522601604462], [0.024191075935959816, 0.06535221636295319, -0.07123512029647827]
Edge: 382, Vertices: [0.024984445422887802, 0.08914189040660858, -0.0368790477514267], [0.025695843622088432, 0.09013775736093521, -0.03384482488036156]
Edge: 383, Vertices: [0.027379123494029045, 0.09171858429908752, -0.02772451750934124], [0.028346821665763855, 0.09229961782693863, -0.024653641507029533]
Edge: 384, Vertices: [0.027101291343569756, 0.05495162308216095, -0.07859008759260178], [0.026242675259709358, 0.05764148011803627, -0.07693728059530258]
Edge: 385, Vertices: [0.06969550997018814, 0.06317891925573349, 0.03288651630282402], [0.07154317945241928, 0.06061511114239693, 0.03373345732688904]
Edge: 386, Vertices: [0.06912914663553238, -0.011771069839596748, -0.07080371677875519], [0.06725384294986725, -0.01003602147102356, -0.07284753024578094]
Edge: 387, Vertices: [0.08645559102296829, 0.03552108258008957, 0.034557878971099854], [0.08784609287977219, 0.03263583034276962, 0.03388996049761772]
Edge: 388, Vertices: [0.08602002263069153, -0.022120196372270584, -0.04518646374344826], [0.08454732596874237, -0.02169935591518879, -0.048077549785375595]
Edge: 389, Vertices: [0.05641131103038788, 0.07885382324457169, 0.023030448704957962], [0.05831357091665268, 0.07689778506755829, 0.024835892021656036]
Edge: 390, Vertices: [0.05583488941192627, 0.002572983969002962, -0.08250095695257187], [0.05394807457923889, 0.0049921371974051, -0.08363759517669678]
Edge: 391, Vertices: [0.03260444477200508, 0.04090835899114609, -0.0848175659775734], [0.031351279467344284, 0.043773047626018524, -0.08385452628135681]
Edge: 392, Vertices: [0.03299957886338234, 0.09319832175970078, -0.012476556934416294], [0.034343793988227844, 0.0930638462305069, -0.009496739134192467]
Edge: 393, Vertices: [0.022793883457779884, 0.08221691846847534, -0.05149156227707863], [0.023045789450407028, 0.08385036885738373, -0.048667967319488525]
Edge: 394, Vertices: [0.022736040875315666, 0.07456239312887192, -0.06208128109574318], [0.022607726976275444, 0.07663487643003464, -0.059552911669015884]
Edge: 395, Vertices: [0.061551790684461594, -0.004172764252871275, -0.07825936377048492], [0.059641480445861816, -0.002015169709920883, -0.07980849593877792]
Edge: 396, Vertices: [0.062132541090250015, 0.07268081605434418, 0.02806439809501171], [0.06403975188732147, 0.07043036818504333, 0.029479434713721275]
Edge: 397, Vertices: [0.07154317945241928, 0.06061511114239693, 0.03373345732688904], [0.07336434721946716, 0.05798844248056412, 0.03443220630288124]
Edge: 398, Vertices: [0.07098396122455597, -0.013389009051024914, -0.06864820420742035], [0.06912914663553238, -0.011771069839596748, -0.07080371677875519]
Edge: 399, Vertices: [0.07979167997837067, -0.019592029973864555, -0.05639152601361275], [0.0781070739030838, -0.01861380971968174, -0.05902012065052986]
Edge: 400, Vertices: [0.08029477298259735, 0.04698581248521805, 0.035716183483600616], [0.08191727846860886, 0.044145368039608, 0.0356554314494133]
Edge: 401, Vertices: [0.07690917700529099, 0.05257279798388481, 0.03537856414914131], [0.07862402498722076, 0.04979728162288666, 0.03562381491065025]
Edge: 402, Vertices: [0.07862402498722076, 0.04979728162288666, 0.03562381491065025], [0.08029477298259735, 0.04698581248521805, 0.035716183483600616]
Edge: 403, Vertices: [0.07637965679168701, -0.0175014678388834, -0.0615663006901741], [0.07461372762918472, -0.016257774084806442, -0.06402374804019928]
Edge: 404, Vertices: [0.0781070739030838, -0.01861380971968174, -0.05902012065052986], [0.07637965679168701, -0.0175014678388834, -0.0615663006901741]
Edge: 405, Vertices: [0.02257457934319973, 0.07860468327999115, -0.05694080889225006], [0.022593729197978973, 0.07954953610897064, -0.05560537800192833]
Edge: 406, Vertices: [0.022607726976275444, 0.07663487643003464, -0.059552911669015884], [0.02257457934319973, 0.07860468327999115, -0.05694080889225006]
Edge: 407, Vertices: [0.022593729197978973, 0.07954953610897064, -0.05560537800192833], [0.02263668365776539, 0.08046690374612808, -0.05425146222114563]
Edge: 408, Vertices: [0.02263668365776539, 0.08046690374612808, -0.05425146222114563], [0.022793883457779884, 0.08221691846847534, -0.05149156227707863]
Edge: 409, Vertices: [0.09125171601772308, -0.02237006649374962, -0.033215489238500595], [0.09004932641983032, -0.022523291409015656, -0.03625442460179329]
Edge: 410, Vertices: [0.09237860143184662, -0.022073380649089813, -0.030158301815390587], [0.09125171601772308, -0.02237006649374962, -0.033215489238500595]
Edge: 411, Vertices: [0.09160248190164566, 0.02404889278113842, 0.031003227457404137], [0.0927058532834053, 0.021233242005109787, 0.029754629358649254]
Edge: 412, Vertices: [0.0927058532834053, 0.021233242005109787, 0.029754629358649254], [0.09373012185096741, 0.01845264621078968, 0.02836773544549942]
Edge: 413, Vertices: [0.09849735349416733, 0.0005354229360818863, 0.015117788687348366], [0.09881481528282166, -0.001726731425151229, 0.012775527313351631]
Edge: 414, Vertices: [0.0980863943696022, 0.0028840857557952404, 0.017358144745230675], [0.09849735349416733, 0.0005354229360818863, 0.015117788687348366]
Edge: 415, Vertices: [0.09838224947452545, -0.014697552658617496, -0.005956405308097601], [0.09794304519891739, -0.016085997223854065, -0.008886189199984074]
Edge: 416, Vertices: [0.09794304519891739, -0.016085997223854065, -0.008886189199984074], [0.09741171449422836, -0.017346607521176338, -0.011858200654387474]
Edge: 417, Vertices: [0.09919944405555725, -0.00793903972953558, 0.005196708720177412], [0.0991373360157013, -0.009801262058317661, 0.002507362747564912]
Edge: 418, Vertices: [0.04314999654889107, 0.020868360996246338, -0.08736791461706161], [0.04147924482822418, 0.023679830133914948, -0.08746028691530228]
Edge: 419, Vertices: [0.04366694763302803, 0.08927945047616959, 0.0072760209441185], [0.04539436101913452, 0.08816710859537125, 0.009822200983762741]
Edge: 420, Vertices: [0.048960354179143906, 0.08555146306753159, 0.014642233960330486], [0.05079006403684616, 0.08405464887619019, 0.01690410077571869]
Edge: 421, Vertices: [0.04840967431664467, 0.012677202932536602, -0.0861763060092926], [0.04661952331662178, 0.015360197983682156, -0.0867251306772232]
Edge: 422, Vertices: [0.0830158144235611, -0.021136723458766937, -0.050913430750370026], [0.08142928034067154, -0.02043369971215725, -0.05368705838918686]
Edge: 423, Vertices: [0.08454732596874237, -0.02169935591518879, -0.048077549785375595], [0.0830158144235611, -0.021136723458766937, -0.050913430750370026]
Edge: 424, Vertices: [0.08348748832941055, 0.041283018887043, 0.03544171527028084], [0.08500151336193085, 0.038405872881412506, 0.035075560212135315]
Edge: 425, Vertices: [0.08500151336193085, 0.038405872881412506, 0.035075560212135315], [0.08645559102296829, 0.03552108258008957, 0.034557878971099854]
Edge: 426, Vertices: [0.059641480445861816, -0.002015169709920883, -0.07980849593877792], [0.05773426592350006, 0.00023527849407400936, -0.08122353255748749]
Edge: 427, Vertices: [0.05773426592350006, 0.00023527849407400936, -0.08122353255748749], [0.05583488941192627, 0.002572983969002962, -0.08250095695257187]
Edge: 428, Vertices: [0.06022223085165024, 0.07483840733766556, 0.026515265926718712], [0.062132541090250015, 0.07268081605434418, 0.02806439809501171]
Edge: 429, Vertices: [0.05831357091665268, 0.07689778506755829, 0.024835892021656036], [0.06022223085165024, 0.07483840733766556, 0.026515265926718712]
Edge: 430, Vertices: [0.028346821665763855, 0.09229961782693863, -0.024653641507029533], [0.029395418241620064, 0.09273902326822281, -0.021585797891020775]
Edge: 431, Vertices: [0.029395418241620064, 0.09273902326822281, -0.021585797891020775], [0.030522309243679047, 0.09303570538759232, -0.018528610467910767]
Edge: 432, Vertices: [0.028043903410434723, 0.052212998270988464, -0.08011183887720108], [0.027101291343569756, 0.05495162308216095, -0.07859008759260178]
Edge: 433, Vertices: [0.029068168252706528, 0.04943240061402321, -0.08149872720241547], [0.028043903410434723, 0.052212998270988464, -0.08011183887720108]
Edge: 434, Vertices: [0.09916629642248154, -0.005969236139208078, 0.007808812893927097], [0.09919944405555725, -0.00793903972953558, 0.005196708720177412]
Edge: 435, Vertices: [0.0991373360157013, -0.009801262058317661, 0.002507362747564912], [0.0989801362156868, -0.011551273986697197, -0.00025253891362808645]
Edge: 436, Vertices: [0.09004932641983032, -0.022523291409015656, -0.03625442460179329], [0.08877444267272949, -0.02253267727792263, -0.03926754370331764]
Edge: 437, Vertices: [0.09042274206876755, 0.02689259685575962, 0.03211042284965515], [0.09160248190164566, 0.02404889278113842, 0.031003227457404137]
Edge: 438, Vertices: [0.06782594323158264, 0.06567350775003433, 0.031893495470285416], [0.06969550997018814, 0.06317891925573349, 0.03288651630282402]
Edge: 439, Vertices: [0.06725384294986725, -0.01003602147102356, -0.07284753024578094], [0.06536270678043365, -0.00818818248808384, -0.07477454841136932]
Edge: 440, Vertices: [0.06346044689416885, -0.006232141982764006, -0.0765799954533577], [0.061551790684461594, -0.004172764252871275, -0.07825936377048492]
Edge: 441, Vertices: [0.06536270678043365, -0.00818818248808384, -0.07477454841136932], [0.06346044689416885, -0.006232141982764006, -0.0765799954533577]
Edge: 442, Vertices: [0.06403975188732147, 0.07043036818504333, 0.029479434713721275], [0.06593912839889526, 0.06809265911579132, 0.030756859108805656]
Edge: 443, Vertices: [0.06593912839889526, 0.06809265911579132, 0.030756859108805656], [0.06782594323158264, 0.06567350775003433, 0.031893495470285416]
Edge: 444, Vertices: [0.03722669556736946, 0.09236499667167664, -0.003666551085188985], [0.038758210837841034, 0.09180236607789993, -0.000830669014248997]
Edge: 445, Vertices: [0.036772508174180984, 0.03225977346301079, -0.08681965619325638], [0.03531843051314354, 0.035144560039043427, -0.08630198240280151]
Edge: 446, Vertices: [0.09881481528282166, -0.001726731425151229, 0.012775527313351631], [0.09903798252344131, -0.0038967507425695658, 0.010337181389331818]
Edge: 447, Vertices: [0.09903798252344131, -0.0038967507425695658, 0.010337181389331818], [0.09916629642248154, -0.005969236139208078, 0.007808812893927097]
Edge: 448, Vertices: [0.0987282320857048, -0.013184725306928158, -0.0030761337839066982], [0.09838224947452545, -0.014697552658617496, -0.005956405308097601]
Edge: 449, Vertices: [0.0989801362156868, -0.011551273986697197, -0.00025253891362808645], [0.0987282320857048, -0.013184725306928158, -0.0030761337839066982]
Edge: 450, Vertices: [0.03172469139099121, 0.09318893402814865, -0.015489676035940647], [0.03299957886338234, 0.09319832175970078, -0.012476556934416294]
Edge: 451, Vertices: [0.030522309243679047, 0.09303570538759232, -0.018528610467910767], [0.03172469139099121, 0.09318893402814865, -0.015489676035940647]
Edge: 452, Vertices: [0.031351279467344284, 0.043773047626018524, -0.08385452628135681], [0.03017154149711132, 0.046616751700639725, -0.08274732530117035]
Edge: 453, Vertices: [0.03017154149711132, 0.046616751700639725, -0.08274732530117035], [0.029068168252706528, 0.04943240061402321, -0.08149872720241547]
Edge: 454, Vertices: [0.05452017858624458, 0.08070166409015656, 0.021103426814079285], [0.05641131103038788, 0.07885382324457169, 0.023030448704957962]
Edge: 455, Vertices: [0.05394807457923889, 0.0049921371974051, -0.08363759517669678], [0.05207851156592369, 0.007486720569431782, -0.08463061600923538]
Edge: 456, Vertices: [0.04716029390692711, 0.08692342042922974, 0.012279646471142769], [0.048960354179143906, 0.08555146306753159, 0.014642233960330486]
Edge: 457, Vertices: [0.04539436101913452, 0.08816710859537125, 0.009822200983762741], [0.04716029390692711, 0.08692342042922974, 0.012279646471142769]
Edge: 458, Vertices: [0.04661952331662178, 0.015360197983682156, -0.0867251306772232], [0.04486484080553055, 0.018092844635248184, -0.08712266385555267]
Edge: 459, Vertices: [0.04486484080553055, 0.018092844635248184, -0.08712266385555267], [0.04314999654889107, 0.020868360996246338, -0.08736791461706161]
Edge: 460, Vertices: [0.07461372762918472, -0.016257774084806442, -0.06402374804019928], [0.07281366735696793, -0.014885816723108292, -0.06638633459806442]
Edge: 461, Vertices: [0.07281366735696793, -0.014885816723108292, -0.06638633459806442], [0.07098396122455597, -0.013389009051024914, -0.06864820420742035]
Edge: 462, Vertices: [0.07515449821949005, 0.055305443704128265, 0.034981027245521545], [0.07690917700529099, 0.05257279798388481, 0.03537856414914131]
Edge: 463, Vertices: [0.07336434721946716, 0.05798844248056412, 0.03443220630288124], [0.07515449821949005, 0.055305443704128265, 0.034981027245521545]
Edge: 464, Vertices: [0.09553134441375732, 0.0130241634324193, 0.02519318275153637], [0.09630382806062698, 0.010389775037765503, 0.023413415998220444]
Edge: 465, Vertices: [0.09527929127216339, -0.020331719890236855, -0.020953314378857613], [0.09439489990472794, -0.02105293795466423, -0.024019582197070122]
Edge: 466, Vertices: [0.025695843622088432, 0.09013775736093521, -0.03384482488036156], [0.02649473212659359, 0.0909973606467247, -0.03079078532755375]
Edge: 467, Vertices: [0.02649473212659359, 0.0909973606467247, -0.03079078532755375], [0.027379123494029045, 0.09171858429908752, -0.02772451750934124]
Edge: 468, Vertices: [0.0254701916128397, 0.06027586758136749, -0.0751575157046318], [0.024785757064819336, 0.06284824758768082, -0.07325522601604462]
Edge: 469, Vertices: [0.026242675259709358, 0.05764148011803627, -0.07693728059530258], [0.0254701916128397, 0.06027586758136749, -0.0751575157046318]
Edge: 470, Vertices: [0.05079006403684616, 0.08405464887619019, 0.01690410077571869], [0.05264487490057945, 0.0824367105960846, 0.019059618934988976]
Edge: 471, Vertices: [0.05264487490057945, 0.0824367105960846, 0.019059618934988976], [0.05452017858624458, 0.08070166409015656, 0.021103426814079285]
Edge: 472, Vertices: [0.05023084580898285, 0.010050532408058643, -0.0854775533080101], [0.04840967431664467, 0.012677202932536602, -0.0861763060092926]
Edge: 473, Vertices: [0.05207851156592369, 0.007486720569431782, -0.08463061600923538], [0.05023084580898285, 0.010050532408058643, -0.0854775533080101]
Edge: 474, Vertices: [0.09741171449422836, -0.017346607521176338, -0.011858200654387474], [0.09678957611322403, -0.018476249650120735, -0.014865053817629814]
Edge: 475, Vertices: [0.09758294373750687, 0.005313423462212086, 0.01949102245271206], [0.0980863943696022, 0.0028840857557952404, 0.017358144745230675]
Edge: 476, Vertices: [0.03828653320670128, 0.029382623732089996, -0.0871858149766922], [0.036772508174180984, 0.03225977346301079, -0.08681965619325638]
Edge: 477, Vertices: [0.038758210837841034, 0.09180236607789993, -0.000830669014248997], [0.04034474119544029, 0.0910993441939354, 0.00194295693654567]
Edge: 478, Vertices: [0.09607817977666855, -0.019472112879157066, -0.017899274826049805], [0.09527929127216339, -0.020331719890236855, -0.020953314378857613]
Edge: 479, Vertices: [0.09678957611322403, -0.018476249650120735, -0.014865053817629814], [0.09607817977666855, -0.019472112879157066, -0.017899274826049805]
Edge: 480, Vertices: [0.09630382806062698, 0.010389775037765503, 0.023413415998220444], [0.0969882681965828, 0.007817395031452179, 0.021511122584342957]
Edge: 481, Vertices: [0.0969882681965828, 0.007817395031452179, 0.021511122584342957], [0.09758294373750687, 0.005313423462212086, 0.01949102245271206]
Edge: 482, Vertices: [0.09373012185096741, 0.01845264621078968, 0.02836773544549942], [0.09467273205518723, 0.015714019536972046, 0.026845989748835564]
Edge: 483, Vertices: [0.09467273205518723, 0.015714019536972046, 0.026845989748835564], [0.09553134441375732, 0.0130241634324193, 0.02519318275153637]
Edge: 484, Vertices: [0.09342720359563828, -0.021633971482515335, -0.02709045819938183], [0.09237860143184662, -0.022073380649089813, -0.030158301815390587]
Edge: 485, Vertices: [0.09439489990472794, -0.02105293795466423, -0.024019582197070122], [0.09342720359563828, -0.021633971482515335, -0.02709045819938183]
Edge: 486, Vertices: [0.08743022382259369, -0.022398201748728752, -0.042247362434864044], [0.08602002263069153, -0.022120196372270584, -0.04518646374344826]
Edge: 487, Vertices: [0.08877444267272949, -0.02253267727792263, -0.03926754370331764], [0.08743022382259369, -0.022398201748728752, -0.042247362434864044]
Edge: 488, Vertices: [0.08784609287977219, 0.03263583034276962, 0.03388996049761772], [0.08916957676410675, 0.029757283627986908, 0.03307346627116203]
Edge: 489, Vertices: [0.08916957676410675, 0.029757283627986908, 0.03307346627116203], [0.09042274206876755, 0.02689259685575962, 0.03211042284965515]
Edge: 490, Vertices: [0.03392792493104935, 0.03802981227636337, -0.08563406020402908], [0.03260444477200508, 0.04090835899114609, -0.0848175659775734]
Edge: 491, Vertices: [0.03531843051314354, 0.035144560039043427, -0.08630198240280151], [0.03392792493104935, 0.03802981227636337, -0.08563406020402908]
Edge: 492, Vertices: [0.034343793988227844, 0.0930638462305069, -0.009496739134192467], [0.0357540026307106, 0.09278584271669388, -0.006557636894285679]
Edge: 493, Vertices: [0.0357540026307106, 0.09278584271669388, -0.006557636894285679], [0.03722669556736946, 0.09236499667167664, -0.003666551085188985]
Edge: 494, Vertices: [0.024191075935959816, 0.06535221636295319, -0.07123512029647827], [0.023687629029154778, 0.06778156012296677, -0.06910224258899689]
Edge: 495, Vertices: [0.023687629029154778, 0.06778156012296677, -0.06910224258899689], [0.023276666179299355, 0.07013022154569626, -0.06686189025640488]
Edge: 496, Vertices: [0.024362308904528618, 0.08801224827766418, -0.03988590091466904], [0.024984445422887802, 0.08914189040660858, -0.0368790477514267]
Edge: 497, Vertices: [0.02383098006248474, 0.08675163984298706, -0.04285791143774986], [0.024362308904528618, 0.08801224827766418, -0.03988590091466904]
Edge: 498, Vertices: [0.022959206253290176, 0.07239237427711487, -0.06451962888240814], [0.022736040875315666, 0.07456239312887192, -0.06208128109574318]
Edge: 499, Vertices: [0.023276666179299355, 0.07013022154569626, -0.06686189025640488], [0.022959206253290176, 0.07239237427711487, -0.06451962888240814]
Edge: 500, Vertices: [0.023045789450407028, 0.08385036885738373, -0.048667967319488525], [0.02339177392423153, 0.08536319434642792, -0.04578769579529762]
Edge: 501, Vertices: [0.02339177392423153, 0.08536319434642792, -0.04578769579529762], [0.02383098006248474, 0.08675163984298706, -0.04285791143774986]
Edge: 502, Vertices: [0.041982345283031464, 0.0902576744556427, 0.004647423978894949], [0.04366694763302803, 0.08927945047616959, 0.0072760209441185]
Edge: 503, Vertices: [0.04034474119544029, 0.0910993441939354, 0.00194295693654567], [0.041982345283031464, 0.0902576744556427, 0.004647423978894949]
Edge: 504, Vertices: [0.04147924482822418, 0.023679830133914948, -0.08746028691530228], [0.039856746792793274, 0.026520274579524994, -0.08739953488111496]
Edge: 505, Vertices: [0.039856746792793274, 0.026520274579524994, -0.08739953488111496], [0.03828653320670128, 0.029382623732089996, -0.0871858149766922]
