Edge: 0, Vertices: [0.3684731125831604, 0.22040298581123352, 0.07949979603290558], [0.3697781562805176, 0.2148284763097763, 0.08123228698968887]
Edge: 1, Vertices: [0.3670010268688202, 0.22589020431041718, 0.07772839814424515], [0.3684731125831604, 0.22040298581123352, 0.07949979603290558]
Edge: 2, Vertices: [0.3000110983848572, 0.3154831826686859, 0.03367213159799576], [0.3046266436576843, 0.31251591444015503, 0.03597571328282356]
Edge: 3, Vertices: [0.295271098613739, 0.3183040916919708, 0.03135811910033226], [0.3000110983848572, 0.3154831826686859, 0.03367213159799576]
Edge: 4, Vertices: [-0.25807592272758484, 0.04306647181510925, -0.10075671970844269], [-0.26598167419433594, 0.030548609793186188, -0.10068414360284805]
Edge: 5, Vertices: [-0.3098282516002655, -0.16350695490837097, -0.0718279555439949], [-0.31087255477905273, -0.15786413848400116, -0.07348417490720749]
Edge: 6, Vertices: [0.11893768608570099, 0.33157601952552795, -0.03379710018634796], [0.10526923835277557, 0.32752078771591187, -0.03768688067793846]
Edge: 7, Vertices: [0.33462920784950256, 0.03202304244041443, 0.1105843186378479], [0.34141188859939575, 0.04494959115982056, 0.11002275347709656]
Edge: 8, Vertices: [-0.07043890655040741, -0.28611111640930176, 0.040504101663827896], [-0.05694353207945824, -0.28264501690864563, 0.044467415660619736]
Edge: 9, Vertices: [0.18589161336421967, 0.34232309460639954, -0.012661750428378582], [0.19877158105373383, 0.3425292372703552, -0.008170991204679012]
Edge: 10, Vertices: [0.3623891770839691, 0.09720277786254883, 0.10548368096351624], [0.3580954968929291, 0.08412235230207443, 0.10695728659629822]
Edge: 11, Vertices: [-0.21738381683826447, -0.2783982753753662, -0.013027890585362911], [-0.22248253226280212, -0.2761209309101105, -0.015344184823334217]
Edge: 12, Vertices: [-0.31175127625465393, -0.15214426815509796, -0.0750996470451355], [-0.3124638795852661, -0.14635081589221954, -0.07667338103055954]
Edge: 13, Vertices: [-0.30800119042396545, -0.072414830327034, -0.09198114275932312], [-0.30493927001953125, -0.05956346541643143, -0.09383641183376312]
Edge: 14, Vertices: [-0.3124638795852661, -0.14635081589221954, -0.07667338103055954], [-0.31300991773605347, -0.14048732817173004, -0.0782044306397438]
Edge: 15, Vertices: [-0.21217650175094604, -0.2805250585079193, -0.010707705281674862], [-0.21738381683826447, -0.2783982753753662, -0.013027890585362911]
Edge: 16, Vertices: [-0.24624086916446686, -0.2625279426574707, -0.026817992329597473], [-0.24173034727573395, -0.2655353248119354, -0.02454225905239582]
Edge: 17, Vertices: [-0.30861896276474, -0.1690692901611328, -0.07013200223445892], [-0.30724549293518066, -0.1745477169752121, -0.06839734315872192]
Edge: 18, Vertices: [0.20512127876281738, 0.34238752722740173, -0.005901535041630268], [0.21140548586845398, 0.3420827090740204, -0.0036179115995764732]
Edge: 19, Vertices: [0.21140548586845398, 0.3420827090740204, -0.0036179115995764732], [0.21762028336524963, 0.3416149318218231, -0.0013215419603511691]
Edge: 20, Vertices: [0.19877158105373383, 0.3425292372703552, -0.008170991204679012], [0.20512127876281738, 0.34238752722740173, -0.005901535041630268]
Edge: 21, Vertices: [0.37024760246276855, 0.1296456754207611, 0.10084541887044907], [0.3690088093280792, 0.12320278584957123, 0.10187992453575134]
Edge: 22, Vertices: [0.3690088093280792, 0.12320278584957123, 0.10187992453575134], [0.3676026165485382, 0.11673299968242645, 0.10286159813404083]
Edge: 23, Vertices: [-0.09716878086328506, -0.2911737859249115, 0.03224257007241249], [-0.11033812165260315, -0.2927580177783966, 0.027964487671852112]
Edge: 24, Vertices: [-0.20144882798194885, -0.28432196378707886, -0.006061316467821598], [-0.19593502581119537, -0.28598976135253906, -0.0037379448767751455]
Edge: 25, Vertices: [-0.3136458694934845, -0.122512586414814, -0.08253223448991776], [-0.3136011064052582, -0.12856458127498627, -0.08113475143909454]
Edge: 26, Vertices: [-0.1361251026391983, -0.29401302337646484, 0.019165830686688423], [-0.1233341172337532, -0.2937052249908447, 0.02360203117132187]
Edge: 27, Vertices: [-0.28011688590049744, 0.005090248305350542, -0.09985191375017166], [-0.2863118648529053, -0.007788191549479961, -0.09909427911043167]
Edge: 28, Vertices: [0.2698096036911011, 0.3301544785499573, 0.019682105630636215], [0.26438722014427185, 0.3320634365081787, 0.017335880547761917]
Edge: 29, Vertices: [0.2751263380050659, 0.32809001207351685, 0.022026604041457176], [0.2698096036911011, 0.3301544785499573, 0.019682105630636215]
Edge: 30, Vertices: [0.37377315759658813, 0.18576963245868683, 0.089274100959301], [0.37331336736679077, 0.19172760844230652, 0.08775186538696289]
Edge: 31, Vertices: [0.3740626573562622, 0.17974591255187988, 0.09075134992599487], [0.37377315759658813, 0.18576963245868683, 0.089274100959301]
Edge: 32, Vertices: [-0.26598167419433594, 0.030548609793186188, -0.10068414360284805], [-0.27333465218544006, 0.01787956990301609, -0.10038230568170547]
Edge: 33, Vertices: [-0.30928686261177063, -0.07880502939224243, -0.09097518026828766], [-0.3104079067707062, -0.08516635745763779, -0.08991780877113342]
Edge: 34, Vertices: [-0.1609678715467453, -0.292709082365036, 0.010115617886185646], [-0.15485912561416626, -0.2932747006416321, 0.01239696517586708]
Edge: 35, Vertices: [-0.16700240969657898, -0.2919842004776001, 0.007824054919183254], [-0.1609678715467453, -0.292709082365036, 0.010115617886185646]
Edge: 36, Vertices: [-0.3104079067707062, -0.08516635745763779, -0.08991780877113342], [-0.3113636374473572, -0.09149494767189026, -0.08880967646837234]
Edge: 37, Vertices: [-0.30724549293518066, -0.1745477169752121, -0.06839734315872192], [-0.305708646774292, -0.1799389272928238, -0.06662503629922867]
Edge: 38, Vertices: [-0.2506251931190491, -0.25937968492507935, -0.029081426560878754], [-0.24624086916446686, -0.2625279426574707, -0.026817992329597473]
Edge: 39, Vertices: [0.37222015857696533, 0.14243492484092712, 0.09862052649259567], [0.3713182806968689, 0.13605773448944092, 0.09975873678922653]
Edge: 40, Vertices: [0.3713182806968689, 0.13605773448944092, 0.09975873678922653], [0.37024760246276855, 0.1296456754207611, 0.10084541887044907]
Edge: 41, Vertices: [0.21762028336524963, 0.3416149318218231, -0.0013215419603511691], [0.22376185655593872, 0.3409845232963562, 0.000986156053841114]
Edge: 42, Vertices: [0.22376185655593872, 0.3409845232963562, 0.000986156053841114], [0.22982633113861084, 0.34019187092781067, 0.0033037406392395496]
Edge: 43, Vertices: [0.37268349528312683, 0.1976161003112793, 0.08618557453155518], [0.37331336736679077, 0.19172760844230652, 0.08775186538696289]
Edge: 44, Vertices: [0.3718840181827545, 0.20343148708343506, 0.08457621186971664], [0.37268349528312683, 0.1976161003112793, 0.08618557453155518]
Edge: 45, Vertices: [0.2803340256214142, 0.3258713185787201, 0.02436790242791176], [0.2854295074939728, 0.32349976897239685, 0.026704559102654457]
Edge: 46, Vertices: [0.2751263380050659, 0.32809001207351685, 0.022026604041457176], [0.2803340256214142, 0.3258713185787201, 0.02436790242791176]
Edge: 47, Vertices: [-0.2796030044555664, -0.23106692731380463, -0.04580763354897499], [-0.28023749589920044, -0.2301812469959259, -0.04618050530552864]
Edge: 48, Vertices: [-0.28023749589920044, -0.2301812469959259, -0.04618050530552864], [-0.2828109860420227, -0.2267136573791504, -0.04787886515259743]
Edge: 49, Vertices: [-0.2852872610092163, -0.22316811978816986, -0.04956076294183731], [-0.2859048843383789, -0.22231486439704895, -0.05002604052424431]
Edge: 50, Vertices: [-0.2828109860420227, -0.2267136573791504, -0.04787886515259743], [-0.2852872610092163, -0.22316811978816986, -0.04956076294183731]
Edge: 51, Vertices: [-0.25807592272758484, 0.04306647181510925, -0.10075671970844269], [-0.24963662028312683, 0.05540259927511215, -0.10059983283281326]
Edge: 52, Vertices: [-0.1788342148065567, -0.29005852341651917, 0.0032158736139535904], [-0.18462426960468292, -0.28885892033576965, 0.0009020643774420023]
Edge: 53, Vertices: [-0.3132336735725403, -0.11024580150842667, -0.08518759161233902], [-0.31277695298194885, -0.10403849184513092, -0.08644384890794754]
Edge: 54, Vertices: [-0.1729590743780136, -0.29110050201416016, 0.005523675587028265], [-0.16700240969657898, -0.2919842004776001, 0.007824054919183254]
Edge: 55, Vertices: [-0.3113636374473572, -0.09149494767189026, -0.08880967646837234], [-0.31215348839759827, -0.09778693318367004, -0.08765145391225815]
Edge: 56, Vertices: [-0.2506251931190491, -0.25937968492507935, -0.029081426560878754], [-0.2548806667327881, -0.25609248876571655, -0.03133118525147438]
Edge: 57, Vertices: [-0.30012768507003784, -0.19555659592151642, -0.06109317019581795], [-0.3021486699581146, -0.19044657051563263, -0.06297183781862259]
Edge: 58, Vertices: [-0.2274695634841919, -0.2736944258213043, -0.017655177041888237], [-0.22248253226280212, -0.2761209309101105, -0.015344184823334217]
Edge: 59, Vertices: [-0.31175127625465393, -0.15214426815509796, -0.0750996470451355], [-0.31087255477905273, -0.15786413848400116, -0.07348417490720749]
Edge: 60, Vertices: [-0.08385822921991348, -0.28895634412765503, 0.036425840109586716], [-0.09716878086328506, -0.2911737859249115, 0.03224257007241249]
Edge: 61, Vertices: [-0.19032569229602814, -0.28750237822532654, -0.0014163488522171974], [-0.19593502581119537, -0.28598976135253906, -0.0037379448767751455]
Edge: 62, Vertices: [-0.3136458694934845, -0.122512586414814, -0.08253223448991776], [-0.31352338194847107, -0.11640509217977524, -0.08388345688581467]
Edge: 63, Vertices: [0.3464207947254181, 0.27080410718917847, 0.0602235347032547], [0.3433455526828766, 0.27524080872535706, 0.05812714621424675]
Edge: 64, Vertices: [0.3493427038192749, 0.2662487328052521, 0.06229298189282417], [0.3464207947254181, 0.27080410718917847, 0.0602235347032547]
Edge: 65, Vertices: [0.3433455526828766, 0.27524080872535706, 0.05812714621424675], [0.3401189148426056, 0.27955618500709534, 0.05600512772798538]
Edge: 66, Vertices: [0.3401189148426056, 0.27955618500709534, 0.05600512772798538], [0.3367428481578827, 0.28374743461608887, 0.053858790546655655]
Edge: 67, Vertices: [0.31085261702537537, -0.00591416098177433, 0.11086872965097427], [0.3193305730819702, 0.006559492088854313, 0.11100783199071884]
Edge: 68, Vertices: [-0.2668483555316925, -0.24541771411895752, -0.03798471763730049], [-0.2705632448196411, -0.24159562587738037, -0.04016614332795143]
Edge: 69, Vertices: [-0.2705632448196411, -0.24159562587738037, -0.04016614332795143], [-0.27413710951805115, -0.23764543235301971, -0.04232713207602501]
Edge: 70, Vertices: [-0.290467232465744, -0.21496611833572388, -0.053258318454027176], [-0.2931160032749176, -0.21027430891990662, -0.05526268854737282]
Edge: 71, Vertices: [-0.20686374604701996, -0.2825000286102295, -0.008385040797293186], [-0.21217650175094604, -0.2805250585079193, -0.010707705281674862]
Edge: 72, Vertices: [-0.31300991773605347, -0.14048732817173004, -0.0782044306397438], [-0.3133890628814697, -0.13455738127231598, -0.07969185709953308]
Edge: 73, Vertices: [0.3729526698589325, 0.14877326786518097, 0.09743151813745499], [0.37351539731025696, 0.15506890416145325, 0.09619244933128357]
Edge: 74, Vertices: [0.37222015857696533, 0.14243492484092712, 0.09862052649259567], [0.3729526698589325, 0.14877326786518097, 0.09743151813745499]
Edge: 75, Vertices: [0.23580993711948395, 0.3392374515533447, 0.005629762075841427], [0.22982633113861084, 0.34019187092781067, 0.0033037406392395496]
Edge: 76, Vertices: [0.24170905351638794, 0.3381219208240509, 0.007962798699736595], [0.23580993711948395, 0.3392374515533447, 0.005629762075841427]
Edge: 77, Vertices: [0.3134729564189911, 0.3061496615409851, 0.04054586961865425], [0.317698210477829, 0.30275461077690125, 0.04280959442257881]
Edge: 78, Vertices: [0.317698210477829, 0.30275461077690125, 0.04280959442257881], [0.3217879831790924, 0.29922109842300415, 0.04505721107125282]
Edge: 79, Vertices: [0.35946229100227356, 0.24689890444278717, 0.07027596980333328], [0.3615923225879669, 0.24179436266422272, 0.07219180464744568]
Edge: 80, Vertices: [0.3615923225879669, 0.24179436266422272, 0.07219180464744568], [0.3635595738887787, 0.2365892380475998, 0.07407326251268387]
Edge: 81, Vertices: [0.37351539731025696, 0.15506890416145325, 0.09619244933128357], [0.3739079236984253, 0.16131781041622162, 0.09490407258272171]
Edge: 82, Vertices: [0.3739079236984253, 0.16131781041622162, 0.09490407258272171], [0.3741300702095032, 0.16751621663570404, 0.09356721490621567]
Edge: 83, Vertices: [0.2532389163970947, 0.3354102075099945, 0.012644059024751186], [0.2475198656320572, 0.33684587478637695, 0.010301375761628151]
Edge: 84, Vertices: [0.2475198656320572, 0.33684587478637695, 0.010301375761628151], [0.24170905351638794, 0.3381219208240509, 0.007962798699736595]
Edge: 85, Vertices: [-0.3132336735725403, -0.11024580150842667, -0.08518759161233902], [-0.31352338194847107, -0.11640509217977524, -0.08388345688581467]
Edge: 86, Vertices: [-0.19032569229602814, -0.28750237822532654, -0.0014163488522171974], [-0.18462426960468292, -0.28885892033576965, 0.0009020643774420023]
Edge: 87, Vertices: [0.35210949182510376, 0.26157763600349426, 0.0643342137336731], [0.3493427038192749, 0.2662487328052521, 0.06229298189282417]
Edge: 88, Vertices: [0.3547194004058838, 0.2567936182022095, 0.0663459524512291], [0.35210949182510376, 0.26157763600349426, 0.0643342137336731]
Edge: 89, Vertices: [0.3332195281982422, 0.28781208395957947, 0.05168947950005531], [0.3295510411262512, 0.291747510433197, 0.049498531967401505]
Edge: 90, Vertices: [0.3367428481578827, 0.28374743461608887, 0.053858790546655655], [0.3332195281982422, 0.28781208395957947, 0.05168947950005531]
Edge: 91, Vertices: [-0.1729590743780136, -0.29110050201416016, 0.005523675587028265], [-0.1788342148065567, -0.29005852341651917, 0.0032158736139535904]
Edge: 92, Vertices: [-0.31277695298194885, -0.10403849184513092, -0.08644384890794754], [-0.31215348839759827, -0.09778693318367004, -0.08765145391225815]
Edge: 93, Vertices: [0.09158717095851898, 0.32285013794898987, -0.04144096374511719], [0.10526923835277557, 0.32752078771591187, -0.03768688067793846]
Edge: 94, Vertices: [-0.2968810796737671, -0.03368668258190155, -0.09690520912408829], [-0.3012295365333557, -0.04664358124136925, -0.0954791009426117]
Edge: 95, Vertices: [-0.2629947066307068, -0.2491093873977661, -0.03578418493270874], [-0.2590046525001526, -0.2526683807373047, -0.03356589004397392]
Edge: 96, Vertices: [-0.3098282516002655, -0.16350695490837097, -0.0718279555439949], [-0.30861896276474, -0.1690692901611328, -0.07013200223445892]
Edge: 97, Vertices: [-0.24173034727573395, -0.2655353248119354, -0.02454225905239582], [-0.2370963990688324, -0.26840004324913025, -0.022255616262555122]
Edge: 98, Vertices: [-0.2274695634841919, -0.2736944258213043, -0.017655177041888237], [-0.23234184086322784, -0.2711202800273895, -0.019959453493356705]
Edge: 99, Vertices: [-0.2968810796737671, -0.03368668258190155, -0.09690520912408829], [-0.2919044494628906, -0.02072434313595295, -0.09811124950647354]
Edge: 100, Vertices: [-0.043404992669820786, -0.27856650948524475, 0.048306114971637726], [-0.029856311157345772, -0.2738855481147766, 0.05201084911823273]
Edge: 101, Vertices: [0.13255847990512848, 0.3350057601928711, -0.02978130616247654], [0.14609774947166443, 0.3378014862537384, -0.025649474933743477]
Edge: 102, Vertices: [-0.3133890628814697, -0.13455738127231598, -0.07969185709953308], [-0.3136011064052582, -0.12856458127498627, -0.08113475143909454]
Edge: 103, Vertices: [-0.20144882798194885, -0.28432196378707886, -0.006061316467821598], [-0.20686374604701996, -0.2825000286102295, -0.008385040797293186]
Edge: 104, Vertices: [-0.2956099808216095, -0.20547348260879517, -0.0572374202311039], [-0.2979477047920227, -0.2005665898323059, -0.05918131023645401]
Edge: 105, Vertices: [0.29040953516960144, 0.3209768235683441, 0.029035111889243126], [0.2854295074939728, 0.32349976897239685, 0.026704559102654457]
Edge: 106, Vertices: [0.295271098613739, 0.3183040916919708, 0.03135811910033226], [0.29040953516960144, 0.3209768235683441, 0.029035111889243126]
Edge: 107, Vertices: [0.37091532349586487, 0.2091701328754425, 0.08292476832866669], [0.3697781562805176, 0.2148284763097763, 0.08123228698968887]
Edge: 108, Vertices: [0.3718840181827545, 0.20343148708343506, 0.08457621186971664], [0.37091532349586487, 0.2091701328754425, 0.08292476832866669]
Edge: 109, Vertices: [0.1595218926668167, 0.33995625376701355, -0.021411873400211334], [0.14609774947166443, 0.3378014862537384, -0.025649474933743477]
Edge: 110, Vertices: [0.3531596064567566, 0.07103166729211807, 0.10820697247982025], [0.3580954968929291, 0.08412235230207443, 0.10695728659629822]
Edge: 111, Vertices: [-0.08385822921991348, -0.28895634412765503, 0.036425840109586716], [-0.07043890655040741, -0.28611111640930176, 0.040504101663827896]
Edge: 112, Vertices: [-0.2931160032749176, -0.21027430891990662, -0.05526268854737282], [-0.2956099808216095, -0.20547348260879517, -0.0572374202311039]
Edge: 113, Vertices: [-0.2629947066307068, -0.2491093873977661, -0.03578418493270874], [-0.2668483555316925, -0.24541771411895752, -0.03798471763730049]
Edge: 114, Vertices: [0.26438722014427185, 0.3320634365081787, 0.017335880547761917], [0.25886252522468567, 0.33381572365760803, 0.014989379793405533]
Edge: 115, Vertices: [0.25886252522468567, 0.33381572365760803, 0.014989379793405533], [0.2532389163970947, 0.3354102075099945, 0.012644059024751186]
Edge: 116, Vertices: [0.3741300702095032, 0.16751621663570404, 0.09356721490621567], [0.3741816580295563, 0.17366017401218414, 0.09218268096446991]
Edge: 117, Vertices: [0.3741816580295563, 0.17366017401218414, 0.09218268096446991], [0.3740626573562622, 0.17974591255187988, 0.09075134992599487]
Edge: 118, Vertices: [-0.28766533732414246, -0.21954606473445892, -0.051225531846284866], [-0.2852872610092163, -0.22316811978816986, -0.04956076294183731]
Edge: 119, Vertices: [-0.290467232465744, -0.21496611833572388, -0.053258318454027176], [-0.28766533732414246, -0.21954606473445892, -0.051225531846284866]
Edge: 120, Vertices: [-0.2775678038597107, -0.23356953263282776, -0.04446636885404587], [-0.27413710951805115, -0.23764543235301971, -0.04232713207602501]
Edge: 121, Vertices: [-0.28023749589920044, -0.2301812469959259, -0.04618050530552864], [-0.2775678038597107, -0.23356953263282776, -0.04446636885404587]
Edge: 122, Vertices: [0.32726266980171204, 0.019215714186429977, 0.11091294884681702], [0.33462920784950256, 0.03202304244041443, 0.1105843186378479]
Edge: 123, Vertices: [0.3295510411262512, 0.291747510433197, 0.049498531967401505], [0.3257397413253784, 0.2955513000488281, 0.04728731885552406]
Edge: 124, Vertices: [0.3257397413253784, 0.2955513000488281, 0.04728731885552406], [0.3217879831790924, 0.29922109842300415, 0.04505721107125282]
Edge: 125, Vertices: [0.35946229100227356, 0.24689890444278717, 0.07027596980333328], [0.35717085003852844, 0.25189968943595886, 0.06832694262266159]
Edge: 126, Vertices: [0.35717085003852844, 0.25189968943595886, 0.06832694262266159], [0.3547194004058838, 0.2567936182022095, 0.0663459524512291]
Edge: 127, Vertices: [-0.2919044494628906, -0.02072434313595295, -0.09811124950647354], [-0.2863118648529053, -0.007788191549479961, -0.09909427911043167]
Edge: 128, Vertices: [-0.016330545768141747, -0.2686135172843933, 0.05557256191968918], [-0.029856311157345772, -0.2738855481147766, 0.05201084911823273]
Edge: 129, Vertices: [0.30911487340927124, 0.3094041049480438, 0.038267433643341064], [0.3134729564189911, 0.3061496615409851, 0.04054586961865425]
Edge: 130, Vertices: [0.3046266436576843, 0.31251591444015503, 0.03597571328282356], [0.30911487340927124, 0.3094041049480438, 0.038267433643341064]
Edge: 131, Vertices: [0.36536285281181335, 0.23128676414489746, 0.07591917365789413], [0.3670010268688202, 0.22589020431041718, 0.07772839814424515]
Edge: 132, Vertices: [0.3635595738887787, 0.2365892380475998, 0.07407326251268387], [0.36536285281181335, 0.23128676414489746, 0.07591917365789413]
Edge: 133, Vertices: [-0.30928686261177063, -0.07880502939224243, -0.09097518026828766], [-0.30800119042396545, -0.072414830327034, -0.09198114275932312]
Edge: 134, Vertices: [-0.1361251026391983, -0.29401302337646484, 0.019165830686688423], [-0.14867988228797913, -0.29368069767951965, 0.014666704460978508]
Edge: 135, Vertices: [-0.14867988228797913, -0.29368069767951965, 0.014666704460978508], [-0.15485912561416626, -0.2932747006416321, 0.01239696517586708]
Edge: 136, Vertices: [0.3475937843322754, 0.05796324461698532, 0.10922964662313461], [0.3531596064567566, 0.07103166729211807, 0.10820697247982025]
Edge: 137, Vertices: [0.17279750108718872, 0.34146469831466675, -0.01707904413342476], [0.1595218926668167, 0.33995625376701355, -0.021411873400211334]
Edge: 138, Vertices: [-0.305708646774292, -0.1799389272928238, -0.06662503629922867], [-0.304009348154068, -0.18523961305618286, -0.06481616944074631]
Edge: 139, Vertices: [-0.3012295365333557, -0.04664358124136925, -0.0954791009426117], [-0.30493927001953125, -0.05956346541643143, -0.09383641183376312]
Edge: 140, Vertices: [-0.3021486699581146, -0.19044657051563263, -0.06297183781862259], [-0.304009348154068, -0.18523961305618286, -0.06481616944074631]
Edge: 141, Vertices: [0.17279750108718872, 0.34146469831466675, -0.01707904413342476], [0.18589161336421967, 0.34232309460639954, -0.012661750428378582]
Edge: 142, Vertices: [0.3475937843322754, 0.05796324461698532, 0.10922964662313461], [0.34141188859939575, 0.04494959115982056, 0.11002275347709656]
Edge: 143, Vertices: [-0.1233341172337532, -0.2937052249908447, 0.02360203117132187], [-0.11033812165260315, -0.2927580177783966, 0.027964487671852112]
Edge: 144, Vertices: [0.32726266980171204, 0.019215714186429977, 0.11091294884681702], [0.3193305730819702, 0.006559492088854313, 0.11100783199071884]
Edge: 145, Vertices: [-0.05694353207945824, -0.28264501690864563, 0.044467415660619736], [-0.043404992669820786, -0.27856650948524475, 0.048306114971637726]
Edge: 146, Vertices: [-0.30012768507003784, -0.19555659592151642, -0.06109317019581795], [-0.2979477047920227, -0.2005665898323059, -0.05918131023645401]
Edge: 147, Vertices: [0.13255847990512848, 0.3350057601928711, -0.02978130616247654], [0.11893768608570099, 0.33157601952552795, -0.03379710018634796]
Edge: 148, Vertices: [-0.2370963990688324, -0.26840004324913025, -0.022255616262555122], [-0.23234184086322784, -0.2711202800273895, -0.019959453493356705]
Edge: 149, Vertices: [-0.2548806667327881, -0.25609248876571655, -0.03133118525147438], [-0.2590046525001526, -0.2526683807373047, -0.03356589004397392]
Edge: 150, Vertices: [0.09158717095851898, 0.32285013794898987, -0.04144096374511719], [0.07792548090219498, 0.31757569313049316, -0.04505001753568649]
Edge: 151, Vertices: [-0.27333465218544006, 0.01787956990301609, -0.10038230568170547], [-0.28011688590049744, 0.005090248305350542, -0.09985191375017166]
Edge: 152, Vertices: [-0.28023749589920044, -0.2301812469959259, -0.04618050530552864], [-0.2796346843242645, -0.2310464084148407, -0.045717742294073105]
Edge: 153, Vertices: [-0.285936564207077, -0.22229433059692383, -0.04993614926934242], [-0.2852872610092163, -0.22316811978816986, -0.04956076294183731]
Edge: 154, Vertices: [0.3660299479961395, 0.11024037003517151, 0.10378982126712799], [0.3623891770839691, 0.09720277786254883, 0.10548368096351624]
Edge: 155, Vertices: [0.3676026165485382, 0.11673299968242645, 0.10286159813404083], [0.3660299479961395, 0.11024037003517151, 0.10378982126712799]
