Edge: 0, Vertices: [0.38914820551872253, -0.04355898126959801, 0.026548059657216072], [0.3866826891899109, -0.046544045209884644, 0.02060399204492569]
Edge: 1, Vertices: [0.32395002245903015, 0.21574486792087555, 0.024998294189572334], [0.32754412293434143, 0.21401125192642212, 0.030863305553793907]
Edge: 2, Vertices: [0.022355765104293823, -0.36603036522865295, 0.5871691703796387], [0.023474371060729027, -0.36621034145355225, 0.5871067047119141]
Edge: 3, Vertices: [-0.14026932418346405, 0.3184114694595337, 0.5985766053199768], [-0.14118503034114838, 0.31774309277534485, 0.5986248850822449]
Edge: 4, Vertices: [0.025689341127872467, -0.3665015995502472, 0.5869060158729553], [0.026784375309944153, -0.3666127026081085, 0.5867679715156555]
Edge: 5, Vertices: [-0.1375020146369934, 0.3202781081199646, 0.598275899887085], [-0.138427272439003, 0.3196793794631958, 0.5984020829200745]
Edge: 6, Vertices: [0.334776908159256, 0.20955224335193634, 0.04221956059336662], [0.3383975923061371, 0.20683792233467102, 0.04768257215619087]
Edge: 7, Vertices: [0.3936675190925598, -0.03667287155985832, 0.03809438645839691], [0.3957100808620453, -0.0327889546751976, 0.04366794228553772]
Edge: 8, Vertices: [0.45316338539123535, -0.05220602825284004, 0.04922047629952431], [0.4507051706314087, -0.05762077122926712, 0.042172014713287354]
Edge: 9, Vertices: [0.03210875764489174, -0.36682063341140747, 0.5857037305831909], [0.03313899040222168, -0.3667925298213959, 0.5854170322418213]
Edge: 10, Vertices: [-0.13192646205425262, 0.32335564494132996, 0.596979558467865], [-0.13285578787326813, 0.32290560007095337, 0.5972592234611511]
Edge: 11, Vertices: [0.028946220874786377, -0.36676549911499023, 0.5864166617393494], [0.030011747032403946, -0.36680713295936584, 0.5862036943435669]
Edge: 12, Vertices: [-0.13471601903438568, 0.3219291567802429, 0.5977425575256348], [-0.13564583659172058, 0.3214033246040344, 0.597946047782898]
Edge: 13, Vertices: [0.2853164076805115, 0.08108135312795639, -0.2006015181541443], [0.2834908068180084, 0.09008870273828506, -0.19984126091003418]
Edge: 14, Vertices: [-0.4629915952682495, 0.24854221940040588, -0.01988869160413742], [-0.4626023471355438, 0.24921534955501556, -0.02078014239668846]
Edge: 15, Vertices: [-0.2999800145626068, -0.4307180345058441, -0.032171525061130524], [-0.30062487721443176, -0.43032240867614746, -0.03126216679811478]
Edge: 16, Vertices: [-0.45297521352767944, 0.25749078392982483, -0.03293090686202049], [-0.45217958092689514, 0.25783616304397583, -0.033534936606884]
Edge: 17, Vertices: [-0.28601235151290894, -0.4331836700439453, -0.04570077732205391], [-0.2868819534778595, -0.4332827627658844, -0.04511371627449989]
Edge: 18, Vertices: [-0.45217958092689514, 0.25783616304397583, -0.033534936606884], [-0.4513637125492096, 0.2581597864627838, -0.03411823511123657]
Edge: 19, Vertices: [-0.2868819534778595, -0.4332827627658844, -0.04511371627449989], [-0.28774315118789673, -0.4333539605140686, -0.04450509324669838]
Edge: 20, Vertices: [-0.3081076443195343, -0.42142626643180847, -0.016359839588403702], [-0.3087646961212158, -0.419857382774353, -0.014255345799028873]
Edge: 21, Vertices: [-0.46538808941841125, 0.2349940836429596, -0.0032841793727129698], [-0.46552774310112, 0.23675626516342163, -0.005332865286618471]
Edge: 22, Vertices: [-0.007005077321082354, -0.3539477586746216, 0.5801103711128235], [-0.004864854272454977, -0.355328768491745, 0.5812162756919861]
Edge: 23, Vertices: [-0.16066496074199677, 0.29608047008514404, 0.5921297669410706], [-0.16195733845233917, 0.2939165532588959, 0.5909644961357117]
Edge: 24, Vertices: [0.31445980072021484, 0.2635622024536133, -0.06261119246482849], [0.31077638268470764, 0.26093676686286926, -0.07064752280712128]
Edge: 25, Vertices: [0.2896047830581665, 0.06315147131681442, -0.20090191066265106], [0.2920568585395813, 0.05427350476384163, -0.20044130086898804]
Edge: 26, Vertices: [0.39465177059173584, -0.08975109457969666, -0.0765228345990181], [0.3991852104663849, -0.09067953377962112, -0.06854604184627533]
Edge: 27, Vertices: [0.2777312695980072, 0.1764264702796936, -0.1707916110754013], [0.2784365713596344, 0.1842130422592163, -0.1659013032913208]
Edge: 28, Vertices: [0.3261950612068176, -0.026203392073512077, -0.17418640851974487], [0.3303833305835724, -0.032979317009449005, -0.16954007744789124]
Edge: 29, Vertices: [0.039025984704494476, -0.3661377727985382, 0.5831946730613708], [0.039952561259269714, -0.36594823002815247, 0.5827426910400391]
Edge: 30, Vertices: [-0.12548841536045074, 0.32576999068260193, 0.5943315029144287], [-0.126397043466568, 0.32550546526908875, 0.5947822332382202]
Edge: 31, Vertices: [0.29384830594062805, 0.21596144139766693, -0.03070399910211563], [0.29689228534698486, 0.2173108607530594, -0.024440238252282143]
Edge: 32, Vertices: [0.3628860116004944, -0.05861271172761917, -0.029062971472740173], [0.3595134913921356, -0.05858844518661499, -0.03530371934175491]
Edge: 33, Vertices: [0.3133637309074402, 0.21891292929649353, 0.006831390783190727], [0.3168509900569916, 0.218198761343956, 0.012967381626367569]
Edge: 34, Vertices: [0.38137054443359375, -0.0515611506998539, 0.008447912521660328], [0.378537118434906, -0.05358069762587547, 0.002266122028231621]
Edge: 35, Vertices: [0.3574170768260956, 0.2654731869697571, 0.0179014652967453], [0.3620894253253937, 0.2632195055484772, 0.025525977835059166]
Edge: 36, Vertices: [0.4421747326850891, -0.07162180542945862, 0.01991615630686283], [0.43896955251693726, -0.07550239562988281, 0.012188872322440147]
Edge: 37, Vertices: [0.3957100808620453, -0.0327889546751976, 0.04366794228553772], [0.39760100841522217, -0.02862376905977726, 0.049089837819337845]
Edge: 38, Vertices: [0.3993356227874756, -0.024187656119465828, 0.05434659868478775], [0.39760100841522217, -0.02862376905977726, 0.049089837819337845]
Edge: 39, Vertices: [0.3761989176273346, 0.2538941502571106, 0.04739103466272354], [0.38089391589164734, 0.24995674192905426, 0.054282814264297485]
Edge: 40, Vertices: [0.34200912714004517, 0.20380912721157074, 0.05298394337296486], [0.3383975923061371, 0.20683792233467102, 0.04768257215619087]
Edge: 41, Vertices: [0.34560254216194153, 0.2004733830690384, 0.058110494166612625], [0.34200912714004517, 0.20380912721157074, 0.05298394337296486]
Edge: 42, Vertices: [0.4574645161628723, -0.04033428430557251, 0.06265637278556824], [0.45541834831237793, -0.04643907770514488, 0.056054260581731796]
Edge: 43, Vertices: [0.45541834831237793, -0.04643907770514488, 0.056054260581731796], [0.45316338539123535, -0.05220602825284004, 0.04922047629952431]
Edge: 44, Vertices: [0.38089391589164734, 0.24995674192905426, 0.054282814264297485], [0.3855653703212738, 0.2456202656030655, 0.06094732880592346]
Edge: 45, Vertices: [0.2826831042766571, 0.02680661715567112, -0.1384376436471939], [0.285273939371109, 0.020479649305343628, -0.13654600083827972]
Edge: 46, Vertices: [0.2631765604019165, 0.10836457461118698, -0.13707125186920166], [0.26263946294784546, 0.1151156947016716, -0.13496050238609314]
Edge: 47, Vertices: [0.3527795374393463, 0.26728928089141846, 0.010140134952962399], [0.3574170768260956, 0.2654731869697571, 0.0179014652967453]
Edge: 48, Vertices: [-0.130998432636261, 0.3237799108028412, 0.5966748595237732], [-0.13192646205425262, 0.32335564494132996, 0.596979558467865]
Edge: 49, Vertices: [0.03313899040222168, -0.3667925298213959, 0.5854170322418213], [0.03415622562170029, -0.36674121022224426, 0.5851061344146729]
Edge: 50, Vertices: [0.15636132657527924, 0.36444252729415894, -0.3092731237411499], [0.30195462703704834, -0.2442914992570877, -0.31947165727615356]
Edge: 51, Vertices: [-0.35454314947128296, 0.110691137611866, -0.06840424984693527], [-0.3490145206451416, 0.12463300675153732, -0.07271866500377655]
Edge: 52, Vertices: [0.06330466270446777, 0.22697536647319794, -0.2951393127441406], [0.07450900226831436, 0.2171868234872818, -0.29985129833221436]
Edge: 53, Vertices: [-0.016578704118728638, -0.32244622707366943, -0.19592371582984924], [-0.029997514560818672, -0.3257769048213959, -0.1886851042509079]
Edge: 54, Vertices: [0.1715361624956131, -0.1215476468205452, -0.3137419819831848], [0.16730493307113647, -0.1361030787229538, -0.3100282847881317]
Edge: 55, Vertices: [-0.277413547039032, -0.2464873194694519, -0.07013022899627686], [-0.28774294257164, -0.23554600775241852, -0.06598936021327972]
Edge: 56, Vertices: [-0.3730282783508301, -0.04052875563502312, -0.042893439531326294], [-0.37427273392677307, -0.025004785507917404, -0.043900016695261]
Edge: 57, Vertices: [0.15329968929290771, 0.10594476014375687, -0.3284926414489746], [0.15920445322990417, 0.09157752990722656, -0.33000001311302185]
Edge: 58, Vertices: [-0.057294100522994995, -0.3301500976085663, -0.17421485483646393], [-0.0711040124297142, -0.33118170499801636, -0.16701918840408325]
Edge: 59, Vertices: [0.022361159324645996, -0.30798259377479553, -0.21743786334991455], [0.009633215144276619, -0.31353798508644104, -0.21031799912452698]
Edge: 60, Vertices: [0.18256095051765442, -0.045721374452114105, -0.32743483781814575], [0.18172796070575714, -0.061168063431978226, -0.3253704309463501]
Edge: 61, Vertices: [0.18172796070575714, -0.061168063431978226, -0.3253704309463501], [0.1802043616771698, -0.07651198655366898, -0.32296258211135864]
Edge: 62, Vertices: [-0.32405638694763184, -0.18670955300331116, -0.05253112316131592], [-0.3317708373069763, -0.17338444292545319, -0.049984704703092575]
Edge: 63, Vertices: [-0.3157751262187958, -0.19961979985237122, -0.05541236698627472], [-0.32405638694763184, -0.18670955300331116, -0.05253112316131592]
Edge: 64, Vertices: [-0.0711040124297142, -0.33118170499801636, -0.16701918840408325], [-0.08497598022222519, -0.3314392864704132, -0.15987372398376465]
Edge: 65, Vertices: [0.03479468822479248, -0.301710844039917, -0.22448258101940155], [0.022361159324645996, -0.30798259377479553, -0.21743786334991455]
Edge: 66, Vertices: [0.10547152161598206, 0.1843901127576828, -0.3122636079788208], [0.11482333391904831, 0.17240476608276367, -0.3157922029495239]
Edge: 67, Vertices: [-0.3701181709766388, 0.05203671008348465, -0.05419629439711571], [-0.36722639203071594, 0.06706105172634125, -0.057272374629974365]
Edge: 68, Vertices: [-0.14039406180381775, -0.32474514842033386, -0.13214623928070068], [-0.15405887365341187, -0.32116129994392395, -0.12551414966583252]
Edge: 69, Vertices: [0.09149399399757385, -0.260212242603302, -0.2579747140407562], [0.08097893744707108, -0.26979783177375793, -0.25156325101852417]
Edge: 70, Vertices: [-0.3710952401161194, -0.05600128695368767, -0.04224564507603645], [-0.3730282783508301, -0.04052875563502312, -0.042893439531326294]
Edge: 71, Vertices: [0.15920445322990417, 0.09157752990722656, -0.33000001311302185], [0.16447456181049347, 0.07693330198526382, -0.33115237951278687]
Edge: 72, Vertices: [-0.36122122406959534, -0.10172680020332336, -0.042466603219509125], [-0.36518436670303345, -0.08663839101791382, -0.04203196242451668]
Edge: 73, Vertices: [0.1730600893497467, 0.046960074454545975, -0.3323814868927002], [0.17635416984558105, 0.031705595552921295, -0.33245521783828735]
Edge: 74, Vertices: [0.09033661335706711, 0.3928316831588745, -0.32658687233924866], [0.15636132657527924, 0.36444252729415894, -0.3092731237411499]
Edge: 75, Vertices: [0.1730600893497467, 0.046960074454545975, -0.3323814868927002], [0.09033661335706711, 0.3928316831588745, -0.32658687233924866]
Edge: 76, Vertices: [0.10154272615909576, -0.2500291168689728, -0.26421019434928894], [0.09149399399757385, -0.260212242603302, -0.2579747140407562]
Edge: 77, Vertices: [-0.15405887365341187, -0.32116129994392395, -0.12551414966583252], [-0.16757948696613312, -0.31682834029197693, -0.11903544515371323]
Edge: 78, Vertices: [-0.31226691603660583, 0.18829436600208282, -0.0983215942978859], [-0.30322447419166565, 0.1995953470468521, -0.10415919125080109]
Edge: 79, Vertices: [-0.32077181339263916, 0.1764759123325348, -0.09270498156547546], [-0.31226691603660583, 0.18829436600208282, -0.0983215942978859]
Edge: 80, Vertices: [-0.01120193861424923, 0.2720786929130554, -0.2616872489452362], [0.0019298804691061378, 0.2662816047668457, -0.26781129837036133]
Edge: 81, Vertices: [0.0019298804691061378, 0.2662816047668457, -0.26781129837036133], [0.014818104915320873, 0.2597731947898865, -0.2737349569797516]
Edge: 82, Vertices: [-0.37427273392677307, -0.025004785507917404, -0.043900016695261], [-0.37482550740242004, -0.009467973373830318, -0.04526288062334061]
Edge: 83, Vertices: [0.1467750072479248, 0.11999927461147308, -0.326634019613266], [0.15329968929290771, 0.10594476014375687, -0.3284926414489746]
Edge: 84, Vertices: [-0.098875492811203, -0.3309221565723419, -0.15279620885849], [-0.1127680316567421, -0.32963165640830994, -0.1458042412996292]
Edge: 85, Vertices: [-0.08497598022222519, -0.3314392864704132, -0.15987372398376465], [-0.098875492811203, -0.3309221565723419, -0.15279620885849]
Edge: 86, Vertices: [0.05865566059947014, -0.287082314491272, -0.23827670514583588], [0.046902887523174286, -0.2947382926940918, -0.23143461346626282]
Edge: 87, Vertices: [0.046902887523174286, -0.2947382926940918, -0.23143461346626282], [0.03479468822479248, -0.301710844039917, -0.22448258101940155]
Edge: 88, Vertices: [-0.3360859155654907, 0.15140540897846222, -0.08218996971845627], [-0.32871806621551514, 0.16416940093040466, -0.08732330799102783]
Edge: 89, Vertices: [-0.32871806621551514, 0.16416940093040466, -0.08732330799102783], [-0.32077181339263916, 0.1764759123325348, -0.09270498156547546]
Edge: 90, Vertices: [0.027430672198534012, 0.25256961584091187, -0.27944350242614746], [0.03973621875047684, 0.24468877911567688, -0.28492271900177]
Edge: 91, Vertices: [0.014818104915320873, 0.2597731947898865, -0.2737349569797516], [0.027430672198534012, 0.25256961584091187, -0.27944350242614746]
Edge: 92, Vertices: [-0.3317708373069763, -0.17338444292545319, -0.049984704703092575], [-0.33889925479888916, -0.15967759490013123, -0.04777944087982178]
Edge: 93, Vertices: [0.1827012300491333, -0.03021034225821495, -0.32915058732032776], [0.18256095051765442, -0.045721374452114105, -0.32743483781814575]
Edge: 94, Vertices: [-0.024544788524508476, 0.27715003490448, -0.25537800788879395], [-0.01120193861424923, 0.2720786929130554, -0.2616872489452362]
Edge: 95, Vertices: [-0.30322447419166565, 0.1995953470468521, -0.10415919125080109], [-0.2936669886112213, 0.21035079658031464, -0.11020325869321823]
Edge: 96, Vertices: [0.30195462703704834, -0.2442914992570877, -0.31947165727615356], [0.2557835578918457, -0.29891154170036316, -0.33817610144615173]
Edge: 97, Vertices: [0.2557835578918457, -0.29891154170036316, -0.33817610144615173], [0.1730600893497467, 0.046960074454545975, -0.3323814868927002]
Edge: 98, Vertices: [0.2557835578918457, -0.29891154170036316, -0.33817610144615173], [-0.28246089816093445, -0.43250998854637146, -0.047826580703258514]
Edge: 99, Vertices: [-0.36518436670303345, -0.08663839101791382, -0.04203196242451668], [-0.3684784471988678, -0.07138391584157944, -0.04195825010538101]
Edge: 100, Vertices: [-0.3684784471988678, -0.07138391584157944, -0.04195825010538101], [-0.3710952401161194, -0.05600128695368767, -0.04224564507603645]
Edge: 101, Vertices: [0.1690969318151474, 0.06204847991466522, -0.33194684982299805], [0.1730600893497467, 0.046960074454545975, -0.3323814868927002]
Edge: 102, Vertices: [0.16447456181049347, 0.07693330198526382, -0.33115237951278687], [0.1690969318151474, 0.06204847991466522, -0.33194684982299805]
Edge: 103, Vertices: [-0.356598824262619, -0.11661162227392197, -0.0432610921561718], [-0.36122122406959534, -0.10172680020332336, -0.042466603219509125]
Edge: 104, Vertices: [0.17635416984558105, 0.031705595552921295, -0.33245521783828735], [0.17897097766399384, 0.016322966665029526, -0.3321678042411804]
Edge: 105, Vertices: [-0.2936669886112213, 0.21035079658031464, -0.11020325869321823], [-0.2836182713508606, 0.22053392231464386, -0.11643876135349274]
Edge: 106, Vertices: [-0.038065388798713684, 0.2814829647541046, -0.24889932572841644], [-0.024544788524508476, 0.27715003490448, -0.25537800788879395]
Edge: 107, Vertices: [0.1802043616771698, -0.07651198655366898, -0.32296258211135864], [0.17799390852451324, -0.09171503037214279, -0.32021716237068176]
Edge: 108, Vertices: [-0.30694761872291565, -0.21208308637142181, -0.05862127244472504], [-0.3157751262187958, -0.19961979985237122, -0.05541236698627472]
Edge: 109, Vertices: [0.07002375274896622, -0.27876192331314087, -0.24499180912971497], [0.05865566059947014, -0.287082314491272, -0.23827670514583588]
Edge: 110, Vertices: [0.08097893744707108, -0.26979783177375793, -0.25156325101852417], [0.07002375274896622, -0.27876192331314087, -0.24499180912971497]
Edge: 111, Vertices: [-0.1127680316567421, -0.32963165640830994, -0.1458042412996292], [-0.12661904096603394, -0.32757091522216797, -0.13891519606113434]
Edge: 112, Vertices: [-0.12661904096603394, -0.32757091522216797, -0.13891519606113434], [-0.14039406180381775, -0.32474514842033386, -0.13214623928070068]
Edge: 113, Vertices: [-0.23902714252471924, 0.25505995750427246, -0.14297886192798615], [-0.22691896557807922, 0.26203250885009766, -0.1499308943748474]
Edge: 114, Vertices: [-0.10714829713106155, 0.29176098108291626, -0.21453973650932312], [-0.09324876219034195, 0.29124385118484497, -0.22161726653575897]
Edge: 115, Vertices: [-0.0435805507004261, -0.32834702730178833, -0.18144282698631287], [-0.057294100522994995, -0.3301500976085663, -0.17421485483646393]
Edge: 116, Vertices: [-0.029997514560818672, -0.3257769048213959, -0.1886851042509079], [-0.0435805507004261, -0.32834702730178833, -0.18144282698631287]
Edge: 117, Vertices: [0.009633215144276619, -0.31353798508644104, -0.21031799912452698], [-0.0033574961125850677, -0.3183631896972656, -0.20314066112041473]
Edge: 118, Vertices: [-0.0033574961125850677, -0.3183631896972656, -0.20314066112041473], [-0.016578704118728638, -0.32244622707366943, -0.19592371582984924]
Edge: 119, Vertices: [-0.2731032073497772, 0.2301194965839386, -0.1228502094745636], [-0.26214802265167236, 0.23908360302448273, -0.1294216513633728]
Edge: 120, Vertices: [-0.2836182713508606, 0.22053392231464386, -0.11643876135349274], [-0.2731032073497772, 0.2301194965839386, -0.1228502094745636]
Edge: 121, Vertices: [-0.06550523638725281, 0.287892609834671, -0.23549826443195343], [-0.05173022300004959, 0.2850668132305145, -0.24226723611354828]
Edge: 122, Vertices: [-0.05173022300004959, 0.2850668132305145, -0.24226723611354828], [-0.038065388798713684, 0.2814829647541046, -0.24889932572841644]
Edge: 123, Vertices: [-0.07935622334480286, 0.2899533212184906, -0.22860923409461975], [-0.06550523638725281, 0.287892609834671, -0.23549826443195343]
Edge: 124, Vertices: [-0.09324876219034195, 0.29124385118484497, -0.22161726653575897], [-0.07935622334480286, 0.2899533212184906, -0.22860923409461975]
Edge: 125, Vertices: [-0.26214802265167236, 0.23908360302448273, -0.1294216513633728], [-0.250779926776886, 0.24740399420261383, -0.13613677024841309]
Edge: 126, Vertices: [-0.250779926776886, 0.24740399420261383, -0.13613677024841309], [-0.23902714252471924, 0.25505995750427246, -0.14297886192798615]
Edge: 127, Vertices: [0.03973621875047684, 0.24468877911567688, -0.28492271900177], [0.051704131066799164, 0.23615029454231262, -0.2901589870452881]
Edge: 128, Vertices: [0.051704131066799164, 0.23615029454231262, -0.2901589870452881], [0.06330466270446777, 0.22697536647319794, -0.2951393127441406]
Edge: 129, Vertices: [-0.3428570032119751, 0.13821567595005035, -0.07731771469116211], [-0.3360859155654907, 0.15140540897846222, -0.08218996971845627]
Edge: 130, Vertices: [-0.3490145206451416, 0.12463300675153732, -0.07271866500377655], [-0.3428570032119751, 0.13821567595005035, -0.07731771469116211]
Edge: 131, Vertices: [-0.22691896557807922, 0.26203250885009766, -0.1499308943748474], [-0.21448543667793274, 0.2683042585849762, -0.15697559714317322]
Edge: 132, Vertices: [-0.12102026492357254, 0.2915033996105194, -0.20739427208900452], [-0.10714829713106155, 0.29176098108291626, -0.21453973650932312]
Edge: 133, Vertices: [-0.33889925479888916, -0.15967759490013123, -0.04777944087982178], [-0.34542396664619446, -0.1456230729818344, -0.04592081531882286]
Edge: 134, Vertices: [0.18214844167232513, -0.014673537574708462, -0.33051344752311707], [0.1827012300491333, -0.03021034225821495, -0.32915058732032776]
Edge: 135, Vertices: [0.17897097766399384, 0.016322966665029526, -0.3321678042411804], [0.18090401589870453, 0.000850438722409308, -0.3315200209617615]
Edge: 136, Vertices: [0.18090401589870453, 0.000850438722409308, -0.3315200209617615], [0.18214844167232513, -0.014673537574708462, -0.33051344752311707]
Edge: 137, Vertices: [-0.3513287305831909, -0.1312558501958847, -0.044413451105356216], [-0.356598824262619, -0.11661162227392197, -0.0432610921561718]
Edge: 138, Vertices: [-0.34542396664619446, -0.1456230729818344, -0.04592081531882286], [-0.3513287305831909, -0.1312558501958847, -0.044413451105356216]
Edge: 139, Vertices: [-0.2069423794746399, -0.2994515299797058, -0.10067851096391678], [-0.21955494582653046, -0.2922479212284088, -0.0949699804186821]
Edge: 140, Vertices: [-0.19405415654182434, -0.30595993995666504, -0.10660216957330704], [-0.2069423794746399, -0.2994515299797058, -0.10067851096391678]
Edge: 141, Vertices: [0.1365938037633896, -0.2038477212190628, -0.28709015250205994], [0.12864753603935242, -0.21615423262119293, -0.2817084789276123]
Edge: 142, Vertices: [0.12864753603935242, -0.21615423262119293, -0.2817084789276123], [0.1201426237821579, -0.22797268629074097, -0.27609187364578247]
Edge: 143, Vertices: [0.11482333391904831, 0.17240476608276367, -0.3157922029495239], [0.12365085631608963, 0.15994147956371307, -0.31900110840797424]
Edge: 144, Vertices: [0.12365085631608963, 0.15994147956371307, -0.31900110840797424], [0.1319321095943451, 0.14703123271465302, -0.32188233733177185]
Edge: 145, Vertices: [-0.37232863903045654, 0.03683366999030113, -0.051450904458761215], [-0.3701181709766388, 0.05203671008348465, -0.05419629439711571]
Edge: 146, Vertices: [-0.3738522529602051, 0.021489741280674934, -0.049043018370866776], [-0.37232863903045654, 0.03683366999030113, -0.051450904458761215]
Edge: 147, Vertices: [0.09561868011951447, 0.19586768746376038, -0.30842411518096924], [0.10547152161598206, 0.1843901127576828, -0.3122636079788208]
Edge: 148, Vertices: [-0.36722639203071594, 0.06706105172634125, -0.057272374629974365], [-0.36366042494773865, 0.08186933398246765, -0.06067148596048355]
Edge: 149, Vertices: [-0.18876676261425018, 0.2786848843097687, -0.17127281427383423], [-0.1755455732345581, 0.2827678918838501, -0.17848974466323853]
Edge: 150, Vertices: [-0.16212676465511322, 0.2860985994338989, -0.18572835624217987], [-0.14854370057582855, 0.288668692111969, -0.1929706484079361]
Edge: 151, Vertices: [-0.44790783524513245, 0.2592332065105438, -0.03623734414577484], [0.09033661335706711, 0.3928316831588745, -0.32658687233924866]
Edge: 152, Vertices: [-0.1755455732345581, 0.2827678918838501, -0.17848974466323853], [-0.16212676465511322, 0.2860985994338989, -0.18572835624217987]
Edge: 153, Vertices: [-0.2666332721710205, -0.25686514377593994, -0.07456216216087341], [-0.277413547039032, -0.2464873194694519, -0.07013022899627686]
Edge: 154, Vertices: [0.16730493307113647, -0.1361030787229538, -0.3100282847881317], [0.1624188870191574, -0.15036946535110474, -0.3060092329978943]
Edge: 155, Vertices: [-0.2017574906349182, 0.2738596498966217, -0.16409547626972198], [-0.18876676261425018, 0.2786848843097687, -0.17127281427383423]
Edge: 156, Vertices: [-0.21448543667793274, 0.2683042585849762, -0.15697559714317322], [-0.2017574906349182, 0.2738596498966217, -0.16409547626972198]
Edge: 157, Vertices: [-0.14854370057582855, 0.288668692111969, -0.1929706484079361], [-0.13483017683029175, 0.29047179222106934, -0.20019860565662384]
Edge: 158, Vertices: [-0.13483017683029175, 0.29047179222106934, -0.20019860565662384], [-0.12102026492357254, 0.2915033996105194, -0.20739427208900452]
Edge: 159, Vertices: [0.13964655995368958, 0.13370612263679504, -0.3244287669658661], [0.1467750072479248, 0.11999927461147308, -0.326634019613266]
Edge: 160, Vertices: [0.1319321095943451, 0.14703123271465302, -0.32188233733177185], [0.13964655995368958, 0.13370612263679504, -0.3244287669658661]
Edge: 161, Vertices: [-0.37482550740242004, -0.009467973373830318, -0.04526288062334061], [-0.37468522787094116, 0.006043057888746262, -0.04697863757610321]
Edge: 162, Vertices: [-0.37468522787094116, 0.006043057888746262, -0.04697863757610321], [-0.3738522529602051, 0.021489741280674934, -0.049043018370866776]
Edge: 163, Vertices: [-0.24382838606834412, -0.27582859992980957, -0.08425448089838028], [-0.2554289400577545, -0.2666536867618561, -0.07927415519952774]
Edge: 164, Vertices: [-0.2554289400577545, -0.2666536867618561, -0.07927415519952774], [-0.2666332721710205, -0.25686514377593994, -0.07456216216087341]
Edge: 165, Vertices: [0.15689024329185486, -0.16431131958961487, -0.3016948103904724], [0.15073272585868835, -0.1778939962387085, -0.29709574580192566]
Edge: 166, Vertices: [0.1624188870191574, -0.15036946535110474, -0.3060092329978943], [0.15689024329185486, -0.16431131958961487, -0.3016948103904724]
Edge: 167, Vertices: [0.07450900226831436, 0.2171868234872818, -0.29985129833221436], [0.08528929948806763, 0.20680901408195496, -0.3042832612991333]
Edge: 168, Vertices: [0.08528929948806763, 0.20680901408195496, -0.3042832612991333], [0.09561868011951447, 0.19586768746376038, -0.30842411518096924]
Edge: 169, Vertices: [-0.35942918062210083, 0.09642476588487625, -0.06438519060611725], [-0.35454314947128296, 0.110691137611866, -0.06840424984693527]
Edge: 170, Vertices: [-0.36366042494773865, 0.08186933398246765, -0.06067148596048355], [-0.35942918062210083, 0.09642476588487625, -0.06438519060611725]
Edge: 171, Vertices: [-0.16757948696613312, -0.31682834029197693, -0.11903544515371323], [-0.18092231452465057, -0.31175702810287476, -0.11272621899843216]
Edge: 172, Vertices: [-0.18092231452465057, -0.31175702810287476, -0.11272621899843216], [-0.19405415654182434, -0.30595993995666504, -0.10660216957330704]
Edge: 173, Vertices: [0.1111002191901207, -0.23927366733551025, -0.2702542841434479], [0.10154272615909576, -0.2500291168689728, -0.26421019434928894]
Edge: 174, Vertices: [0.1201426237821579, -0.22797268629074097, -0.27609187364578247], [0.1111002191901207, -0.23927366733551025, -0.2702542841434479]
Edge: 175, Vertices: [0.15073272585868835, -0.1778939962387085, -0.29709574580192566], [0.14396163821220398, -0.19108372926712036, -0.2922235131263733]
Edge: 176, Vertices: [0.14396163821220398, -0.19108372926712036, -0.2922235131263733], [0.1365938037633896, -0.2038477212190628, -0.28709015250205994]
Edge: 177, Vertices: [-0.2318604737520218, -0.28436708450317383, -0.08949075639247894], [-0.24382838606834412, -0.27582859992980957, -0.08425448089838028]
Edge: 178, Vertices: [-0.21955494582653046, -0.2922479212284088, -0.0949699804186821], [-0.2318604737520218, -0.28436708450317383, -0.08949075639247894]
Edge: 179, Vertices: [-0.28774294257164, -0.23554600775241852, -0.06598936021327972], [-0.2975957989692688, -0.22406843304634094, -0.06214986369013786]
Edge: 180, Vertices: [-0.2975957989692688, -0.22406843304634094, -0.06214986369013786], [-0.30694761872291565, -0.21208308637142181, -0.05862127244472504]
Edge: 181, Vertices: [0.175102099776268, -0.10673936456441879, -0.3171410858631134], [0.1715361624956131, -0.1215476468205452, -0.3137419819831848]
Edge: 182, Vertices: [0.17799390852451324, -0.09171503037214279, -0.32021716237068176], [0.175102099776268, -0.10673936456441879, -0.3171410858631134]
Edge: 183, Vertices: [0.27571094036102295, 0.04652164503931999, -0.14229103922843933], [0.2736729383468628, 0.05328356474637985, -0.1429576873779297]
Edge: 184, Vertices: [0.27789562940597534, 0.03984382003545761, -0.14131374657154083], [0.27571094036102295, 0.04652164503931999, -0.14229103922843933]
Edge: 185, Vertices: [0.26584750413894653, 0.08776123821735382, -0.1416001319885254], [0.26708364486694336, 0.08083371818065643, -0.14249612390995026]
Edge: 186, Vertices: [0.26584750413894653, 0.08776123821735382, -0.1416001319885254], [0.264782577753067, 0.09467031806707382, -0.14039520919322968]
Edge: 187, Vertices: [-0.14300298690795898, 0.3163394033908844, 0.5986431241035461], [-0.1439041644334793, 0.31560492515563965, 0.5986131429672241]
Edge: 188, Vertices: [0.018963536247611046, -0.3653542697429657, 0.5872045755386353], [0.020099671557545662, -0.36560219526290894, 0.5872181057929993]
Edge: 189, Vertices: [-0.1516839861869812, 0.3081004023551941, 0.5971781611442566], [-0.15330913662910461, 0.3062363266944885, 0.59657883644104]
Edge: 190, Vertices: [0.006322817411273718, -0.36119404435157776, 0.585396945476532], [0.008619891479611397, -0.36213934421539307, 0.585949182510376]
Edge: 191, Vertices: [0.3976563811302185, 0.10058139264583588, 0.10864360630512238], [0.39938610792160034, 0.09370188415050507, 0.1086847186088562]
Edge: 192, Vertices: [0.40095511078834534, 0.08678917586803436, 0.10841253399848938], [0.39938610792160034, 0.09370188415050507, 0.1086847186088562]
Edge: 193, Vertices: [-0.30303406715393066, -0.4284815490245819, -0.02749823033809662], [-0.3035919964313507, -0.4279581606388092, -0.026528451591730118]
Edge: 194, Vertices: [-0.46453237533569336, 0.24494284391403198, -0.01525488868355751], [-0.464278906583786, 0.24569246172904968, -0.016203340142965317]
Edge: 195, Vertices: [0.46559199690818787, 0.03559279441833496, 0.11265925318002701], [0.46582308411598206, 0.02706262283027172, 0.10916269570589066]
Edge: 196, Vertices: [-0.13934989273548126, 0.31905704736709595, 0.5985023379325867], [-0.14026932418346405, 0.3184114694595337, 0.5985766053199768]
Edge: 197, Vertices: [-0.138427272439003, 0.3196793794631958, 0.5984020829200745], [-0.13934989273548126, 0.31905704736709595, 0.5985023379325867]
Edge: 198, Vertices: [0.023474371060729027, -0.36621034145355225, 0.5871067047119141], [0.0245857834815979, -0.3663674592971802, 0.5870189666748047]
Edge: 199, Vertices: [0.0245857834815979, -0.3663674592971802, 0.5870189666748047], [0.025689341127872467, -0.3665015995502472, 0.5869060158729553]
Edge: 200, Vertices: [0.29763612151145935, 0.2462528944015503, -0.10176316648721695], [0.29479026794433594, 0.2415820211172104, -0.10918793827295303]
Edge: 201, Vertices: [0.3713480830192566, -0.07851063460111618, -0.11455066502094269], [0.37605515122413635, -0.08162164688110352, -0.10725626349449158]
Edge: 202, Vertices: [-0.126397043466568, 0.32550546526908875, 0.5947822332382202], [-0.12731030583381653, 0.32521381974220276, 0.5952092409133911]
Edge: 203, Vertices: [0.038082849234342575, -0.366304486989975, 0.5836237668991089], [0.039025984704494476, -0.3661377727985382, 0.5831946730613708]
Edge: 204, Vertices: [0.46234074234962463, 0.07083586603403091, 0.12284853309392929], [0.4634990990161896, 0.06190034747123718, 0.12088438868522644]
Edge: 205, Vertices: [0.33905526995658875, -0.04560188576579094, -0.1592721939086914], [0.34351739287376404, -0.05141714587807655, -0.15367618203163147]
Edge: 206, Vertices: [0.2819296419620514, 0.20608477294445038, -0.14936208724975586], [0.2805383801460266, 0.19906064867973328, -0.155173197388649]
Edge: 207, Vertices: [0.027870215475559235, -0.3667007088661194, 0.5866047739982605], [0.028946220874786377, -0.36676549911499023, 0.5864166617393494]
Edge: 208, Vertices: [-0.13657468557357788, 0.3208528757095337, 0.5981238484382629], [-0.1375020146369934, 0.3202781081199646, 0.598275899887085]
Edge: 209, Vertices: [0.026784375309944153, -0.3666127026081085, 0.5867679715156555], [0.027870215475559235, -0.3667007088661194, 0.5866047739982605]
Edge: 210, Vertices: [-0.13564583659172058, 0.3214033246040344, 0.597946047782898], [-0.13657468557357788, 0.3208528757095337, 0.5981238484382629]
Edge: 211, Vertices: [0.2777133584022522, 0.13465526700019836, -0.19004495441913605], [0.2784115672111511, 0.12587881088256836, -0.19278894364833832]
Edge: 212, Vertices: [0.3037700653076172, 0.019853470847010612, -0.19456525146961212], [0.30713820457458496, 0.011628412641584873, -0.19210609793663025]
Edge: 213, Vertices: [0.35961753129959106, 0.18423782289028168, 0.07662074267864227], [0.36298802495002747, 0.17950624227523804, 0.08069177716970444]
Edge: 214, Vertices: [0.40463054180145264, -0.003964126575738192, 0.0734676644206047], [0.40552693605422974, 0.001648660865612328, 0.07771200686693192]
Edge: 215, Vertices: [0.28798773884773254, 0.014301524497568607, -0.13435795903205872], [0.285273939371109, 0.020479649305343628, -0.13654600083827972]
Edge: 216, Vertices: [0.262281596660614, 0.12178037315607071, -0.13255728781223297], [0.26263946294784546, 0.1151156947016716, -0.13496050238609314]
Edge: 217, Vertices: [0.40463054180145264, -0.003964126575738192, 0.0734676644206047], [0.4035603404045105, -0.009367312304675579, 0.0689975768327713]
Edge: 218, Vertices: [0.3561851382255554, 0.18871110677719116, 0.07231611758470535], [0.35961753129959106, 0.18423782289028168, 0.07662074267864227]
Edge: 219, Vertices: [0.3202741742134094, -0.03614483028650284, -0.09771788120269775], [0.3167437016963959, -0.03222081437706947, -0.10245700925588608]
Edge: 220, Vertices: [0.26712411642074585, 0.1752416044473648, -0.09898125380277634], [0.26853349804878235, 0.18018582463264465, -0.09409354627132416]
Edge: 221, Vertices: [0.4067898392677307, 0.013446773402392864, 0.08548182249069214], [0.4071532189846039, 0.019602758809924126, 0.08898798376321793]
Edge: 222, Vertices: [0.3695099949836731, 0.169315904378891, 0.08809320628643036], [0.3726452589035034, 0.16388246417045593, 0.09140519797801971]
Edge: 223, Vertices: [0.020099671557545662, -0.36560219526290894, 0.5872181057929993], [0.021230623126029968, -0.3658275902271271, 0.587206244468689]
Edge: 224, Vertices: [-0.14118503034114838, 0.31774309277534485, 0.5986248850822449], [-0.14209643006324768, 0.3170522451400757, 0.5986469984054565]
Edge: 225, Vertices: [0.021230623126029968, -0.3658275902271271, 0.587206244468689], [0.022355765104293823, -0.36603036522865295, 0.5871691703796387]
Edge: 226, Vertices: [-0.14209643006324768, 0.3170522451400757, 0.5986469984054565], [-0.14300298690795898, 0.3163394033908844, 0.5986431241035461]
Edge: 227, Vertices: [-0.13378581404685974, 0.3224300146102905, 0.5975136160850525], [-0.13285578787326813, 0.32290560007095337, 0.5972592234611511]
Edge: 228, Vertices: [-0.13471601903438568, 0.3219291567802429, 0.5977425575256348], [-0.13378581404685974, 0.3224300146102905, 0.5975136160850525]
Edge: 229, Vertices: [0.03106614388525486, -0.36682552099227905, 0.5859660506248474], [0.03210875764489174, -0.36682063341140747, 0.5857037305831909]
Edge: 230, Vertices: [0.030011747032403946, -0.36680713295936584, 0.5862036943435669], [0.03106614388525486, -0.36682552099227905, 0.5859660506248474]
Edge: 231, Vertices: [0.2999330759048462, -0.008621737360954285, -0.12276159971952438], [0.3031548261642456, -0.013833985663950443, -0.11918749660253525]
Edge: 232, Vertices: [0.2626532316207886, 0.14724738895893097, -0.12015022337436676], [0.26319578289985657, 0.15323705971240997, -0.11638844758272171]
Edge: 233, Vertices: [0.45929673314094543, -0.03390681371092796, 0.06901039928197861], [0.4574645161628723, -0.04033428430557251, 0.06265637278556824]
Edge: 234, Vertices: [0.3993356227874756, -0.024187656119465828, 0.05434659868478775], [0.40090957283973694, -0.019491663202643394, 0.059425145387649536]
Edge: 235, Vertices: [0.3855653703212738, 0.2456202656030655, 0.06094732880592346], [0.3902016580104828, 0.24089555442333221, 0.06736800074577332]
Edge: 236, Vertices: [0.34916892647743225, 0.19683898985385895, 0.06304948031902313], [0.34560254216194153, 0.2004733830690384, 0.058110494166612625]
Edge: 237, Vertices: [0.3167437016963959, -0.03222081437706947, -0.10245700925588608], [0.31325796246528625, -0.028016941621899605, -0.10698451101779938]
Edge: 238, Vertices: [0.26712411642074585, 0.1752416044473648, -0.09898125380277634], [0.2658827602863312, 0.17006146907806396, -0.10366597026586533]
Edge: 239, Vertices: [0.32632145285606384, 0.268820583820343, -0.03820277005434036], [0.32224202156066895, 0.26750901341438293, -0.04636862501502037]
Edge: 240, Vertices: [0.4123271107673645, -0.09077408164739609, -0.04422730207443237], [0.4080338776111603, -0.09119166433811188, -0.052378177642822266]
Edge: 241, Vertices: [0.40733927488327026, 0.03235211968421936, 0.09519924968481064], [0.4071614742279053, 0.0389137901365757, 0.09788889437913895]
Edge: 242, Vertices: [0.42849501967430115, 0.18313340842723846, 0.11177745461463928], [0.4321739971637726, 0.17531530559062958, 0.11500012129545212]
Edge: 243, Vertices: [0.38145533204078674, 0.14639264345169067, 0.09968956559896469], [0.37862536311149597, 0.15240657329559326, 0.0972106009721756]
Edge: 244, Vertices: [0.2658827602863312, 0.17006146907806396, -0.10366597026586533], [0.26481255888938904, 0.1646582931280136, -0.10813606530427933]
Edge: 245, Vertices: [0.3098255395889282, -0.02354365400969982, -0.1112891361117363], [0.31325796246528625, -0.028016941621899605, -0.10698451101779938]
Edge: 246, Vertices: [0.43907004594802856, 0.15905867516994476, 0.12030370533466339], [0.4422699511051178, 0.15066057443618774, 0.12237145006656647]
Edge: 247, Vertices: [0.4634670615196228, -0.012851866893470287, 0.08642929047346115], [0.46230176091194153, -0.020148498937487602, 0.08091165125370026]
Edge: 248, Vertices: [0.403784841299057, 0.22451403737068176, 0.08501064777374268], [0.4081664979457855, 0.2183629870414734, 0.09030298888683319]
Edge: 249, Vertices: [0.2638915181159973, 0.10154379904270172, -0.13888432085514069], [0.2631765604019165, 0.10836457461118698, -0.13707125186920166]
Edge: 250, Vertices: [0.264782577753067, 0.09467031806707382, -0.14039520919322968], [0.2638915181159973, 0.10154379904270172, -0.13888432085514069]
Edge: 251, Vertices: [0.2802216112613678, 0.033266693353652954, -0.1400282084941864], [0.27789562940597534, 0.03984382003545761, -0.14131374657154083]
Edge: 252, Vertices: [0.2802216112613678, 0.033266693353652954, -0.1400282084941864], [0.2826831042766571, 0.02680661715567112, -0.1384376436471939]
Edge: 253, Vertices: [-0.28601235151290894, -0.4331836700439453, -0.04570077732205391], [-0.2851349413394928, -0.4330567717552185, -0.04626593738794327]
Edge: 254, Vertices: [-0.4513637125492096, 0.2581597864627838, -0.03411823511123657], [-0.450528085231781, 0.25846150517463684, -0.03468046709895134]
Edge: 255, Vertices: [0.4073365032672882, 0.025909768417477608, 0.09222980588674545], [0.4071532189846039, 0.019602758809924126, 0.08898798376321793]
Edge: 256, Vertices: [0.4073365032672882, 0.025909768417477608, 0.09222980588674545], [0.40733927488327026, 0.03235211968421936, 0.09519924968481064]
Edge: 257, Vertices: [0.3756862282752991, 0.15824134647846222, 0.09444684535264969], [0.3726452589035034, 0.16388246417045593, 0.09140519797801971]
Edge: 258, Vertices: [0.3756862282752991, 0.15824134647846222, 0.09444684535264969], [0.37862536311149597, 0.15240657329559326, 0.0972106009721756]
Edge: 259, Vertices: [0.4452039897441864, -0.06734073907136917, 0.02750161476433277], [0.4421747326850891, -0.07162180542945862, 0.01991615630686283]
Edge: 260, Vertices: [0.31828486919403076, 0.265754759311676, -0.05451151356101036], [0.31445980072021484, 0.2635622024536133, -0.06261119246482849]
Edge: 261, Vertices: [0.31828486919403076, 0.265754759311676, -0.05451151356101036], [0.32224202156066895, 0.26750901341438293, -0.04636862501502037]
Edge: 262, Vertices: [0.3991852104663849, -0.09067953377962112, -0.06854604184627533], [0.40364959836006165, -0.0911601185798645, -0.06049114838242531]
Edge: 263, Vertices: [0.40364959836006165, -0.0911601185798645, -0.06049114838242531], [0.4080338776111603, -0.09119166433811188, -0.052378177642822266]
Edge: 264, Vertices: [0.2621038258075714, 0.12834204733371735, -0.12986764311790466], [0.2621065676212311, 0.13478440046310425, -0.12689821422100067]
Edge: 265, Vertices: [0.262281596660614, 0.12178037315607071, -0.13255728781223297], [0.2621038258075714, 0.12834204733371735, -0.12986764311790466]
Edge: 266, Vertices: [0.2908177077770233, 0.008287595584988594, -0.13187900185585022], [0.2937568426132202, 0.0024528177455067635, -0.1291152536869049]
Edge: 267, Vertices: [0.2908177077770233, 0.008287595584988594, -0.13187900185585022], [0.28798773884773254, 0.014301524497568607, -0.13435795903205872]
Edge: 268, Vertices: [0.33115607500076294, 0.2119453400373459, 0.036608487367630005], [0.334776908159256, 0.20955224335193634, 0.04221956059336662]
Edge: 269, Vertices: [0.33115607500076294, 0.2119453400373459, 0.036608487367630005], [0.32754412293434143, 0.21401125192642212, 0.030863305553793907]
Edge: 270, Vertices: [0.3620894253253937, 0.2632195055484772, 0.025525977835059166], [0.3667849600315094, 0.26053380966186523, 0.03299471735954285]
Edge: 271, Vertices: [0.39147841930389404, -0.04026586189866066, 0.0323830209672451], [0.38914820551872253, -0.04355898126959801, 0.026548059657216072]
Edge: 272, Vertices: [0.3936675190925598, -0.03667287155985832, 0.03809438645839691], [0.39147841930389404, -0.04026586189866066, 0.0323830209672451]
Edge: 273, Vertices: [-0.1483103185892105, 0.31162476539611816, 0.5980733036994934], [-0.14916789531707764, 0.31077051162719727, 0.5978878140449524]
Edge: 274, Vertices: [0.013229570351541042, -0.3637828230857849, 0.5867577791213989], [0.012076953426003456, -0.3634034991264343, 0.586592972278595]
Edge: 275, Vertices: [0.2818838059902191, 0.09909447282552719, -0.1986764818429947], [0.2834908068180084, 0.09008870273828506, -0.19984126091003418]
Edge: 276, Vertices: [0.2818838059902191, 0.09909447282552719, -0.1986764818429947], [0.2804993689060211, 0.10807628929615021, -0.19711008667945862]
Edge: 277, Vertices: [0.294706255197525, 0.04548300802707672, -0.19957467913627625], [0.2920568585395813, 0.05427350476384163, -0.20044130086898804]
Edge: 278, Vertices: [0.294706255197525, 0.04548300802707672, -0.19957467913627625], [0.29754638671875, 0.03680183365941048, -0.1983041912317276]
Edge: 279, Vertices: [0.33051300048828125, 0.269686222076416, -0.030034247785806656], [0.32632145285606384, 0.268820583820343, -0.03820277005434036]
Edge: 280, Vertices: [0.4205980896949768, -0.08859685063362122, -0.02789292484521866], [0.4165186583995819, -0.0899084284901619, -0.036058779805898666]
Edge: 281, Vertices: [0.26848796010017395, 0.07390499114990234, -0.143080934882164], [0.26708364486694336, 0.08083371818065643, -0.14249612390995026]
Edge: 282, Vertices: [0.27178671956062317, 0.06011276692152023, -0.143312007188797], [0.2736729383468628, 0.05328356474637985, -0.1429576873779297]
Edge: 283, Vertices: [-0.4654676914215088, 0.24016794562339783, -0.009380491450428963], [-0.4652681350708008, 0.24180921912193298, -0.011369689367711544]
Edge: 284, Vertices: [-0.3056361973285675, -0.4256211519241333, -0.022551599889993668], [-0.3065415024757385, -0.4243116080760956, -0.020512964576482773]
Edge: 285, Vertices: [0.36618852615356445, -0.05829150229692459, -0.022793065756559372], [0.3628860116004944, -0.05861271172761917, -0.029062971472740173]
Edge: 286, Vertices: [0.36618852615356445, -0.05829150229692459, -0.022793065756559372], [0.36941277980804443, -0.05762561410665512, -0.016509586945176125]
Edge: 287, Vertices: [0.4165186583995819, -0.0899084284901619, -0.036058779805898666], [0.4123271107673645, -0.09077408164739609, -0.04422730207443237]
Edge: 288, Vertices: [0.30003029108047485, 0.21831977367401123, -0.0181588102132082], [0.3032545745372772, 0.2189856618642807, -0.0118753332644701]
Edge: 289, Vertices: [0.30003029108047485, 0.21831977367401123, -0.0181588102132082], [0.29689228534698486, 0.2173108607530594, -0.024440238252282143]
Edge: 290, Vertices: [-0.4626023471355438, 0.24921534955501556, -0.02078014239668846], [-0.4621866047382355, 0.2498718947172165, -0.021658530458807945]
Edge: 291, Vertices: [-0.29931890964508057, -0.43108731508255005, -0.03306709602475166], [-0.2999800145626068, -0.4307180345058441, -0.032171525061130524]
Edge: 292, Vertices: [0.44529375433921814, 0.14211031794548035, 0.12404264509677887], [0.4481338560581207, 0.1334291398525238, 0.12531311810016632]
Edge: 293, Vertices: [-0.15001638233661652, 0.3098980188369751, 0.5976767539978027], [-0.14916789531707764, 0.31077051162719727, 0.5978878140449524]
Edge: 294, Vertices: [0.008619891479611397, -0.36213934421539307, 0.585949182510376], [0.010924008674919605, -0.3630029857158661, 0.5864031910896301]
Edge: 295, Vertices: [0.012076953426003456, -0.3634034991264343, 0.586592972278595], [0.010924008674919605, -0.3630029857158661, 0.5864031910896301]
Edge: 296, Vertices: [-0.15001638233661652, 0.3098980188369751, 0.5976767539978027], [-0.1516839861869812, 0.3081004023551941, 0.5971781611442566]
Edge: 297, Vertices: [0.4136595129966736, 0.45960569381713867, 0.3035077154636383], [0.09033661335706711, 0.3928316831588745, -0.32658687233924866]
Edge: 298, Vertices: [-0.12458492815494537, 0.326007217168808, 0.5938572287559509], [0.4136595129966736, 0.45960569381713867, 0.3035077154636383]
Edge: 299, Vertices: [0.5791064500808716, -0.2321375161409378, 0.29191848635673523], [0.2557835578918457, -0.29891154170036316, -0.33817610144615173]
Edge: 300, Vertices: [0.5791064500808716, -0.2321375161409378, 0.29191848635673523], [0.4136595129966736, 0.45960569381713867, 0.3035077154636383]
Edge: 301, Vertices: [0.039952561259269714, -0.36594823002815247, 0.5827426910400391], [0.04086201637983322, -0.3657359778881073, 0.5822679996490479]
Edge: 302, Vertices: [-0.12458492815494537, 0.326007217168808, 0.5938572287559509], [-0.12548841536045074, 0.32576999068260193, 0.5943315029144287]
Edge: 303, Vertices: [0.5791064500808716, -0.2321375161409378, 0.29191848635673523], [0.04086201637983322, -0.3657359778881073, 0.5822679996490479]
Edge: 304, Vertices: [0.2772481441497803, 0.14331935346126556, -0.18692080676555634], [0.2777133584022522, 0.13465526700019836, -0.19004495441913605]
Edge: 305, Vertices: [0.30713820457458496, 0.011628412641584873, -0.19210609793663025], [0.31066611409187317, 0.0035968474112451077, -0.18926167488098145]
Edge: 306, Vertices: [-0.4537501335144043, 0.2571238577365875, -0.03230653330683708], [-0.45297521352767944, 0.25749078392982483, -0.03293090686202049]
Edge: 307, Vertices: [-0.28774315118789673, -0.4333539605140686, -0.04450509324669838], [-0.2885954678058624, -0.4333972632884979, -0.04387529939413071]
Edge: 308, Vertices: [0.39465177059173584, -0.08975109457969666, -0.0765228345990181], [0.39006057381629944, -0.08837713301181793, -0.0844016820192337]
Edge: 309, Vertices: [0.31077638268470764, 0.26093676686286926, -0.07064752280712128], [0.3072437047958374, 0.25788503885269165, -0.07860051840543747]
Edge: 310, Vertices: [0.26391616463661194, 0.1590455025434494, -0.11238040775060654], [0.26319578289985657, 0.15323705971240997, -0.11638844758272171]
Edge: 311, Vertices: [0.26391616463661194, 0.1590455025434494, -0.11238040775060654], [0.26481255888938904, 0.1646582931280136, -0.10813606530427933]
Edge: 312, Vertices: [0.3064550459384918, -0.018812084570527077, -0.11536017060279846], [0.3031548261642456, -0.013833985663950443, -0.11918749660253525]
Edge: 313, Vertices: [0.3064550459384918, -0.018812084570527077, -0.11536017060279846], [0.3098255395889282, -0.02354365400969982, -0.1112891361117363]
Edge: 314, Vertices: [0.40680360794067383, 0.045578472316265106, 0.10029210150241852], [0.4071614742279053, 0.0389137901365757, 0.09788889437913895]
Edge: 315, Vertices: [0.3841691315174103, 0.14021451771259308, 0.1018775999546051], [0.38145533204078674, 0.14639264345169067, 0.09968956559896469]
Edge: 316, Vertices: [0.3038705885410309, 0.25441455841064453, -0.08645042032003403], [0.3072437047958374, 0.25788503885269165, -0.07860051840543747]
Edge: 317, Vertices: [0.38542306423187256, -0.08656104654073715, -0.09216301143169403], [0.39006057381629944, -0.08837713301181793, -0.0844016820192337]
Edge: 318, Vertices: [0.29384830594062805, 0.21596144139766693, -0.03070399910211563], [0.29090598225593567, 0.21427486836910248, -0.03693452104926109]
Edge: 319, Vertices: [0.3560793399810791, -0.05821877345442772, -0.0414997898042202], [0.3595134913921356, -0.05858844518661499, -0.03530371934175491]
Edge: 320, Vertices: [0.37149202823638916, 0.2574227750301361, 0.04028911516070366], [0.3761989176273346, 0.2538941502571106, 0.04739103466272354]
Edge: 321, Vertices: [0.3667849600315094, 0.26053380966186523, 0.03299471735954285], [0.37149202823638916, 0.2574227750301361, 0.04028911516070366]
Edge: 322, Vertices: [0.4507051706314087, -0.05762077122926712, 0.042172014713287354], [0.4480498433113098, -0.06266986578702927, 0.034926384687423706]
Edge: 323, Vertices: [0.4480498433113098, -0.06266986578702927, 0.034926384687423706], [0.4452039897441864, -0.06734073907136917, 0.02750161476433277]
Edge: 324, Vertices: [0.40626654028892517, 0.052329592406749725, 0.10240285843610764], [0.40555158257484436, 0.05915036424994469, 0.10421591997146606]
Edge: 325, Vertices: [0.4634990990161896, 0.06190034747123718, 0.12088438868522644], [0.46442854404449463, 0.053033336997032166, 0.11852739006280899]
Edge: 326, Vertices: [0.40680360794067383, 0.045578472316265106, 0.10029210150241852], [0.40626654028892517, 0.052329592406749725, 0.10240285843610764]
Edge: 327, Vertices: [0.38675999641418457, 0.13388754427433014, 0.10376925021409988], [0.3892214596271515, 0.12742747366428375, 0.10535981506109238]
Edge: 328, Vertices: [0.3841691315174103, 0.14021451771259308, 0.1018775999546051], [0.38675999641418457, 0.13388754427433014, 0.10376925021409988]
Edge: 329, Vertices: [0.3902016580104828, 0.24089555442333221, 0.06736800074577332], [0.39479124546051025, 0.235794335603714, 0.07352888584136963]
Edge: 330, Vertices: [0.3561851382255554, 0.18871110677719116, 0.07231611758470535], [0.3526993691921234, 0.19291497766971588, 0.06778860837221146]
Edge: 331, Vertices: [0.3526993691921234, 0.19291497766971588, 0.06778860837221146], [0.34916892647743225, 0.19683898985385895, 0.06304948031902313]
Edge: 332, Vertices: [0.40090957283973694, -0.019491663202643394, 0.059425145387649536], [0.4023189842700958, -0.014547446742653847, 0.06431285291910172]
Edge: 333, Vertices: [0.4035603404045105, -0.009367312304675579, 0.0689975768327713], [0.4023189842700958, -0.014547446742653847, 0.06431285291910172]
Edge: 334, Vertices: [0.4246741533279419, 0.1907186210155487, 0.10818459093570709], [0.42849501967430115, 0.18313340842723846, 0.11177745461463928]
Edge: 335, Vertices: [0.4207209050655365, 0.1980520635843277, 0.10423044115304947], [0.4246741533279419, 0.1907186210155487, 0.10818459093570709]
Edge: 336, Vertices: [0.46581950783729553, 0.018687568604946136, 0.10530243813991547], [0.4655812382698059, 0.010488461703062057, 0.10108806192874908]
Edge: 337, Vertices: [0.46582308411598206, 0.02706262283027172, 0.10916269570589066], [0.46581950783729553, 0.018687568604946136, 0.10530243813991547]
Edge: 338, Vertices: [0.30992957949638367, 0.2192826122045517, 0.0006353194476105273], [0.3133637309074402, 0.21891292929649353, 0.006831390783190727]
Edge: 339, Vertices: [0.3348062336444855, 0.2701038122177124, -0.021883370354771614], [0.3391905128955841, 0.2700722813606262, -0.013770399615168571]
Edge: 340, Vertices: [0.378537118434906, -0.05358069762587547, 0.002266122028231621], [0.37559476494789124, -0.055267274379730225, -0.003964398987591267]
Edge: 341, Vertices: [-0.2833586633205414, -0.4327198266983032, -0.04732915759086609], [-0.28246089816093445, -0.43250998854637146, -0.047826580703258514]
Edge: 342, Vertices: [-0.44879963994026184, 0.2589983642101288, -0.035740338265895844], [-0.44790783524513245, 0.2592332065105438, -0.03623734414577484]
Edge: 343, Vertices: [-0.15488789975643158, 0.3043102025985718, 0.5958802103996277], [-0.15330913662910461, 0.3062363266944885, 0.59657883644104]
Edge: 344, Vertices: [0.0017718470189720392, -0.35906773805618286, 0.5840031504631042], [0.0040382943116128445, -0.36016935110092163, 0.5847477316856384]
Edge: 345, Vertices: [0.006322817411273718, -0.36119404435157776, 0.585396945476532], [0.0040382943116128445, -0.36016935110092163, 0.5847477316856384]
Edge: 346, Vertices: [-0.15488789975643158, 0.3043102025985718, 0.5958802103996277], [-0.15641647577285767, 0.3023267388343811, 0.5950839519500732]
Edge: 347, Vertices: [0.46230176091194153, -0.020148498937487602, 0.08091165125370026], [0.46091046929359436, -0.027172628790140152, 0.07510053366422653]
Edge: 348, Vertices: [0.46091046929359436, -0.027172628790140152, 0.07510053366422653], [0.45929673314094543, -0.03390681371092796, 0.06901039928197861]
Edge: 349, Vertices: [0.39479124546051025, 0.235794335603714, 0.07352888584136963], [0.3993227183818817, 0.23032930493354797, 0.07941463589668274]
Edge: 350, Vertices: [0.3993227183818817, 0.23032930493354797, 0.07941463589668274], [0.403784841299057, 0.22451403737068176, 0.08501064777374268]
Edge: 351, Vertices: [0.4166450798511505, 0.20511554181575775, 0.09992485493421555], [0.4207209050655365, 0.1980520635843277, 0.10423044115304947]
Edge: 352, Vertices: [0.4655812382698059, 0.010488461703062057, 0.10108806192874908], [0.46510884165763855, 0.002485675038769841, 0.09653006494045258]
Edge: 353, Vertices: [0.2718420624732971, 0.18931792676448822, -0.08375823497772217], [0.2701074779033661, 0.18488182127475739, -0.08901499956846237]
Edge: 354, Vertices: [0.26853349804878235, 0.18018582463264465, -0.09409354627132416], [0.2701074779033661, 0.18488182127475739, -0.08901499956846237]
Edge: 355, Vertices: [0.32384052872657776, -0.03977921977639198, -0.09277889132499695], [0.3202741742134094, -0.03614483028650284, -0.09771788120269775]
Edge: 356, Vertices: [0.3274339735507965, -0.04311496391892433, -0.08765234053134918], [0.32384052872657776, -0.03977921977639198, -0.09277889132499695]
Edge: 357, Vertices: [-0.29864194989204407, -0.43143007159233093, -0.033948399126529694], [-0.29794952273368835, -0.4317460060119629, -0.03481483459472656]
Edge: 358, Vertices: [-0.29931890964508057, -0.43108731508255005, -0.03306709602475166], [-0.29864194989204407, -0.43143007159233093, -0.033948399126529694]
Edge: 359, Vertices: [-0.4612765610218048, 0.2511337995529175, -0.02337408810853958], [-0.46174460649490356, 0.2505115270614624, -0.022523371502757072]
Edge: 360, Vertices: [-0.46174460649490356, 0.2505115270614624, -0.022523371502757072], [-0.4621866047382355, 0.2498718947172165, -0.021658530458807945]
Edge: 361, Vertices: [0.4408854842185974, 0.42320364713668823, 0.24521011114120483], [0.15636132657527924, 0.36444252729415894, -0.3092731237411499]
Edge: 362, Vertices: [0.44529375433921814, 0.14211031794548035, 0.12404264509677887], [0.4422699511051178, 0.15066057443618774, 0.12237145006656647]
Edge: 363, Vertices: [0.3348062336444855, 0.2701038122177124, -0.021883370354771614], [0.33051300048828125, 0.269686222076416, -0.030034247785806656]
Edge: 364, Vertices: [0.4136595129966736, 0.45960569381713867, 0.3035077154636383], [0.4408854842185974, 0.42320364713668823, 0.24521011114120483]
Edge: 365, Vertices: [0.43559643626213074, -0.07897288352251053, 0.004338972270488739], [0.43896955251693726, -0.07550239562988281, 0.012188872322440147]
Edge: 366, Vertices: [0.5864787697792053, -0.18553036451339722, 0.23501157760620117], [0.30195462703704834, -0.2442914992570877, -0.31947165727615356]
Edge: 367, Vertices: [0.46234074234962463, 0.07083586603403091, 0.12284853309392929], [0.460956335067749, 0.07981767505407333, 0.12441493570804596]
Edge: 368, Vertices: [0.4205980896949768, -0.08859685063362122, -0.02789292484521866], [0.424555242061615, -0.0868425965309143, -0.01975003443658352]
Edge: 369, Vertices: [0.5864787697792053, -0.18553036451339722, 0.23501157760620117], [0.5791064500808716, -0.2321375161409378, 0.29191848635673523]
Edge: 370, Vertices: [0.4408854842185974, 0.42320364713668823, 0.24521011114120483], [0.5864787697792053, -0.18553036451339722, 0.23501157760620117]
Edge: 371, Vertices: [0.27005696296691895, 0.06699227541685104, -0.14335311949253082], [0.26848796010017395, 0.07390499114990234, -0.143080934882164]
Edge: 372, Vertices: [0.27005696296691895, 0.06699227541685104, -0.14335311949253082], [0.27178671956062317, 0.06011276692152023, -0.143312007188797]
Edge: 373, Vertices: [0.37605515122413635, -0.08162164688110352, -0.10725626349449158], [0.38075071573257446, -0.08430735021829605, -0.09978752583265305]
Edge: 374, Vertices: [0.38075071573257446, -0.08430735021829605, -0.09978752583265305], [0.38542306423187256, -0.08656104654073715, -0.09216301143169403]
Edge: 375, Vertices: [0.30066537857055664, 0.25053396821022034, -0.09417770802974701], [0.29763612151145935, 0.2462528944015503, -0.10176316648721695]
Edge: 376, Vertices: [0.3038705885410309, 0.25441455841064453, -0.08645042032003403], [0.30066537857055664, 0.25053396821022034, -0.09417770802974701]
Edge: 377, Vertices: [0.3143450915813446, -0.004221257288008928, -0.186039000749588], [0.31816595792770386, -0.011806469410657883, -0.18244613707065582]
Edge: 378, Vertices: [0.31066611409187317, 0.0035968474112451077, -0.18926167488098145], [0.3143450915813446, -0.004221257288008928, -0.186039000749588]
Edge: 379, Vertices: [0.2770206034183502, 0.16022458672523499, -0.1795639842748642], [0.2770170271396637, 0.15184952318668365, -0.18342424929141998]
Edge: 380, Vertices: [0.2770170271396637, 0.15184952318668365, -0.18342424929141998], [0.2772481441497803, 0.14331935346126556, -0.18692080676555634]
Edge: 381, Vertices: [0.34906041622161865, -0.05644769221544266, -0.053696438670158386], [0.3525920808315277, -0.05750459432601929, -0.04763577878475189]
Edge: 382, Vertices: [0.3525920808315277, -0.05750459432601929, -0.04763577878475189], [0.3560793399810791, -0.05821877345442772, -0.0414997898042202]
Edge: 383, Vertices: [0.2880725562572479, 0.2122553139925003, -0.043116312474012375], [0.2853551208972931, 0.20990781486034393, -0.04923400655388832]
Edge: 384, Vertices: [0.29090598225593567, 0.21427486836910248, -0.03693452104926109], [0.2880725562572479, 0.2122553139925003, -0.043116312474012375]
Edge: 385, Vertices: [-0.3087646961212158, -0.419857382774353, -0.014255345799028873], [-0.3093355596065521, -0.41820934414863586, -0.012138945050537586]
Edge: 386, Vertices: [-0.4651356637477875, 0.23319990932941437, -0.0012254482135176659], [-0.46538808941841125, 0.2349940836429596, -0.0032841793727129698]
Edge: 387, Vertices: [-0.2851349413394928, -0.4330567717552185, -0.04626593738794327], [-0.2842501997947693, -0.43290212750434875, -0.04680883511900902]
Edge: 388, Vertices: [-0.2842501997947693, -0.43290212750434875, -0.04680883511900902], [-0.2833586633205414, -0.4327198266983032, -0.04732915759086609]
Edge: 389, Vertices: [-0.44967323541641235, 0.2587410807609558, -0.035221271216869354], [-0.450528085231781, 0.25846150517463684, -0.03468046709895134]
Edge: 390, Vertices: [-0.44879963994026184, 0.2589983642101288, -0.035740338265895844], [-0.44967323541641235, 0.2587410807609558, -0.035221271216869354]
Edge: 391, Vertices: [-0.16195733845233917, 0.2939165532588959, 0.5909644961357117], [-0.16318248212337494, 0.2917202413082123, 0.5897133946418762]
Edge: 392, Vertices: [-0.01114650908857584, -0.35100334882736206, 0.5776488184928894], [-0.009100650437176228, -0.35250478982925415, 0.578920304775238]
Edge: 393, Vertices: [-0.009100650437176228, -0.35250478982925415, 0.578920304775238], [-0.007005077321082354, -0.3539477586746216, 0.5801103711128235]
Edge: 394, Vertices: [-0.16318248212337494, 0.2917202413082123, 0.5897133946418762], [-0.16433748602867126, 0.28949689865112305, 0.5883795619010925]
Edge: 395, Vertices: [-0.3105183243751526, -0.4128308892250061, -0.005769620183855295], [-0.3102134168148041, -0.41469186544418335, -0.00789098720997572]
Edge: 396, Vertices: [-0.46429526805877686, 0.22953316569328308, 0.0029021480586379766], [-0.46370929479599, 0.2276693731546402, 0.00496111111715436]
Edge: 397, Vertices: [0.36628827452659607, 0.17452815175056458, 0.08451910316944122], [0.36298802495002747, 0.17950624227523804, 0.08069177716970444]
Edge: 398, Vertices: [0.36628827452659607, 0.17452815175056458, 0.08451910316944122], [0.3695099949836731, 0.169315904378891, 0.08809320628643036]
Edge: 399, Vertices: [0.4062472879886627, 0.00745710963383317, 0.08172004669904709], [0.40552693605422974, 0.001648660865612328, 0.07771200686693192]
Edge: 400, Vertices: [0.4062472879886627, 0.00745710963383317, 0.08172004669904709], [0.4067898392677307, 0.013446773402392864, 0.08548182249069214]
Edge: 401, Vertices: [0.40555158257484436, 0.05915036424994469, 0.10421591997146606], [0.40466052293777466, 0.06602384150028229, 0.10572680085897446]
Edge: 402, Vertices: [0.40466052293777466, 0.06602384150028229, 0.10572680085897446], [0.40359559655189514, 0.07293292880058289, 0.10693173110485077]
Edge: 403, Vertices: [0.39154744148254395, 0.1208503395318985, 0.10664535313844681], [0.3892214596271515, 0.12742747366428375, 0.10535981506109238]
Edge: 404, Vertices: [0.3937321603298187, 0.11417251825332642, 0.1076226457953453], [0.39154744148254395, 0.1208503395318985, 0.10664535313844681]
Edge: 405, Vertices: [-0.16066496074199677, 0.29608047008514404, 0.5921297669410706], [-0.15930849313735962, 0.2982069253921509, 0.5932064652442932]
Edge: 406, Vertices: [-0.0026850879658013582, -0.35664454102516174, 0.5822353363037109], [-0.004864854272454977, -0.355328768491745, 0.5812162756919861]
Edge: 407, Vertices: [0.3391905128955841, 0.2700722813606262, -0.013770399615168571], [0.34365493059158325, 0.26959168910980225, -0.005715508013963699]
Edge: 408, Vertices: [0.4283803105354309, -0.08465003967285156, -0.011650358326733112], [0.424555242061615, -0.0868425965309143, -0.01975003443658352]
Edge: 409, Vertices: [-0.14568817615509033, 0.3140730559825897, 0.5984750390052795], [-0.14656993746757507, 0.3132765591144562, 0.5983670353889465]
Edge: 410, Vertices: [0.01667855679988861, -0.3647915720939636, 0.5871015787124634], [0.015531078912317753, -0.36447709798812866, 0.5870121717453003]
Edge: 411, Vertices: [0.455484002828598, 0.1068173199892044, 0.12669381499290466], [0.4575237035751343, 0.09783079475164413, 0.12633997201919556]
Edge: 412, Vertices: [0.45323532819747925, 0.1157606840133667, 0.12664036452770233], [0.455484002828598, 0.1068173199892044, 0.12669381499290466]
Edge: 413, Vertices: [-0.3073659837245941, -0.42291221022605896, -0.018447395414114], [-0.3065415024757385, -0.4243116080760956, -0.020512964576482773]
Edge: 414, Vertices: [-0.46552774310112, 0.23675626516342163, -0.005332865286618471], [-0.46555429697036743, 0.2384822964668274, -0.007366608828306198]
Edge: 415, Vertices: [-0.4654676914215088, 0.24016794562339783, -0.009380491450428963], [-0.46555429697036743, 0.2384822964668274, -0.007366608828306198]
Edge: 416, Vertices: [-0.3073659837245941, -0.42291221022605896, -0.018447395414114], [-0.3081076443195343, -0.42142626643180847, -0.016359839588403702]
Edge: 417, Vertices: [-0.2919057309627533, -0.43329089879989624, -0.041151922196149826], [-0.291094034910202, -0.43335938453674316, -0.04186258465051651]
Edge: 418, Vertices: [-0.4559459686279297, 0.2558961510658264, -0.03031502291560173], [-0.45663347840309143, 0.2554453909397125, -0.029613059014081955]
Edge: 419, Vertices: [-0.309818834066391, -0.41648614406585693, -0.010015808045864105], [-0.3093355596065521, -0.41820934414863586, -0.012138945050537586]
Edge: 420, Vertices: [-0.3102134168148041, -0.41469186544418335, -0.00789098720997572], [-0.309818834066391, -0.41648614406585693, -0.010015808045864105]
Edge: 421, Vertices: [-0.4647710919380188, 0.23137815296649933, 0.0008382974192500114], [-0.46429526805877686, 0.22953316569328308, 0.0029021480586379766]
Edge: 422, Vertices: [-0.4651356637477875, 0.23319990932941437, -0.0012254482135176659], [-0.4647710919380188, 0.23137815296649933, 0.0008382974192500114]
Edge: 423, Vertices: [0.2622898817062378, 0.14109140634536743, -0.12365638464689255], [0.2621065676212311, 0.13478440046310425, -0.12689821422100067]
Edge: 424, Vertices: [0.2622898817062378, 0.14109140634536743, -0.12365638464689255], [0.2626532316207886, 0.14724738895893097, -0.12015022337436676]
Edge: 425, Vertices: [0.29679781198501587, -0.0031883034389466047, -0.12607359886169434], [0.2937568426132202, 0.0024528177455067635, -0.1291152536869049]
Edge: 426, Vertices: [0.29679781198501587, -0.0031883034389466047, -0.12607359886169434], [0.2999330759048462, -0.008621737360954285, -0.12276159971952438]
Edge: 427, Vertices: [-0.29349443316459656, -0.43307027220726013, -0.03967353329062462], [-0.2927060127258301, -0.43319448828697205, -0.04042208939790726]
Edge: 428, Vertices: [-0.2927060127258301, -0.43319448828697205, -0.04042208939790726], [-0.2919057309627533, -0.43329089879989624, -0.041151922196149826]
Edge: 429, Vertices: [-0.45729807019233704, 0.2549743354320526, -0.02889273315668106], [-0.4579393267631531, 0.25448328256607056, -0.028154486790299416]
Edge: 430, Vertices: [-0.45663347840309143, 0.2554453909397125, -0.029613059014081955], [-0.45729807019233704, 0.2549743354320526, -0.02889273315668106]
Edge: 431, Vertices: [-0.1578911989927292, 0.30029067397117615, 0.5941920280456543], [-0.15641647577285767, 0.3023267388343811, 0.5950839519500732]
Edge: 432, Vertices: [-0.15930849313735962, 0.2982069253921509, 0.5932064652442932], [-0.1578911989927292, 0.30029067397117615, 0.5941920280456543]
Edge: 433, Vertices: [-0.0004710864450316876, -0.35789185762405396, 0.5831650495529175], [-0.0026850879658013582, -0.35664454102516174, 0.5822353363037109]
Edge: 434, Vertices: [0.0017718470189720392, -0.35906773805618286, 0.5840031504631042], [-0.0004710864450316876, -0.35789185762405396, 0.5831650495529175]
Edge: 435, Vertices: [0.3957701623439789, 0.10741059482097626, 0.10828928649425507], [0.3976563811302185, 0.10058139264583588, 0.10864360630512238]
Edge: 436, Vertices: [0.3957701623439789, 0.10741059482097626, 0.10828928649425507], [0.3937321603298187, 0.11417251825332642, 0.1076226457953453]
Edge: 437, Vertices: [0.4023594260215759, 0.07986044883728027, 0.10782772302627563], [0.40359559655189514, 0.07293292880058289, 0.10693173110485077]
Edge: 438, Vertices: [0.4023594260215759, 0.07986044883728027, 0.10782772302627563], [0.40095511078834534, 0.08678917586803436, 0.10841253399848938]
Edge: 439, Vertices: [0.35263845324516296, -0.06198340281844139, -0.14162954688072205], [0.35727474093437195, -0.06670811027288437, -0.1352088749408722]
Edge: 440, Vertices: [0.2874217629432678, 0.2253512293100357, -0.13031581044197083], [0.2853756248950958, 0.21924643218517303, -0.13691791892051697]
Edge: 441, Vertices: [-0.2902714014053345, -0.4333999454975128, -0.042553626000881195], [-0.291094034910202, -0.43335938453674316, -0.04186258465051651]
Edge: 442, Vertices: [-0.45523595809936523, 0.256326287984848, -0.03099817782640457], [-0.4559459686279297, 0.2558961510658264, -0.03031502291560173]
Edge: 443, Vertices: [-0.14744415879249573, 0.3124603033065796, 0.5982331037521362], [-0.1483103185892105, 0.31162476539611816, 0.5980733036994934]
Edge: 444, Vertices: [0.01438118889927864, -0.3641407787799835, 0.5868975520133972], [0.015531078912317753, -0.36447709798812866, 0.5870121717453003]
Edge: 445, Vertices: [0.013229570351541042, -0.3637828230857849, 0.5867577791213989], [0.01438118889927864, -0.3641407787799835, 0.5868975520133972]
Edge: 446, Vertices: [-0.14656993746757507, 0.3132765591144562, 0.5983670353889465], [-0.14744415879249573, 0.3124603033065796, 0.5982331037521362]
Edge: 447, Vertices: [-0.30186423659324646, -0.42945313453674316, -0.029404394328594208], [-0.301253080368042, -0.4299007058143616, -0.030339613556861877]
Edge: 448, Vertices: [-0.301253080368042, -0.4299007058143616, -0.030339613556861877], [-0.30062487721443176, -0.43032240867614746, -0.03126216679811478]
Edge: 449, Vertices: [-0.46335408091545105, 0.24785295128822327, -0.018984751775860786], [-0.4629915952682495, 0.24854221940040588, -0.01988869160413742]
Edge: 450, Vertices: [-0.46335408091545105, 0.24785295128822327, -0.018984751775860786], [-0.4636895954608917, 0.24714796245098114, -0.018068840727210045]
Edge: 451, Vertices: [0.2853164076805115, 0.08108135312795639, -0.2006015181541443], [0.28735610842704773, 0.07209482789039612, -0.2009553760290146]
Edge: 452, Vertices: [0.28735610842704773, 0.07209482789039612, -0.2009553760290146], [0.2896047830581665, 0.06315147131681442, -0.20090191066265106]
Edge: 453, Vertices: [0.2718420624732971, 0.18931792676448822, -0.08375823497772217], [0.273732990026474, 0.1934831142425537, -0.07833634316921234]
Edge: 454, Vertices: [0.3310455083847046, -0.04614375904202461, -0.0823509693145752], [0.3274339735507965, -0.04311496391892433, -0.08765234053134918]
Edge: 455, Vertices: [0.4321739971637726, 0.17531530559062958, 0.11500012129545212], [0.4357019364833832, 0.16728374361991882, 0.11784455925226212]
Edge: 456, Vertices: [0.4357019364833832, 0.16728374361991882, 0.11784455925226212], [0.43907004594802856, 0.15905867516994476, 0.12030370533466339]
Edge: 457, Vertices: [0.46512675285339355, 0.04425687715411186, 0.11578340083360672], [0.46559199690818787, 0.03559279441833496, 0.11265925318002701]
Edge: 458, Vertices: [0.46442854404449463, 0.053033336997032166, 0.11852739006280899], [0.46512675285339355, 0.04425687715411186, 0.11578340083360672]
Edge: 459, Vertices: [0.34351739287376404, -0.05141714587807655, -0.15367618203163147], [0.3480488657951355, -0.05688219144940376, -0.14779043197631836]
Edge: 460, Vertices: [0.3480488657951355, -0.05688219144940376, -0.14779043197631836], [0.35263845324516296, -0.06198340281844139, -0.14162954688072205]
Edge: 461, Vertices: [0.2835433781147003, 0.2128189653158188, -0.14327195286750793], [0.2819296419620514, 0.20608477294445038, -0.14936208724975586]
Edge: 462, Vertices: [0.2853756248950958, 0.21924643218517303, -0.13691791892051697], [0.2835433781147003, 0.2128189653158188, -0.14327195286750793]
Edge: 463, Vertices: [-0.29427051544189453, -0.43291833996772766, -0.038906704634428024], [-0.29349443316459656, -0.43307027220726013, -0.03967353329062462]
Edge: 464, Vertices: [-0.4579393267631531, 0.25448328256607056, -0.028154486790299416], [-0.4585568904876709, 0.25397250056266785, -0.027398761361837387]
Edge: 465, Vertices: [0.2777312695980072, 0.1764264702796936, -0.1707916110754013], [0.27725890278816223, 0.16842368245124817, -0.17534960806369781]
Edge: 466, Vertices: [0.27725890278816223, 0.16842368245124817, -0.17534960806369781], [0.2770206034183502, 0.16022458672523499, -0.1795639842748642]
Edge: 467, Vertices: [0.32211920619010925, -0.01913991943001747, -0.1784919947385788], [0.3261950612068176, -0.026203392073512077, -0.17418640851974487]
Edge: 468, Vertices: [0.31816595792770386, -0.011806469410657883, -0.18244613707065582], [0.32211920619010925, -0.01913991943001747, -0.1784919947385788]
Edge: 469, Vertices: [0.2896767556667328, 0.23111818730831146, -0.12348202615976334], [0.2874217629432678, 0.2253512293100357, -0.13031581044197083]
Edge: 470, Vertices: [0.35727474093437195, -0.06670811027288437, -0.1352088749408722], [0.3619461953639984, -0.07104458659887314, -0.12854436039924622]
Edge: 471, Vertices: [-0.29794952273368835, -0.4317460060119629, -0.03481483459472656], [-0.29724204540252686, -0.43203505873680115, -0.035665951669216156]
Edge: 472, Vertices: [-0.46078285574913025, 0.25173839926719666, -0.024210236966609955], [-0.4612765610218048, 0.2511337995529175, -0.02337408810853958]
Edge: 473, Vertices: [0.34189894795417786, -0.05331709608435631, -0.06553170084953308], [0.33828699588775635, -0.05125117674469948, -0.07127688825130463]
Edge: 474, Vertices: [0.28029486536979675, 0.20425313711166382, -0.061216458678245544], [0.27796465158462524, 0.20096002519130707, -0.06705141812562943]
Edge: 475, Vertices: [0.45078325271606445, 0.1246386468410492, 0.1261797547340393], [0.4481338560581207, 0.1334291398525238, 0.12531311810016632]
Edge: 476, Vertices: [0.45078325271606445, 0.1246386468410492, 0.1261797547340393], [0.45323532819747925, 0.1157606840133667, 0.12664036452770233]
Edge: 477, Vertices: [0.45934930443763733, 0.08882344514131546, 0.12557971477508545], [0.460956335067749, 0.07981767505407333, 0.12441493570804596]
Edge: 478, Vertices: [0.45934930443763733, 0.08882344514131546, 0.12557971477508545], [0.4575237035751343, 0.09783079475164413, 0.12633997201919556]
Edge: 479, Vertices: [-0.289438396692276, -0.4334125816822052, -0.04322466626763344], [-0.2885954678058624, -0.4333972632884979, -0.04387529939413071]
Edge: 480, Vertices: [-0.2902714014053345, -0.4333999454975128, -0.042553626000881195], [-0.289438396692276, -0.4334125816822052, -0.04322466626763344]
Edge: 481, Vertices: [-0.4537501335144043, 0.2571238577365875, -0.03230653330683708], [-0.4545038640499115, 0.25673559308052063, -0.031662147492170334]
Edge: 482, Vertices: [-0.4545038640499115, 0.25673559308052063, -0.031662147492170334], [-0.45523595809936523, 0.256326287984848, -0.03099817782640457]
Edge: 483, Vertices: [-0.29578372836112976, -0.43253153562545776, -0.03732004016637802], [-0.2950337827205658, -0.43273869156837463, -0.03812204301357269]
Edge: 484, Vertices: [-0.2950337827205658, -0.43273869156837463, -0.03812204301357269], [-0.29427051544189453, -0.43291833996772766, -0.038906704634428024]
Edge: 485, Vertices: [-0.45915037393569946, 0.25344228744506836, -0.026625992730259895], [-0.4597194194793701, 0.25289297103881836, -0.02583666332066059]
Edge: 486, Vertices: [-0.4585568904876709, 0.25397250056266785, -0.027398761361837387], [-0.45915037393569946, 0.25344228744506836, -0.026625992730259895]
Edge: 487, Vertices: [-0.1447993963956833, 0.3148493468761444, 0.5985571146011353], [-0.1439041644334793, 0.31560492515563965, 0.5986131429672241]
Edge: 488, Vertices: [-0.14568817615509033, 0.3140730559825897, 0.5984750390052795], [-0.1447993963956833, 0.3148493468761444, 0.5985571146011353]
Edge: 489, Vertices: [0.018963536247611046, -0.3653542697429657, 0.5872045755386353], [0.01782294735312462, -0.3650840222835541, 0.5871657729148865]
Edge: 490, Vertices: [0.01782294735312462, -0.3650840222835541, 0.5871657729148865], [0.01667855679988861, -0.3647915720939636, 0.5871015787124634]
Edge: 491, Vertices: [0.30057016015052795, 0.02825157344341278, -0.1966329962015152], [0.3037700653076172, 0.019853470847010612, -0.19456525146961212]
Edge: 492, Vertices: [0.30057016015052795, 0.02825157344341278, -0.1966329962015152], [0.29754638671875, 0.03680183365941048, -0.1983041912317276]
Edge: 493, Vertices: [0.2784115672111511, 0.12587881088256836, -0.19278894364833832], [0.2793410122394562, 0.11701180040836334, -0.19514593482017517]
Edge: 494, Vertices: [0.2793410122394562, 0.11701180040836334, -0.19514593482017517], [0.2804993689060211, 0.10807628929615021, -0.19711008667945862]
Edge: 495, Vertices: [0.2827604115009308, 0.20723821222782135, -0.05527238920331001], [0.2853551208972931, 0.20990781486034393, -0.04923400655388832]
Edge: 496, Vertices: [0.2827604115009308, 0.20723821222782135, -0.05527238920331001], [0.28029486536979675, 0.20425313711166382, -0.061216458678245544]
Edge: 497, Vertices: [0.3454930782318115, -0.05505070090293884, -0.05966669321060181], [0.34906041622161865, -0.05644769221544266, -0.053696438670158386]
Edge: 498, Vertices: [0.34189894795417786, -0.05331709608435631, -0.06553170084953308], [0.3454930782318115, -0.05505070090293884, -0.05966669321060181]
Edge: 499, Vertices: [-0.2965199947357178, -0.4322969317436218, -0.03650118038058281], [-0.29578372836112976, -0.43253153562545776, -0.03732004016637802]
Edge: 500, Vertices: [-0.29724204540252686, -0.43203505873680115, -0.035665951669216156], [-0.2965199947357178, -0.4322969317436218, -0.03650118038058281]
Edge: 501, Vertices: [-0.4597194194793701, 0.25289297103881836, -0.02583666332066059], [-0.4602636694908142, 0.2523249089717865, -0.025031251832842827]
Edge: 502, Vertices: [-0.4602636694908142, 0.2523249089717865, -0.025031251832842827], [-0.46078285574913025, 0.25173839926719666, -0.024210236966609955]
Edge: 503, Vertices: [0.3725507855415344, -0.05661670118570328, -0.01022816076874733], [0.36941277980804443, -0.05762561410665512, -0.016509586945176125]
Edge: 504, Vertices: [0.3725507855415344, -0.05661670118570328, -0.01022816076874733], [0.37559476494789124, -0.055267274379730225, -0.003964398987591267]
Edge: 505, Vertices: [0.3065570592880249, 0.21930687129497528, -0.005605427082628012], [0.3032545745372772, 0.2189856618642807, -0.0118753332644701]
Edge: 506, Vertices: [0.30992957949638367, 0.2192826122045517, 0.0006353194476105273], [0.3065570592880249, 0.21930687129497528, -0.005605427082628012]
Edge: 507, Vertices: [0.3346661925315857, -0.04885808005928993, -0.07688795775175095], [0.33828699588775635, -0.05125117674469948, -0.07127688825130463]
Edge: 508, Vertices: [0.3310455083847046, -0.04614375904202461, -0.0823509693145752], [0.3346661925315857, -0.04885808005928993, -0.07688795775175095]
Edge: 509, Vertices: [0.27796465158462524, 0.20096002519130707, -0.06705141812562943], [0.2757755517959595, 0.19736704230308533, -0.07276277989149094]
Edge: 510, Vertices: [0.273732990026474, 0.1934831142425537, -0.07833634316921234], [0.2757755517959595, 0.19736704230308533, -0.07276277989149094]
Edge: 511, Vertices: [0.33467361330986023, -0.039450835436582565, -0.16456453502178192], [0.3303833305835724, -0.032979317009449005, -0.16954007744789124]
Edge: 512, Vertices: [0.33467361330986023, -0.039450835436582565, -0.16456453502178192], [0.33905526995658875, -0.04560188576579094, -0.1592721939086914]
Edge: 513, Vertices: [0.27937304973602295, 0.1917640119791031, -0.16069084405899048], [0.2784365713596344, 0.1842130422592163, -0.1659013032913208]
Edge: 514, Vertices: [0.2805383801460266, 0.19906064867973328, -0.155173197388649], [0.27937304973602295, 0.1917640119791031, -0.16069084405899048]
Edge: 515, Vertices: [0.29479026794433594, 0.2415820211172104, -0.10918793827295303], [0.29213494062423706, 0.23653292655944824, -0.11643356084823608]
Edge: 516, Vertices: [0.29213494062423706, 0.23653292655944824, -0.11643356084823608], [0.2896767556667328, 0.23111818730831146, -0.12348202615976334]
Edge: 517, Vertices: [0.36664119362831116, -0.07498201727867126, -0.12165258079767227], [0.3713480830192566, -0.07851063460111618, -0.11455066502094269]
Edge: 518, Vertices: [0.3619461953639984, -0.07104458659887314, -0.12854436039924622], [0.36664119362831116, -0.07498201727867126, -0.12165258079767227]
Edge: 519, Vertices: [0.46440353989601135, -0.005300892051309347, 0.09163974970579147], [0.4634670615196228, -0.012851866893470287, 0.08642929047346115]
Edge: 520, Vertices: [0.46440353989601135, -0.005300892051309347, 0.09163974970579147], [0.46510884165763855, 0.002485675038769841, 0.09653006494045258]
Edge: 521, Vertices: [0.41245681047439575, 0.21189147233963013, 0.09527852386236191], [0.4166450798511505, 0.20511554181575775, 0.09992485493421555]
Edge: 522, Vertices: [0.41245681047439575, 0.21189147233963013, 0.09527852386236191], [0.4081664979457855, 0.2183629870414734, 0.09030298888683319]
Edge: 523, Vertices: [-0.13007225096225739, 0.3241780698299408, 0.5963453054428101], [-0.130998432636261, 0.3237799108028412, 0.5966748595237732]
Edge: 524, Vertices: [-0.13007225096225739, 0.3241780698299408, 0.5963453054428101], [-0.1291484534740448, 0.32454991340637207, 0.5959910154342651]
Edge: 525, Vertices: [0.03515980765223503, -0.36666667461395264, 0.5847710967063904], [0.03415622562170029, -0.36674121022224426, 0.5851061344146729]
Edge: 526, Vertices: [0.036149173974990845, -0.36656901240348816, 0.5844122171401978], [0.03515980765223503, -0.36666667461395264, 0.5847710967063904]
Edge: 527, Vertices: [-0.30465224385261536, -0.42683762311935425, -0.024558361619710922], [-0.3035919964313507, -0.4279581606388092, -0.026528451591730118]
Edge: 528, Vertices: [-0.3056361973285675, -0.4256211519241333, -0.022551599889993668], [-0.30465224385261536, -0.42683762311935425, -0.024558361619710922]
Edge: 529, Vertices: [-0.4649561047554016, 0.2434021234512329, -0.01332938577979803], [-0.4652681350708008, 0.24180921912193298, -0.011369689367711544]
Edge: 530, Vertices: [-0.46453237533569336, 0.24494284391403198, -0.01525488868355751], [-0.4649561047554016, 0.2434021234512329, -0.01332938577979803]
Edge: 531, Vertices: [0.3840879797935486, -0.049213651567697525, 0.014565608464181423], [0.38137054443359375, -0.0515611506998539, 0.008447912521660328]
Edge: 532, Vertices: [0.3840879797935486, -0.049213651567697525, 0.014565608464181423], [0.3866826891899109, -0.046544045209884644, 0.02060399204492569]
Edge: 533, Vertices: [0.320382684469223, 0.21714185178279877, 0.019028041511774063], [0.32395002245903015, 0.21574486792087555, 0.024998294189572334]
Edge: 534, Vertices: [0.3168509900569916, 0.218198761343956, 0.012967381626367569], [0.320382684469223, 0.21714185178279877, 0.019028041511774063]
Edge: 535, Vertices: [-0.1282276213169098, 0.3248952329158783, 0.5956122279167175], [-0.12731030583381653, 0.32521381974220276, 0.5952092409133911]
Edge: 536, Vertices: [-0.1291484534740448, 0.32454991340637207, 0.5959910154342651], [-0.1282276213169098, 0.3248952329158783, 0.5956122279167175]
Edge: 537, Vertices: [0.038082849234342575, -0.366304486989975, 0.5836237668991089], [0.03712371364235878, -0.3664482533931732, 0.5840297341346741]
Edge: 538, Vertices: [0.03712371364235878, -0.3664482533931732, 0.5840297341346741], [0.036149173974990845, -0.36656901240348816, 0.5844122171401978]
Edge: 539, Vertices: [0.3527795374393463, 0.26728928089141846, 0.010140134952962399], [0.3481883406639099, 0.2686632573604584, 0.0022612824104726315]
Edge: 540, Vertices: [0.34365493059158325, 0.26959168910980225, -0.005715508013963699], [0.3481883406639099, 0.2686632573604584, 0.0022612824104726315]
Edge: 541, Vertices: [0.43559643626213074, -0.07897288352251053, 0.004338972270488739], [0.4320637583732605, -0.08202461898326874, -0.003614027053117752]
Edge: 542, Vertices: [0.4320637583732605, -0.08202461898326874, -0.003614027053117752], [0.4283803105354309, -0.08465003967285156, -0.011650358326733112]
Edge: 543, Vertices: [-0.30303406715393066, -0.4284815490245819, -0.02749823033809662], [-0.3024580180644989, -0.4289799630641937, -0.02845706045627594]
Edge: 544, Vertices: [-0.3024580180644989, -0.4289799630641937, -0.02845706045627594], [-0.30186423659324646, -0.42945313453674316, -0.029404394328594208]
Edge: 545, Vertices: [-0.4636895954608917, 0.24714796245098114, -0.018068840727210045], [-0.4639979302883148, 0.24642762541770935, -0.01714150235056877]
Edge: 546, Vertices: [-0.4639979302883148, 0.24642762541770935, -0.01714150235056877], [-0.464278906583786, 0.24569246172904968, -0.016203340142965317]
