Edge: 0, Vertices: [0.021639779210090637, -0.12182007730007172, -0.043854448944330215], [0.021794553846120834, -0.12165386229753494, -0.044237539172172546]
Edge: 1, Vertices: [-0.005946837365627289, -0.11941646784543991, -0.05418456718325615], [-0.006014082580804825, -0.11949048191308975, -0.0540136992931366]
Edge: 2, Vertices: [-0.02038544788956642, -0.12635768949985504, -0.03946729376912117], [-0.020881174132227898, -0.12587299942970276, -0.04073654115200043]
Edge: 3, Vertices: [0.0014714704593643546, -0.11591190099716187, -0.06159456819295883], [0.0008966748719103634, -0.11605512350797653, -0.06133536249399185]
Edge: 4, Vertices: [0.0365254282951355, -0.12279985100030899, -0.039058882743120193], [0.03605131804943085, -0.12329898029565811, -0.03790998458862305]
Edge: 5, Vertices: [0.032802071422338486, -0.11260177940130234, -0.06468669325113297], [0.0336005724966526, -0.11301220208406448, -0.06355111300945282]
Edge: 6, Vertices: [0.007937457412481308, -0.12614557147026062, -0.035438891500234604], [0.0080023854970932, -0.12614180147647858, -0.035437725484371185]
Edge: 7, Vertices: [0.009302943013608456, -0.13196413218975067, -0.020938685163855553], [0.007858650758862495, -0.13205759227275848, -0.02094130404293537]
Edge: 8, Vertices: [0.036974143236875534, -0.12225713580846786, -0.040318846702575684], [0.0365254282951355, -0.12279985100030899, -0.039058882743120193]
Edge: 9, Vertices: [0.015313430689275265, -0.12497410923242569, -0.03712940216064453], [0.015513417311012745, -0.12491805851459503, -0.03723485395312309]
Edge: 10, Vertices: [-0.0018642416689544916, -0.11693679541349411, -0.059614866971969604], [-0.002050159266218543, -0.11701025068759918, -0.05946443974971771]
Edge: 11, Vertices: [0.017774313688278198, -0.13087625801563263, -0.022248120978474617], [0.016401926055550575, -0.13111816346645355, -0.021874811500310898]
Edge: 12, Vertices: [0.011962187476456165, -0.12570306658744812, -0.03587852418422699], [0.012215626426041126, -0.12566038966178894, -0.03594258055090904]
Edge: 13, Vertices: [-0.019110003486275673, -0.1168241873383522, -0.06266114860773087], [-0.018419934436678886, -0.11630769819021225, -0.06381795555353165]
Edge: 14, Vertices: [-0.0014709216775372624, -0.1254069209098816, -0.03876291587948799], [-0.0014325890224426985, -0.1254166215658188, -0.03873294219374657]
Edge: 15, Vertices: [0.028791988268494606, -0.127732515335083, -0.02819441258907318], [0.027721520513296127, -0.12815840542316437, -0.02732105739414692]
Edge: 16, Vertices: [-0.015239196829497814, -0.12931540608406067, -0.03138144314289093], [-0.016146505251526833, -0.12894369661808014, -0.0324394628405571]
Edge: 17, Vertices: [0.012215626426041126, -0.12566038966178894, -0.03594258055090904], [0.012596199288964272, -0.12559273838996887, -0.036047469824552536]
Edge: 18, Vertices: [0.017283206805586815, -0.12434446811676025, -0.03835838660597801], [0.01771119423210621, -0.12418153136968613, -0.03868956118822098]
Edge: 19, Vertices: [0.0080023854970932, -0.12614180147647858, -0.035437725484371185], [0.008660274557769299, -0.12609745562076569, -0.03544089198112488]
Edge: 20, Vertices: [0.01654353365302086, -0.11557070910930634, -0.06001119688153267], [0.016046151518821716, -0.11546820402145386, -0.060342662036418915]
Edge: 21, Vertices: [-0.00732758454978466, -0.11148732155561447, -0.07386734336614609], [-0.006064663641154766, -0.11115500330924988, -0.07448013871908188]
Edge: 22, Vertices: [0.0008966748719103634, -0.11605512350797653, -0.06133536249399185], [0.0008657376165501773, -0.1160631775856018, -0.06132056564092636]
Edge: 23, Vertices: [0.0008657376165501773, -0.1160631775856018, -0.06132056564092636], [0.0002802971575874835, -0.11622253060340881, -0.061023492366075516]
Edge: 24, Vertices: [0.02335144393146038, -0.10981929302215576, -0.07303383201360703], [0.024576883763074875, -0.11003950238227844, -0.07229653000831604]
Edge: 25, Vertices: [-0.0067941234447062016, -0.12086682766675949, -0.050760939717292786], [-0.0068321507424116135, -0.12105149775743484, -0.050313789397478104]
Edge: 26, Vertices: [0.007858650758862495, -0.13205759227275848, -0.02094130404293537], [0.006414610892534256, -0.13212506473064423, -0.021007617935538292]
Edge: 27, Vertices: [0.025764932855963707, -0.11028359830379486, -0.07150661945343018], [0.026910394430160522, -0.11055037379264832, -0.07066786289215088]
Edge: 28, Vertices: [0.024576883763074875, -0.11003950238227844, -0.07229653000831604], [0.025764932855963707, -0.11028359830379486, -0.07150661945343018]
Edge: 29, Vertices: [-0.01090980228036642, -0.11260675638914108, -0.07169518619775772], [-0.0097554512321949, -0.11221468448638916, -0.07247207313776016]
Edge: 30, Vertices: [-0.0008303767535835505, -0.11656427383422852, -0.060363102704286575], [-0.0009341143304482102, -0.11659910529851913, -0.06029428169131279]
Edge: 31, Vertices: [0.022094203159213066, -0.10962389409542084, -0.07371533662080765], [0.02335144393146038, -0.10981929302215576, -0.07303383201360703]
Edge: 32, Vertices: [0.01516604796051979, -0.11531322449445724, -0.0608644001185894], [0.014803765341639519, -0.11525844037532806, -0.061057042330503464]
Edge: 33, Vertices: [0.021794553846120834, -0.12165386229753494, -0.044237539172172546], [0.02200687862932682, -0.12139755487442017, -0.044832516461610794]
Edge: 34, Vertices: [-0.0037792108487337828, -0.12463798373937607, -0.04102091118693352], [-0.003483612323179841, -0.1247611716389656, -0.040671076625585556]
Edge: 35, Vertices: [0.016046151518821716, -0.11546820402145386, -0.060342662036418915], [0.01599733531475067, -0.11545874923467636, -0.060373708605766296]
Edge: 36, Vertices: [0.01599733531475067, -0.11545874923467636, -0.060373708605766296], [0.01574985682964325, -0.1154124066233635, -0.060527198016643524]
Edge: 37, Vertices: [0.011463298462331295, -0.114961639046669, -0.06232202425599098], [0.01142949890345335, -0.11496036499738693, -0.062330588698387146]
Edge: 38, Vertices: [-0.02215627394616604, -0.12056399881839752, -0.053971562534570694], [-0.021909132599830627, -0.12001209706068039, -0.055286433547735214]
Edge: 39, Vertices: [0.019128093495965004, -0.13061049580574036, -0.022682983428239822], [0.017774313688278198, -0.13087625801563263, -0.022248120978474617]
Edge: 40, Vertices: [-0.005047328770160675, -0.12397687137126923, -0.042847197502851486], [-0.0047382209450006485, -0.12416258454322815, -0.04234174266457558]
Edge: 41, Vertices: [-0.0009341143304482102, -0.11659910529851913, -0.06029428169131279], [-0.0013565238332375884, -0.11674660444259644, -0.060000114142894745]
Edge: 42, Vertices: [0.014132127165794373, -0.12527413666248322, -0.03658274933695793], [0.014238955453038216, -0.12524908781051636, -0.03662707284092903]
Edge: 43, Vertices: [0.02175327204167843, -0.1300123929977417, -0.02372930757701397], [0.020457472652196884, -0.13032184541225433, -0.02317790873348713]
Edge: 44, Vertices: [-0.005631372332572937, -0.12355969846248627, -0.043964892625808716], [-0.005424720235168934, -0.12371934950351715, -0.0435398630797863]
Edge: 45, Vertices: [-0.020881174132227898, -0.12587299942970276, -0.04073654115200043], [-0.021310970187187195, -0.12537765502929688, -0.04202132672071457]
Edge: 46, Vertices: [-0.0063066501170396805, -0.12288297712802887, -0.04573426768183708], [-0.006212364416569471, -0.12299870699644089, -0.04543508216738701]
Edge: 47, Vertices: [0.029816685244441032, -0.12728989124298096, -0.029116200283169746], [0.028791988268494606, -0.127732515335083, -0.02819441258907318]
Edge: 48, Vertices: [-0.006586478091776371, -0.1203143298625946, -0.05208362266421318], [-0.006638894788920879, -0.12042400985956192, -0.051822829991579056]
Edge: 49, Vertices: [0.007043029647320509, -0.1261865645647049, -0.03548191115260124], [0.0072126854211091995, -0.12618036568164825, -0.035469889640808105]
Edge: 50, Vertices: [0.007707270793616772, -0.12615807354450226, -0.035445164889097214], [0.007937457412481308, -0.12614557147026062, -0.035438891500234604]
Edge: 51, Vertices: [0.0072126854211091995, -0.12618036568164825, -0.035469889640808105], [0.007707270793616772, -0.12615807354450226, -0.035445164889097214]
Edge: 52, Vertices: [0.022187920287251472, -0.11839789152145386, -0.05216570198535919], [0.022110942751169205, -0.11829230934381485, -0.052437204867601395]
Edge: 53, Vertices: [0.03711138293147087, -0.11579196155071259, -0.056164681911468506], [0.037472859025001526, -0.11629967391490936, -0.05486052483320236]
Edge: 54, Vertices: [-0.003008359344676137, -0.12494143843650818, -0.04015231877565384], [-0.0029163737781345844, -0.12497404962778091, -0.040057502686977386]
Edge: 55, Vertices: [-0.005755923222750425, -0.11922066658735275, -0.0546344555914402], [-0.005946837365627289, -0.11941646784543991, -0.05418456718325615]
Edge: 56, Vertices: [0.021500250324606895, -0.11765798181295395, -0.054092150181531906], [0.0213220976293087, -0.11751341819763184, -0.0544755794107914]
Edge: 57, Vertices: [0.035018354654312134, -0.11388108879327774, -0.061190832406282425], [0.035635583102703094, -0.11433801800012589, -0.05997022986412048]
Edge: 58, Vertices: [-0.002321940381079912, -0.1319607049226761, -0.02281423844397068], [-0.003670475445687771, -0.13184061646461487, -0.023325545713305473]
Edge: 59, Vertices: [0.022488374263048172, -0.12055374681949615, -0.046826187521219254], [0.02254692278802395, -0.12037927657365799, -0.04724499210715294]
Edge: 60, Vertices: [-0.004639117047190666, -0.11833246052265167, -0.05663508176803589], [-0.004785924684256315, -0.1184319332242012, -0.05641449987888336]
Edge: 61, Vertices: [-0.004785924684256315, -0.1184319332242012, -0.05641449987888336], [-0.004975652322173119, -0.11856672167778015, -0.05611416697502136]
Edge: 62, Vertices: [0.03484298288822174, -0.12435749918222427, -0.03550608456134796], [0.034148525446653366, -0.12487339973449707, -0.0343514084815979]
Edge: 63, Vertices: [0.02079438790678978, -0.12254951894283295, -0.04219991713762283], [0.02092079259455204, -0.12245426326990128, -0.04241340607404709]
Edge: 64, Vertices: [0.03735751286149025, -0.12171053141355515, -0.04159882664680481], [0.036974143236875534, -0.12225713580846786, -0.040318846702575684]
Edge: 65, Vertices: [0.022019175812602043, -0.12138143926858902, -0.04487008601427078], [0.022187648341059685, -0.12114183604717255, -0.04543110355734825]
Edge: 66, Vertices: [0.02200687862932682, -0.12139755487442017, -0.044832516461610794], [0.022019175812602043, -0.12138143926858902, -0.04487008601427078]
Edge: 67, Vertices: [0.014155199751257896, -0.11517240852117538, -0.061372365802526474], [0.013968754559755325, -0.11515040695667267, -0.06145631894469261]
Edge: 68, Vertices: [0.009381234645843506, -0.12603600323200226, -0.035475898534059525], [0.010018117725849152, -0.1259704828262329, -0.03553443402051926]
Edge: 69, Vertices: [0.013596029952168465, -0.131531223654747, -0.021311702206730843], [0.01217146497219801, -0.13170091807842255, -0.021123996004462242]
Edge: 70, Vertices: [0.010018117725849152, -0.1259704828262329, -0.03553443402051926], [0.01010043639689684, -0.12596122920513153, -0.035543907433748245]
Edge: 71, Vertices: [-0.02074495702981949, -0.1183444932103157, -0.05919235572218895], [-0.020309574902057648, -0.11788389086723328, -0.06025291979312897]
Edge: 72, Vertices: [0.020566394552588463, -0.12271241098642349, -0.04183673858642578], [0.02079438790678978, -0.12254951894283295, -0.04219991713762283]
Edge: 73, Vertices: [-0.006638894788920879, -0.12042400985956192, -0.051822829991579056], [-0.006707904860377312, -0.12059059739112854, -0.05142505094408989]
Edge: 74, Vertices: [-0.006707904860377312, -0.12059059739112854, -0.05142505094408989], [-0.006738468538969755, -0.1206764504313469, -0.05121925473213196]
Edge: 75, Vertices: [-0.001973074860870838, -0.1252719908952713, -0.039174728095531464], [-0.0014709216775372624, -0.1254069209098816, -0.03876291587948799]
Edge: 76, Vertices: [-0.01110319048166275, -0.13060057163238525, -0.027562875300645828], [-0.01220554020255804, -0.13031212985515594, -0.02844788134098053]
Edge: 77, Vertices: [-0.001981629291549325, -0.1252695620059967, -0.039182066917419434], [-0.001973074860870838, -0.1252719908952713, -0.039174728095531464]
Edge: 78, Vertices: [0.03619246184825897, -0.11481079459190369, -0.0587204210460186], [0.03668488934636116, -0.11529607325792313, -0.05745028704404831]
Edge: 79, Vertices: [0.021536393091082573, -0.12192367762327194, -0.04361678287386894], [0.021639779210090637, -0.12182007730007172, -0.043854448944330215]
Edge: 80, Vertices: [-0.006164140067994595, -0.11966755986213684, -0.05360318720340729], [-0.006238706409931183, -0.11976290494203568, -0.05338115245103836]
Edge: 81, Vertices: [0.02001173049211502, -0.11671426147222519, -0.05664746090769768], [0.01971077360212803, -0.11657305061817169, -0.05704239383339882]
Edge: 82, Vertices: [0.03194795176386833, -0.1122097373008728, -0.06578608602285385], [0.032802071422338486, -0.11260177940130234, -0.06468669325113297]
Edge: 83, Vertices: [0.01971077360212803, -0.11657305061817169, -0.05704239383339882], [0.019623272120952606, -0.11653410643339157, -0.057152021676301956]
Edge: 84, Vertices: [0.019623272120952606, -0.11653410643339157, -0.057152021676301956], [0.019437914714217186, -0.11645449697971344, -0.05737718567252159]
Edge: 85, Vertices: [0.018788829445838928, -0.11620291322469711, -0.058098919689655304], [0.018547259271144867, -0.11611872166395187, -0.05834434926509857]
Edge: 86, Vertices: [0.01900213398039341, -0.11628128588199615, -0.05787229165434837], [0.018788829445838928, -0.11620291322469711, -0.058098919689655304]
Edge: 87, Vertices: [-0.018419934436678886, -0.11630769819021225, -0.06381795555353165], [-0.017668580636382103, -0.11579947173595428, -0.06494465470314026]
Edge: 88, Vertices: [0.005771609954535961, -0.12620936334133148, -0.035630177706480026], [0.0063812281005084515, -0.12620368599891663, -0.0355461947619915]
Edge: 89, Vertices: [0.005722768139094114, -0.12620939314365387, -0.03563794866204262], [0.005771609954535961, -0.12620936334133148, -0.035630177706480026]
Edge: 90, Vertices: [-0.0024545833002775908, -0.12512777745723724, -0.039606012403964996], [-0.001981629291549325, -0.1252695620059967, -0.039182066917419434]
Edge: 91, Vertices: [-0.02098526991903782, -0.11862478405237198, -0.058543018996715546], [-0.02074495702981949, -0.1183444932103157, -0.05919235572218895]
Edge: 92, Vertices: [-0.006014082580804825, -0.11949048191308975, -0.0540136992931366], [-0.006164140067994595, -0.11966755986213684, -0.05360318720340729]
Edge: 93, Vertices: [-0.021214552223682404, -0.1189146637916565, -0.05786837637424469], [-0.02098526991903782, -0.11862478405237198, -0.058543018996715546]
Edge: 94, Vertices: [0.021104009822010994, -0.12230900675058365, -0.04274049028754234], [0.021244674921035767, -0.1221909150481224, -0.04300772771239281]
Edge: 95, Vertices: [0.0354776605963707, -0.12383242696523666, -0.03669285774230957], [0.03484298288822174, -0.12435749918222427, -0.03550608456134796]
Edge: 96, Vertices: [0.02092079259455204, -0.12245426326990128, -0.04241340607404709], [0.021104009822010994, -0.12230900675058365, -0.04274049028754234]
Edge: 97, Vertices: [-0.004975652322173119, -0.11856672167778015, -0.05611416697502136], [-0.0051403227262198925, -0.11869008094072342, -0.055837832391262054]
Edge: 98, Vertices: [0.022110942751169205, -0.11829230934381485, -0.052437204867601395], [0.02199283428490162, -0.11814563721418381, -0.05281616002321243]
Edge: 99, Vertices: [0.03668488934636116, -0.11529607325792313, -0.05745028704404831], [0.03711138293147087, -0.11579196155071259, -0.056164681911468506]
Edge: 100, Vertices: [-0.0002849889569915831, -0.11638961732387543, -0.06070418655872345], [-0.0003442097513470799, -0.11640792340040207, -0.06066877394914627]
Edge: 101, Vertices: [-0.0003442097513470799, -0.11640792340040207, -0.06066877394914627], [-0.0008303767535835505, -0.11656427383422852, -0.060363102704286575]
Edge: 102, Vertices: [0.02120519056916237, -0.11742499470710754, -0.05471137538552284], [0.021032141521573067, -0.11730209738016129, -0.05504081770777702]
Edge: 103, Vertices: [0.0213220976293087, -0.11751341819763184, -0.0544755794107914], [0.02120519056916237, -0.11742499470710754, -0.05471137538552284]
Edge: 104, Vertices: [0.0015415152302011847, -0.11589525640010834, -0.06162416562438011], [0.0014714704593643546, -0.11591190099716187, -0.06159456819295883]
Edge: 105, Vertices: [0.014238955453038216, -0.12524908781051636, -0.03662707284092903], [0.014731128700077534, -0.12512843310832977, -0.03684414178133011]
Edge: 106, Vertices: [0.009290926158428192, -0.11494268476963043, -0.06271746754646301], [0.009175379760563374, -0.1149451807141304, -0.06272990256547928]
Edge: 107, Vertices: [0.009840069338679314, -0.11493556946516037, -0.06264671683311462], [0.009290926158428192, -0.11494268476963043, -0.06271746754646301]
Edge: 108, Vertices: [0.010700381360948086, -0.10898004472255707, -0.07712557166814804], [0.012131256982684135, -0.10896293073892593, -0.07693775743246078]
Edge: 109, Vertices: [0.019482752308249474, -0.10930689424276352, -0.07491280138492584], [0.020804503932595253, -0.10945304483175278, -0.0743417963385582]
Edge: 110, Vertices: [-0.003985367249697447, -0.11793109029531479, -0.05751517787575722], [-0.004276761319488287, -0.11810238659381866, -0.05714154988527298]
Edge: 111, Vertices: [-0.0038882719818502665, -0.11787639558315277, -0.05763382837176323], [-0.003985367249697447, -0.11793109029531479, -0.05751517787575722]
Edge: 112, Vertices: [-0.017668580636382103, -0.11579947173595428, -0.06494465470314026], [-0.01685880683362484, -0.11530164629220963, -0.06603643298149109]
Edge: 113, Vertices: [-0.003541181329637766, -0.1176895946264267, -0.05803656578063965], [-0.0038882719818502665, -0.11787639558315277, -0.05763382837176323]
Edge: 114, Vertices: [-0.01685880683362484, -0.11530164629220963, -0.06603643298149109], [-0.01599443145096302, -0.11481644213199615, -0.06708848476409912]
Edge: 115, Vertices: [-0.006854708772152662, -0.12156021595001221, -0.04906884580850601], [-0.006840729154646397, -0.12169000506401062, -0.048748038709163666]
Edge: 116, Vertices: [0.005552847404032946, -0.11519774794578552, -0.0626918375492096], [0.004966155160218477, -0.11527086049318314, -0.06260661780834198]
Edge: 117, Vertices: [0.004966155160218477, -0.11527086049318314, -0.06260661780834198], [0.0048903184942901134, -0.11528098583221436, -0.06259393692016602]
Edge: 118, Vertices: [0.018671205267310143, -0.12377294152975082, -0.0395381934940815], [0.01885109953582287, -0.123688705265522, -0.039716046303510666]
Edge: 119, Vertices: [0.01885109953582287, -0.123688705265522, -0.039716046303510666], [0.01911417953670025, -0.12356045842170715, -0.03998856246471405]
Edge: 120, Vertices: [0.030790869146585464, -0.1268324851989746, -0.03008238412439823], [0.029816685244441032, -0.12728989124298096, -0.029116200283169746]
Edge: 121, Vertices: [0.020878015086054802, -0.1171995997428894, -0.05531712993979454], [0.020716626197099686, -0.11709839105606079, -0.05559145286679268]
Edge: 122, Vertices: [0.0336005724966526, -0.11301220208406448, -0.06355111300945282], [0.03434000536799431, -0.11343912035226822, -0.06238454580307007]
Edge: 123, Vertices: [0.021032141521573067, -0.11730209738016129, -0.05504081770777702], [0.020878015086054802, -0.1171995997428894, -0.05531712993979454]
Edge: 124, Vertices: [0.03434000536799431, -0.11343912035226822, -0.06238454580307007], [0.035018354654312134, -0.11388108879327774, -0.061190832406282425]
Edge: 125, Vertices: [0.01142949890345335, -0.11496036499738693, -0.062330588698387146], [0.011171449907124043, -0.11495166271924973, -0.06239338964223862]
Edge: 126, Vertices: [0.026910394430160522, -0.11055037379264832, -0.07066786289215088], [0.028011752292513847, -0.1108393669128418, -0.06978168338537216]
Edge: 127, Vertices: [-0.006568052340298891, -0.12248896062374115, -0.046743325889110565], [-0.006540152709931135, -0.12253835052251816, -0.046617623418569565]
Edge: 128, Vertices: [-0.0061087338253855705, -0.12311550229787827, -0.045131780207157135], [-0.005982778035104275, -0.12324575334787369, -0.04479186609387398]
Edge: 129, Vertices: [-0.006212364416569471, -0.12299870699644089, -0.04543508216738701], [-0.0061087338253855705, -0.12311550229787827, -0.045131780207157135]
Edge: 130, Vertices: [0.016124680638313293, -0.12473642081022263, -0.03758246451616287], [0.016426296904683113, -0.12464073300361633, -0.0377688929438591]
Edge: 131, Vertices: [-0.002050159266218543, -0.11701025068759918, -0.05946443974971771], [-0.0023528968449681997, -0.11713459342718124, -0.05920787155628204]
Edge: 132, Vertices: [-0.0023528968449681997, -0.11713459342718124, -0.05920787155628204], [-0.0025636712089180946, -0.11722484976053238, -0.05902019888162613]
Edge: 133, Vertices: [0.004350971896201372, -0.12618398666381836, -0.035920653492212296], [0.004413381218910217, -0.12618625164031982, -0.03590504825115204]
Edge: 134, Vertices: [0.0016097407788038254, -0.1259700506925583, -0.03688599914312363], [0.0016252705827355385, -0.1259719282388687, -0.03687887638807297]
Edge: 135, Vertices: [0.009353949688374996, -0.1260385811328888, -0.03547397255897522], [0.009381234645843506, -0.12603600323200226, -0.035475898534059525]
Edge: 136, Vertices: [0.01217146497219801, -0.13170091807842255, -0.021123996004462242], [0.010740973986685276, -0.131845161318779, -0.0209997296333313]
Edge: 137, Vertices: [0.010674198158085346, -0.1258917897939682, -0.03562220558524132], [0.01081431470811367, -0.12587349116802216, -0.03564462065696716]
Edge: 138, Vertices: [0.01010043639689684, -0.12596122920513153, -0.035543907433748245], [0.010674198158085346, -0.1258917897939682, -0.03562220558524132]
Edge: 139, Vertices: [0.0020826072432100773, -0.10962627083063126, -0.07692363858222961], [0.0035065056290477514, -0.10945475846529007, -0.07711588591337204]
Edge: 140, Vertices: [0.006226946134120226, -0.11512501537799835, -0.0627620741724968], [0.005680034402757883, -0.11518310755491257, -0.0627073347568512]
Edge: 141, Vertices: [0.005680034402757883, -0.11518310755491257, -0.0627073347568512], [0.005552847404032946, -0.11519774794578552, -0.0626918375492096]
Edge: 142, Vertices: [0.018073979765176773, -0.11596659570932388, -0.05879374220967293], [0.01776210032403469, -0.11587478220462799, -0.05906917154788971]
Edge: 143, Vertices: [0.01776210032403469, -0.11587478220462799, -0.05906917154788971], [0.017582451924681664, -0.11582469940185547, -0.059220943599939346]
Edge: 144, Vertices: [0.030082067474722862, -0.11148438602685928, -0.06786604970693588], [0.031041882932186127, -0.11183756589889526, -0.06684505939483643]
Edge: 145, Vertices: [0.031041882932186127, -0.11183756589889526, -0.06684505939483643], [0.03194795176386833, -0.1122097373008728, -0.06578608602285385]
Edge: 146, Vertices: [0.019437914714217186, -0.11645449697971344, -0.05737718567252159], [0.019264083355665207, -0.11638317257165909, -0.057580165565013885]
Edge: 147, Vertices: [0.019264083355665207, -0.11638317257165909, -0.057580165565013885], [0.01900213398039341, -0.11628128588199615, -0.05787229165434837]
Edge: 148, Vertices: [0.01992889493703842, -0.12311878055334091, -0.0409417524933815], [0.020181424915790558, -0.12296539545059204, -0.041277650743722916]
Edge: 149, Vertices: [0.0023488292936235666, -0.11571551859378815, -0.06193564087152481], [0.0022016684524714947, -0.11574666947126389, -0.06188282370567322]
Edge: 150, Vertices: [0.02660895697772503, -0.12856628000736237, -0.02649868093430996], [0.025451457127928734, -0.1289571076631546, -0.025725383311510086]
Edge: 151, Vertices: [-0.022462153807282448, -0.12275657802820206, -0.04863929748535156], [-0.022488242015242577, -0.12221197783946991, -0.049980126321315765]
Edge: 152, Vertices: [-0.006858722306787968, -0.1213076114654541, -0.049689460545778275], [-0.006860700435936451, -0.12141789495944977, -0.049419112503528595]
Edge: 153, Vertices: [-0.006860700435936451, -0.12141789495944977, -0.049419112503528595], [-0.006854708772152662, -0.12156021595001221, -0.04906884580850601]
Edge: 154, Vertices: [-0.003670475445687771, -0.13184061646461487, -0.023325545713305473], [-0.0049929204396903515, -0.13169506192207336, -0.023895196616649628]
Edge: 155, Vertices: [0.0048903184942901134, -0.11528098583221436, -0.06259393692016602], [0.004261123016476631, -0.11537113785743713, -0.062473736703395844]
Edge: 156, Vertices: [0.0006714572082273662, -0.10982256382703781, -0.07666851580142975], [0.0020826072432100773, -0.10962627083063126, -0.07692363858222961]
Edge: 157, Vertices: [0.004261123016476631, -0.11537113785743713, -0.062473736703395844], [0.00423911539837718, -0.11537449061870575, -0.06246903911232948]
Edge: 158, Vertices: [-0.0007205801084637642, -0.1100427508354187, -0.07635167241096497], [0.0006714572082273662, -0.10982256382703781, -0.07666851580142975]
Edge: 159, Vertices: [-0.006845155265182257, -0.12114305049180984, -0.05009118840098381], [-0.006858722306787968, -0.1213076114654541, -0.049689460545778275]
Edge: 160, Vertices: [-0.022488242015242577, -0.12221197783946991, -0.049980126321315765], [-0.022445686161518097, -0.12166386842727661, -0.05131855979561806]
Edge: 161, Vertices: [-0.0068321507424116135, -0.12105149775743484, -0.050313789397478104], [-0.006845155265182257, -0.12114305049180984, -0.05009118840098381]
Edge: 162, Vertices: [0.014803765341639519, -0.11525844037532806, -0.061057042330503464], [0.01457212958484888, -0.11522598564624786, -0.06117390841245651]
Edge: 163, Vertices: [0.01457212958484888, -0.11522598564624786, -0.06117390841245651], [0.014155199751257896, -0.11517240852117538, -0.061372365802526474]
Edge: 164, Vertices: [0.020804503932595253, -0.10945304483175278, -0.0743417963385582], [0.022094203159213066, -0.10962389409542084, -0.07371533662080765]
Edge: 165, Vertices: [0.01664014160633087, -0.11559196561574936, -0.05994350463151932], [0.01654353365302086, -0.11557070910930634, -0.06001119688153267]
Edge: 166, Vertices: [0.017072157934308052, -0.11569274216890335, -0.05962677672505379], [0.01664014160633087, -0.11559196561574936, -0.05994350463151932]
Edge: 167, Vertices: [-0.004400954581797123, -0.11817894876003265, -0.05697358772158623], [-0.004639117047190666, -0.11833246052265167, -0.05663508176803589]
Edge: 168, Vertices: [-0.004276761319488287, -0.11810238659381866, -0.05714154988527298], [-0.004400954581797123, -0.11817894876003265, -0.05697358772158623]
Edge: 169, Vertices: [0.02254692278802395, -0.12037927657365799, -0.04724499210715294], [0.022574594244360924, -0.1202775165438652, -0.047490302473306656]
Edge: 170, Vertices: [-0.02236754633486271, -0.12329519540071487, -0.04730212688446045], [-0.022462153807282448, -0.12275657802820206, -0.04863929748535156]
Edge: 171, Vertices: [-0.006840729154646397, -0.12169000506401062, -0.048748038709163666], [-0.006820570211857557, -0.1218094527721405, -0.04845164343714714]
Edge: 172, Vertices: [0.004977306351065636, -0.13216638565063477, -0.02113703452050686], [0.0035466840490698814, -0.13218162953853607, -0.021329399198293686]
Edge: 173, Vertices: [0.005067050457000732, -0.12620361149311066, -0.03575744852423668], [0.005722768139094114, -0.12620939314365387, -0.03563794866204262]
Edge: 174, Vertices: [0.022583255544304848, -0.1192535012960434, -0.05000222474336624], [0.022565698251128197, -0.11918491870164871, -0.05017336457967758]
Edge: 175, Vertices: [-0.022445686161518097, -0.12166386842727661, -0.05131855979561806], [-0.022335026413202286, -0.12111469358205795, -0.05264865234494209]
Edge: 176, Vertices: [-0.022335026413202286, -0.12111469358205795, -0.05264865234494209], [-0.02215627394616604, -0.12056399881839752, -0.053971562534570694]
Edge: 177, Vertices: [-0.006774205714464188, -0.12079188227653503, -0.05094168707728386], [-0.0067941234447062016, -0.12086682766675949, -0.050760939717292786]
Edge: 178, Vertices: [-0.006738468538969755, -0.1206764504313469, -0.05121925473213196], [-0.006774205714464188, -0.12079188227653503, -0.05094168707728386]
Edge: 179, Vertices: [0.011171449907124043, -0.11495166271924973, -0.06239338964223862], [0.010721685364842415, -0.11494087427854538, -0.06249210238456726]
Edge: 180, Vertices: [0.013556205667555332, -0.10897202789783478, -0.0766865685582161], [0.014968820847570896, -0.10900736600160599, -0.07637295871973038]
Edge: 181, Vertices: [0.020376279950141907, -0.11690239608287811, -0.056127164512872696], [0.020128954201936722, -0.11677256971597672, -0.056485529989004135]
Edge: 182, Vertices: [0.020128954201936722, -0.11677256971597672, -0.056485529989004135], [0.02001173049211502, -0.11671426147222519, -0.05664746090769768]
Edge: 183, Vertices: [-0.0064298356883227825, -0.1200379729270935, -0.052736736834049225], [-0.006509989965707064, -0.12017162144184113, -0.05242159217596054]
Edge: 184, Vertices: [-0.006509989965707064, -0.12017162144184113, -0.05242159217596054], [-0.006586478091776371, -0.1203143298625946, -0.05208362266421318]
Edge: 185, Vertices: [-0.006351770367473364, -0.11991937458515167, -0.053015273064374924], [-0.0064298356883227825, -0.1200379729270935, -0.052736736834049225]
Edge: 186, Vertices: [-0.021909132599830627, -0.12001209706068039, -0.055286433547735214], [-0.021594645455479622, -0.11946148425340652, -0.05658732354640961]
Edge: 187, Vertices: [-0.006238706409931183, -0.11976290494203568, -0.05338115245103836], [-0.006351770367473364, -0.11991937458515167, -0.053015273064374924]
Edge: 188, Vertices: [-0.021594645455479622, -0.11946148425340652, -0.05658732354640961], [-0.021214552223682404, -0.1189146637916565, -0.05786837637424469]
Edge: 189, Vertices: [0.021586274728178978, -0.1177326962351799, -0.05389495939016342], [0.021500250324606895, -0.11765798181295395, -0.054092150181531906]
Edge: 190, Vertices: [0.035635583102703094, -0.11433801800012589, -0.05997022986412048], [0.03619246184825897, -0.11481079459190369, -0.0587204210460186]
Edge: 191, Vertices: [-0.0014325890224426985, -0.1254166215658188, -0.03873294219374657], [-0.0012351243058219552, -0.12546534836292267, -0.03858164697885513]
Edge: 192, Vertices: [-0.009956657886505127, -0.13086682558059692, -0.02672523260116577], [-0.01110319048166275, -0.13060057163238525, -0.027562875300645828]
Edge: 193, Vertices: [-0.0012351243058219552, -0.12546534836292267, -0.03858164697885513], [-0.0008596715051680803, -0.12555237114429474, -0.038307733833789825]
Edge: 194, Vertices: [-0.01922239363193512, -0.12727399170398712, -0.03703157976269722], [-0.01982538029551506, -0.12682978808879852, -0.0382186621427536]
Edge: 195, Vertices: [-0.005424720235168934, -0.12371934950351715, -0.0435398630797863], [-0.005352831445634365, -0.12377148866653442, -0.04340033978223801]
Edge: 196, Vertices: [0.0036516820546239614, -0.126150980591774, -0.03611396998167038], [0.003761859377846122, -0.12615710496902466, -0.036081232130527496]
Edge: 197, Vertices: [0.0007109217112883925, -0.13213343918323517, -0.02190314419567585], [-0.0006814839434809983, -0.13207028806209564, -0.02228180505335331]
Edge: 198, Vertices: [0.003761859377846122, -0.12615710496902466, -0.036081232130527496], [0.004350971896201372, -0.12618398666381836, -0.035920653492212296]
Edge: 199, Vertices: [0.0035065056290477514, -0.10945475846529007, -0.07711588591337204], [0.004936712794005871, -0.10930868238210678, -0.07724470645189285]
Edge: 200, Vertices: [0.007120195776224136, -0.1150468960404396, -0.06281034648418427], [0.006528034806251526, -0.11509636789560318, -0.06278402358293533]
Edge: 201, Vertices: [0.007188031449913979, -0.1150418072938919, -0.062811940908432], [0.007120195776224136, -0.1150468960404396, -0.06281034648418427]
Edge: 202, Vertices: [0.004936712794005871, -0.10930868238210678, -0.07724470645189285], [0.006374045740813017, -0.10918790102005005, -0.07731028646230698]
Edge: 203, Vertices: [0.021244674921035767, -0.1221909150481224, -0.04300772771239281], [0.021385857835412025, -0.12206573784351349, -0.04329228773713112]
Edge: 204, Vertices: [0.03605131804943085, -0.12329898029565811, -0.03790998458862305], [0.0354776605963707, -0.12383242696523666, -0.03669285774230957]
Edge: 205, Vertices: [0.021385857835412025, -0.12206573784351349, -0.04329228773713112], [0.021536393091082573, -0.12192367762327194, -0.04361678287386894]
Edge: 206, Vertices: [0.022606952115893364, -0.12012600153684616, -0.047856975346803665], [0.022625625133514404, -0.12000130116939545, -0.04816005378961563]
Edge: 207, Vertices: [0.03822220116853714, -0.11950815469026566, -0.04686539247632027], [0.03810812905430794, -0.12005733698606491, -0.04553581401705742]
Edge: 208, Vertices: [0.022574594244360924, -0.1202775165438652, -0.047490302473306656], [0.022606952115893364, -0.12012600153684616, -0.047856975346803665]
Edge: 209, Vertices: [0.020181424915790558, -0.12296539545059204, -0.041277650743722916], [0.02029990404844284, -0.1228901818394661, -0.041443224996328354]
Edge: 210, Vertices: [0.0222723837941885, -0.11852575093507767, -0.05183831602334976], [0.022187920287251472, -0.11839789152145386, -0.05216570198535919]
Edge: 211, Vertices: [0.022348523139953613, -0.11865538358688354, -0.051507916301488876], [0.0222723837941885, -0.11852575093507767, -0.05183831602334976]
Edge: 212, Vertices: [-0.0097554512321949, -0.11221468448638916, -0.07247207313776016], [-0.008559560403227806, -0.11184098571538925, -0.07319719344377518]
Edge: 213, Vertices: [-0.008559560403227806, -0.11184098571538925, -0.07319719344377518], [-0.00732758454978466, -0.11148732155561447, -0.07386734336614609]
Edge: 214, Vertices: [-0.0029163737781345844, -0.12497404962778091, -0.040057502686977386], [-0.0025068598333746195, -0.1251111775636673, -0.0396551750600338]
Edge: 215, Vertices: [-0.013265416957437992, -0.13000088930130005, -0.029381990432739258], [-0.014278103597462177, -0.12966813147068024, -0.030361363664269447]
Edge: 216, Vertices: [-0.0025068598333746195, -0.1251111775636673, -0.0396551750600338], [-0.0024545833002775908, -0.12512777745723724, -0.039606012403964996]
Edge: 217, Vertices: [-0.01220554020255804, -0.13031212985515594, -0.02844788134098053], [-0.013265416957437992, -0.13000088930130005, -0.029381990432739258]
Edge: 218, Vertices: [0.018354112282395363, -0.12391514331102371, -0.03924011066555977], [0.018671205267310143, -0.12377294152975082, -0.0395381934940815]
Edge: 219, Vertices: [0.018203744664788246, -0.12397996336221695, -0.03910517692565918], [0.018354112282395363, -0.12391514331102371, -0.03924011066555977]
Edge: 220, Vertices: [-0.006820570211857557, -0.1218094527721405, -0.04845164343714714], [-0.006785228382796049, -0.12195942550897598, -0.04807787761092186]
Edge: 221, Vertices: [0.0317109078168869, -0.1263621747493744, -0.031088937073946], [0.030790869146585464, -0.1268324851989746, -0.03008238412439823]
Edge: 222, Vertices: [0.019321652129292488, -0.1234547570347786, -0.04021467640995979], [0.019533488899469376, -0.12334231287240982, -0.040456630289554596]
Edge: 223, Vertices: [0.01911417953670025, -0.12356045842170715, -0.03998856246471405], [0.019321652129292488, -0.1234547570347786, -0.04021467640995979]
Edge: 224, Vertices: [-0.0034734976943582296, -0.11765464395284653, -0.05811147019267082], [-0.003541181329637766, -0.1176895946264267, -0.05803656578063965]
Edge: 225, Vertices: [-0.01599443145096302, -0.11481644213199615, -0.06708848476409912], [-0.015078222379088402, -0.11434518545866013, -0.06809795647859573]
Edge: 226, Vertices: [-0.017801769077777863, -0.1281421035528183, -0.03467271849513054], [-0.018542643636465073, -0.1277155578136444, -0.03583860769867897]
Edge: 227, Vertices: [-0.0047382209450006485, -0.12416258454322815, -0.04234174266457558], [-0.004714843817055225, -0.12417586147785187, -0.04230540245771408]
Edge: 228, Vertices: [-0.0025736421812325716, -0.11722920089960098, -0.059011127799749374], [-0.003032252425327897, -0.1174374371767044, -0.05857369676232338]
Edge: 229, Vertices: [-0.014107833616435528, -0.11388679593801498, -0.06906715780496597], [-0.013086605817079544, -0.1134430393576622, -0.06999227404594421]
Edge: 230, Vertices: [-0.0025636712089180946, -0.11722484976053238, -0.05902019888162613], [-0.0025736421812325716, -0.11722920089960098, -0.059011127799749374]
Edge: 231, Vertices: [-0.015078222379088402, -0.11434518545866013, -0.06809795647859573], [-0.014107833616435528, -0.11388679593801498, -0.06906715780496597]
Edge: 232, Vertices: [0.017193062230944633, -0.12437745183706284, -0.038291916251182556], [0.017283206805586815, -0.12434446811676025, -0.03835838660597801]
Edge: 233, Vertices: [0.027721520513296127, -0.12815840542316437, -0.02732105739414692], [0.02660895697772503, -0.12856628000736237, -0.02649868093430996]
Edge: 234, Vertices: [0.016956400126218796, -0.12446194142103195, -0.03812256082892418], [0.017193062230944633, -0.12437745183706284, -0.038291916251182556]
Edge: 235, Vertices: [-0.0051403227262198925, -0.11869008094072342, -0.055837832391262054], [-0.005287196487188339, -0.11880579590797424, -0.05557741969823837]
Edge: 236, Vertices: [-0.019740408286452293, -0.11734993755817413, -0.06147202104330063], [-0.019110003486275673, -0.1168241873383522, -0.06266114860773087]
Edge: 237, Vertices: [-0.005287196487188339, -0.11880579590797424, -0.05557741969823837], [-0.005420181434601545, -0.11891580373048782, -0.05532878264784813]
Edge: 238, Vertices: [0.00423911539837718, -0.11537449061870575, -0.06246903911232948], [0.0035984660498797894, -0.11547818779945374, -0.06231742352247238]
Edge: 239, Vertices: [-0.006407450418919325, -0.12274645268917084, -0.04608553647994995], [-0.0063066501170396805, -0.12288297712802887, -0.04573426768183708]
Edge: 240, Vertices: [-0.021310970187187195, -0.12537765502929688, -0.04202132672071457], [-0.021675746887922287, -0.12487053126096725, -0.043324582278728485]
Edge: 241, Vertices: [0.016426296904683113, -0.12464073300361633, -0.0377688929438591], [0.016714584082365036, -0.12454523891210556, -0.03795695677399635]
Edge: 242, Vertices: [0.016714584082365036, -0.12454523891210556, -0.03795695677399635], [0.016956400126218796, -0.12446194142103195, -0.03812256082892418]
Edge: 243, Vertices: [0.013356504961848259, -0.11508629471063614, -0.061712004244327545], [0.012816107831895351, -0.11503970623016357, -0.061913151293992996]
Edge: 244, Vertices: [0.018134767189621925, -0.10918620228767395, -0.07542552798986435], [0.019482752308249474, -0.10930689424276352, -0.07491280138492584]
Edge: 245, Vertices: [0.03810812905430794, -0.12005733698606491, -0.04553581401705742], [0.03792592138051987, -0.12060815840959549, -0.04421316459774971]
Edge: 246, Vertices: [0.02245723456144333, -0.12063276767730713, -0.046637240797281265], [0.022488374263048172, -0.12055374681949615, -0.046826187521219254]
Edge: 247, Vertices: [0.022366948425769806, -0.12083002179861069, -0.04616761952638626], [0.02245723456144333, -0.12063276767730713, -0.046637240797281265]
Edge: 248, Vertices: [0.0031129808630794287, -0.1261158585548401, -0.036286670714616776], [0.0036516820546239614, -0.126150980591774, -0.03611396998167038]
Edge: 249, Vertices: [-0.0006814839434809983, -0.13207028806209564, -0.02228180505335331], [-0.002051170449703932, -0.1319814920425415, -0.022719716653227806]
Edge: 250, Vertices: [-0.004348483867943287, -0.12437177449464798, -0.041765712201595306], [-0.0041788010857999325, -0.12445554882287979, -0.041532840579748154]
Edge: 251, Vertices: [-0.016146505251526833, -0.12894369661808014, -0.0324394628405571], [-0.01700190268456936, -0.1285521239042282, -0.033537935465574265]
Edge: 252, Vertices: [-0.005699109751731157, -0.11916591227054596, -0.05475972220301628], [-0.005755923222750425, -0.11922066658735275, -0.0546344555914402]
Edge: 253, Vertices: [0.012881295755505562, -0.12553922832012177, -0.036133021116256714], [0.012903250753879547, -0.1255350112915039, -0.03613986074924469]
Edge: 254, Vertices: [0.012596199288964272, -0.12559273838996887, -0.036047469824552536], [0.012881295755505562, -0.12553922832012177, -0.036133021116256714]
Edge: 255, Vertices: [0.034148525446653366, -0.12487339973449707, -0.0343514084815979], [0.03339286521077156, -0.1253809630870819, -0.033227045089006424]
Edge: 256, Vertices: [0.020456956699490547, -0.12278693914413452, -0.04167139530181885], [0.020566394552588463, -0.12271241098642349, -0.04183673858642578]
Edge: 257, Vertices: [0.02029990404844284, -0.1228901818394661, -0.041443224996328354], [0.020456956699490547, -0.12278693914413452, -0.04167139530181885]
Edge: 258, Vertices: [0.0022889242973178625, -0.12604495882987976, -0.03659304603934288], [0.002830805256962776, -0.12609396874904633, -0.03638571500778198]
Edge: 259, Vertices: [0.020518692210316658, -0.11698175966739655, -0.055909499526023865], [0.020376279950141907, -0.11690239608287811, -0.056127164512872696]
Edge: 260, Vertices: [0.020716626197099686, -0.11709839105606079, -0.05559145286679268], [0.020518692210316658, -0.11698175966739655, -0.055909499526023865]
Edge: 261, Vertices: [0.0028772198129445314, -0.11560934036970139, -0.06211137771606445], [0.0023488292936235666, -0.11571551859378815, -0.06193564087152481]
Edge: 262, Vertices: [-0.006064663641154766, -0.11115500330924988, -0.07448013871908188], [-0.004771296866238117, -0.11084406077861786, -0.07503555715084076]
Edge: 263, Vertices: [0.0022016684524714947, -0.11574666947126389, -0.06188282370567322], [0.0017414122121408582, -0.11584870517253876, -0.06170631945133209]
Edge: 264, Vertices: [0.0017414122121408582, -0.11584870517253876, -0.06170631945133209], [0.0015415152302011847, -0.11589525640010834, -0.06162416562438011]
Edge: 265, Vertices: [-0.004771296866238117, -0.11084406077861786, -0.07503555715084076], [-0.0034439086448401213, -0.11055382341146469, -0.07553471624851227]
Edge: 266, Vertices: [0.02247467264533043, -0.11891816556453705, -0.050842706114053726], [0.022405030205845833, -0.11876372992992401, -0.05123293399810791]
Edge: 267, Vertices: [0.037472859025001526, -0.11629967391490936, -0.05486052483320236], [0.037767913192510605, -0.11681780964136124, -0.053541429340839386]
Edge: 268, Vertices: [0.022405030205845833, -0.11876372992992401, -0.05123293399810791], [0.022348523139953613, -0.11865538358688354, -0.051507916301488876]
Edge: 269, Vertices: [-0.013086605817079544, -0.1134430393576622, -0.06999227404594421], [-0.012019257061183453, -0.11301589012145996, -0.07086922228336334]
Edge: 270, Vertices: [-0.012019257061183453, -0.11301589012145996, -0.07086922228336334], [-0.01090980228036642, -0.11260675638914108, -0.07169518619775772]
Edge: 271, Vertices: [-0.0015027363551780581, -0.11679987609386444, -0.05989285185933113], [-0.0018642416689544916, -0.11693679541349411, -0.059614866971969604]
Edge: 272, Vertices: [-0.0013565238332375884, -0.11674660444259644, -0.060000114142894745], [-0.0015027363551780581, -0.11679987609386444, -0.05989285185933113]
Edge: 273, Vertices: [-0.01982538029551506, -0.12682978808879852, -0.0382186621427536], [-0.02038544788956642, -0.12635768949985504, -0.03946729376912117]
Edge: 274, Vertices: [-0.005719780456274748, -0.12348636239767075, -0.04415908828377724], [-0.005631372332572937, -0.12355969846248627, -0.043964892625808716]
Edge: 275, Vertices: [0.014883795753121376, -0.12508922815322876, -0.03691587597131729], [0.015313430689275265, -0.12497410923242569, -0.03712940216064453]
Edge: 276, Vertices: [0.023018445819616318, -0.12968158721923828, -0.0243380144238472], [0.02175327204167843, -0.1300123929977417, -0.02372930757701397]
Edge: 277, Vertices: [0.014731128700077534, -0.12512843310832977, -0.03684414178133011], [0.014883795753121376, -0.12508922815322876, -0.03691587597131729]
Edge: 278, Vertices: [0.028011752292513847, -0.1108393669128418, -0.06978168338537216], [0.02907055988907814, -0.11115112900733948, -0.0688464492559433]
Edge: 279, Vertices: [0.02907055988907814, -0.11115112900733948, -0.0688464492559433], [0.030082067474722862, -0.11148438602685928, -0.06786604970693588]
Edge: 280, Vertices: [0.021824205294251442, -0.11796018481254578, -0.05329839885234833], [0.02176324836909771, -0.11789859086275101, -0.053459372371435165]
Edge: 281, Vertices: [0.02176324836909771, -0.11789859086275101, -0.053459372371435165], [0.021586274728178978, -0.1177326962351799, -0.05389495939016342]
Edge: 282, Vertices: [0.00026705313939601183, -0.11622628569602966, -0.06101638823747635], [-0.0002849889569915831, -0.11638961732387543, -0.06070418655872345]
Edge: 283, Vertices: [0.0002802971575874835, -0.11622253060340881, -0.061023492366075516], [0.00026705313939601183, -0.11622628569602966, -0.06101638823747635]
Edge: 284, Vertices: [-0.014278103597462177, -0.12966813147068024, -0.030361363664269447], [-0.015239196829497814, -0.12931540608406067, -0.03138144314289093]
Edge: 285, Vertices: [-0.003483612323179841, -0.1247611716389656, -0.040671076625585556], [-0.003358157118782401, -0.12481077760457993, -0.04052918404340744]
Edge: 286, Vertices: [-0.003358157118782401, -0.12481077760457993, -0.04052918404340744], [-0.003008359344676137, -0.12494143843650818, -0.04015231877565384]
Edge: 287, Vertices: [0.012131256982684135, -0.10896293073892593, -0.07693775743246078], [0.013556205667555332, -0.10897202789783478, -0.0766865685582161]
Edge: 288, Vertices: [0.010721685364842415, -0.11494087427854538, -0.06249210238456726], [0.010505229234695435, -0.11493764072656631, -0.06253480166196823]
Edge: 289, Vertices: [0.01081431470811367, -0.12587349116802216, -0.03564462065696716], [0.01132203172892332, -0.1258026659488678, -0.035736896097660065]
Edge: 290, Vertices: [0.015008308924734592, -0.13133667409420013, -0.021562345325946808], [0.013596029952168465, -0.131531223654747, -0.021311702206730843]
Edge: 291, Vertices: [0.006399235688149929, -0.11510833352804184, -0.06277534365653992], [0.006226946134120226, -0.11512501537799835, -0.0627620741724968]
Edge: 292, Vertices: [0.006528034806251526, -0.11509636789560318, -0.06278402358293533], [0.006399235688149929, -0.11510833352804184, -0.06277534365653992]
Edge: 293, Vertices: [0.018547259271144867, -0.11611872166395187, -0.05834434926509857], [0.018287330865859985, -0.116033174097538, -0.05859606713056564]
Edge: 294, Vertices: [0.018287330865859985, -0.116033174097538, -0.05859606713056564], [0.018073979765176773, -0.11596659570932388, -0.05879374220967293]
Edge: 295, Vertices: [-0.005097544752061367, -0.12394474446773529, -0.0429341122508049], [-0.005047328770160675, -0.12397687137126923, -0.042847197502851486]
Edge: 296, Vertices: [-0.018542643636465073, -0.1277155578136444, -0.03583860769867897], [-0.01922239363193512, -0.12727399170398712, -0.03703157976269722]
Edge: 297, Vertices: [-0.005352831445634365, -0.12377148866653442, -0.04340033978223801], [-0.005097544752061367, -0.12394474446773529, -0.0429341122508049]
Edge: 298, Vertices: [0.013578801415860653, -0.1253976821899414, -0.036368418484926224], [0.014132127165794373, -0.12527413666248322, -0.03658274933695793]
Edge: 299, Vertices: [-0.004714843817055225, -0.12417586147785187, -0.04230540245771408], [-0.004556759726256132, -0.12426310032606125, -0.04206589609384537]
Edge: 300, Vertices: [-0.004556759726256132, -0.12426310032606125, -0.04206589609384537], [-0.004348483867943287, -0.12437177449464798, -0.041765712201595306]
Edge: 301, Vertices: [-0.01700190268456936, -0.1285521239042282, -0.033537935465574265], [-0.017801769077777863, -0.1281421035528183, -0.03467271849513054]
Edge: 302, Vertices: [-0.006540152709931135, -0.12253835052251816, -0.046617623418569565], [-0.006476220674812794, -0.12264347076416016, -0.04634935408830643]
Edge: 303, Vertices: [-0.006476220674812794, -0.12264347076416016, -0.04634935408830643], [-0.006407450418919325, -0.12274645268917084, -0.04608553647994995]
Edge: 304, Vertices: [-0.002051170449703932, -0.1319814920425415, -0.022719716653227806], [-0.002321940381079912, -0.1319607049226761, -0.02281423844397068]
Edge: 305, Vertices: [0.002964362967759371, -0.12610463798046112, -0.03633808717131615], [0.0031129808630794287, -0.1261158585548401, -0.036286670714616776]
Edge: 306, Vertices: [0.002830805256962776, -0.12609396874904633, -0.03638571500778198], [0.002964362967759371, -0.12610463798046112, -0.03633808717131615]
Edge: 307, Vertices: [0.003564844373613596, -0.11548396199941635, -0.0623086616396904], [0.0029681131709367037, -0.11559195071458817, -0.06213946267962456]
Edge: 308, Vertices: [-0.002091671572998166, -0.11028636991977692, -0.07597395032644272], [-0.0007205801084637642, -0.1100427508354187, -0.07635167241096497]
Edge: 309, Vertices: [0.0035984660498797894, -0.11547818779945374, -0.06231742352247238], [0.003564844373613596, -0.11548396199941635, -0.0623086616396904]
Edge: 310, Vertices: [0.0029681131709367037, -0.11559195071458817, -0.06213946267962456], [0.0028772198129445314, -0.11560934036970139, -0.06211137771606445]
Edge: 311, Vertices: [-0.0034439086448401213, -0.11055382341146469, -0.07553471624851227], [-0.002091671572998166, -0.11028636991977692, -0.07597395032644272]
Edge: 312, Vertices: [0.022641167044639587, -0.11976131796836853, -0.048746563494205475], [0.022641170769929886, -0.11972644925117493, -0.04883212596178055]
Edge: 313, Vertices: [0.038268208503723145, -0.1189599260687828, -0.04820355027914047], [0.03822220116853714, -0.11950815469026566, -0.04686539247632027]
Edge: 314, Vertices: [0.022637275978922844, -0.11987323313951492, -0.04847250133752823], [0.022641167044639587, -0.11976131796836853, -0.048746563494205475]
Edge: 315, Vertices: [0.022625625133514404, -0.12000130116939545, -0.04816005378961563], [0.022637275978922844, -0.11987323313951492, -0.04847250133752823]
Edge: 316, Vertices: [0.008511428721249104, -0.11496619880199432, -0.06278494745492935], [0.007848871871829033, -0.11499844491481781, -0.06281223148107529]
Edge: 317, Vertices: [0.006374045740813017, -0.10918790102005005, -0.07731028646230698], [0.00781810563057661, -0.1090926006436348, -0.07731225341558456]
Edge: 318, Vertices: [0.0022149730939418077, -0.12603753805160522, -0.03662312775850296], [0.0022889242973178625, -0.12604495882987976, -0.03659304603934288]
Edge: 319, Vertices: [0.0016252705827355385, -0.1259719282388687, -0.03687887638807297], [0.0022149730939418077, -0.12603753805160522, -0.03662312775850296]
Edge: 320, Vertices: [0.03339286521077156, -0.1253809630870819, -0.033227045089006424], [0.03257904201745987, -0.12587794661521912, -0.03213796019554138]
Edge: 321, Vertices: [0.019533488899469376, -0.12334231287240982, -0.040456630289554596], [0.019765837118029594, -0.1232132539153099, -0.040736060589551926]
Edge: 322, Vertices: [0.019765837118029594, -0.1232132539153099, -0.040736060589551926], [0.01992889493703842, -0.12311878055334091, -0.0409417524933815]
Edge: 323, Vertices: [0.03257904201745987, -0.12587794661521912, -0.03213796019554138], [0.0317109078168869, -0.1263621747493744, -0.031088937073946]
Edge: 324, Vertices: [0.01636279933154583, -0.10906867682933807, -0.07599858194589615], [0.017734169960021973, -0.10915563255548477, -0.0755648985505104]
Edge: 325, Vertices: [0.012816107831895351, -0.11503970623016357, -0.061913151293992996], [0.012735448777675629, -0.11503352969884872, -0.06194126233458519]
Edge: 326, Vertices: [0.017734169960021973, -0.10915563255548477, -0.0755648985505104], [0.018134767189621925, -0.10918620228767395, -0.07542552798986435]
Edge: 327, Vertices: [0.024252790957689285, -0.12932941317558289, -0.025004111230373383], [0.023018445819616318, -0.12968158721923828, -0.0243380144238472]
Edge: 328, Vertices: [0.010008860379457474, -0.11493498086929321, -0.06262106448411942], [0.009840069338679314, -0.11493556946516037, -0.06264671683311462]
Edge: 329, Vertices: [0.010505229234695435, -0.11493764072656631, -0.06253480166196823], [0.010008860379457474, -0.11493498086929321, -0.06262106448411942]
Edge: 330, Vertices: [0.015434055589139462, -0.11535703390836716, -0.06071382761001587], [0.01516604796051979, -0.11531322449445724, -0.0608644001185894]
Edge: 331, Vertices: [0.01574985682964325, -0.1154124066233635, -0.060527198016643524], [0.015434055589139462, -0.11535703390836716, -0.06071382761001587]
Edge: 332, Vertices: [0.021920200437307358, -0.11806277185678482, -0.053031209856271744], [0.021824205294251442, -0.11796018481254578, -0.05329839885234833]
Edge: 333, Vertices: [0.02199283428490162, -0.11814563721418381, -0.05281616002321243], [0.021920200437307358, -0.11806277185678482, -0.053031209856271744]
Edge: 334, Vertices: [0.03799528628587723, -0.11734403669834137, -0.05221336707472801], [0.03815440833568573, -0.11787611246109009, -0.050881899893283844]
Edge: 335, Vertices: [0.022508809342980385, -0.11900633573532104, -0.05062080919742584], [0.02247467264533043, -0.11891816556453705, -0.050842706114053726]
Edge: 336, Vertices: [0.022565698251128197, -0.11918491870164871, -0.05017336457967758], [0.022508809342980385, -0.11900633573532104, -0.05062080919742584]
Edge: 337, Vertices: [0.037767913192510605, -0.11681780964136124, -0.053541429340839386], [0.03799528628587723, -0.11734403669834137, -0.05221336707472801]
Edge: 338, Vertices: [0.012903250753879547, -0.1255350112915039, -0.03613986074924469], [0.013515759259462357, -0.12541110813617706, -0.036345578730106354]
Edge: 339, Vertices: [0.020457472652196884, -0.13032184541225433, -0.02317790873348713], [0.019128093495965004, -0.13061049580574036, -0.022682983428239822]
Edge: 340, Vertices: [0.013515759259462357, -0.12541110813617706, -0.036345578730106354], [0.013578801415860653, -0.1253976821899414, -0.036368418484926224]
Edge: 341, Vertices: [0.022641170769929886, -0.11972644925117493, -0.04883212596178055], [0.022627640515565872, -0.11950507760047913, -0.04937763139605522]
Edge: 342, Vertices: [0.03824558109045029, -0.11841509491205215, -0.049544401466846466], [0.038268208503723145, -0.1189599260687828, -0.04820355027914047]
Edge: 343, Vertices: [-0.008767656981945038, -0.13111037015914917, -0.025936536490917206], [-0.009956657886505127, -0.13086682558059692, -0.02672523260116577]
Edge: 344, Vertices: [-0.0008596715051680803, -0.12555237114429474, -0.038307733833789825], [-0.0006910349475219846, -0.12558919191360474, -0.038190290331840515]
Edge: 345, Vertices: [-0.005420181434601545, -0.11891580373048782, -0.05532878264784813], [-0.005464203655719757, -0.11895342916250229, -0.055243510752916336]
Edge: 346, Vertices: [-0.020309574902057648, -0.11788389086723328, -0.06025291979312897], [-0.019740408286452293, -0.11734993755817413, -0.06147202104330063]
Edge: 347, Vertices: [-0.005464203655719757, -0.11895342916250229, -0.055243510752916336], [-0.005699109751731157, -0.11916591227054596, -0.05475972220301628]
Edge: 348, Vertices: [0.022187648341059685, -0.12114183604717255, -0.04543110355734825], [0.02221030555665493, -0.12110637128353119, -0.04551450535655022]
Edge: 349, Vertices: [0.012735448777675629, -0.11503352969884872, -0.06194126233458519], [0.01212878804653883, -0.1149933710694313, -0.06213727220892906]
Edge: 350, Vertices: [0.013968754559755325, -0.11515040695667267, -0.06145631894469261], [0.013491545803844929, -0.11509938538074493, -0.06165819242596626]
Edge: 351, Vertices: [0.013491545803844929, -0.11509938538074493, -0.06165819242596626], [0.013356504961848259, -0.11508629471063614, -0.061712004244327545]
Edge: 352, Vertices: [0.01771119423210621, -0.12418153136968613, -0.03868956118822098], [0.017830628901720047, -0.12413409352302551, -0.03878679871559143]
Edge: 353, Vertices: [0.017830628901720047, -0.12413409352302551, -0.03878679871559143], [0.018203744664788246, -0.12397996336221695, -0.03910517692565918]
Edge: 354, Vertices: [0.022337591275572777, -0.12088688462972641, -0.046032752841711044], [0.022366948425769806, -0.12083002179861069, -0.04616761952638626]
Edge: 355, Vertices: [0.03792592138051987, -0.12060815840959549, -0.04421316459774971], [0.03767535090446472, -0.12116005271673203, -0.04289885610342026]
Edge: 356, Vertices: [0.02221030555665493, -0.12110637128353119, -0.04551450535655022], [0.022337591275572777, -0.12088688462972641, -0.046032752841711044]
Edge: 357, Vertices: [0.03767535090446472, -0.12116005271673203, -0.04289885610342026], [0.03735751286149025, -0.12171053141355515, -0.04159882664680481]
Edge: 358, Vertices: [0.002122407080605626, -0.1321706473827362, -0.02158511057496071], [0.0007109217112883925, -0.13213343918323517, -0.02190314419567585]
Edge: 359, Vertices: [0.004413381218910217, -0.12618625164031982, -0.03590504825115204], [0.00505878496915102, -0.12620346248149872, -0.03575913608074188]
Edge: 360, Vertices: [0.00505878496915102, -0.12620346248149872, -0.03575913608074188], [0.005067050457000732, -0.12620361149311066, -0.03575744852423668]
Edge: 361, Vertices: [0.0035466840490698814, -0.13218162953853607, -0.021329399198293686], [0.002122407080605626, -0.1321706473827362, -0.02158511057496071]
Edge: 362, Vertices: [0.02262119948863983, -0.11945433914661407, -0.04950319975614548], [0.022583255544304848, -0.1192535012960434, -0.05000222474336624]
Edge: 363, Vertices: [0.03815440833568573, -0.11787611246109009, -0.050881899893283844], [0.03824558109045029, -0.11841509491205215, -0.049544401466846466]
Edge: 364, Vertices: [0.022627640515565872, -0.11950507760047913, -0.04937763139605522], [0.02262119948863983, -0.11945433914661407, -0.04950319975614548]
Edge: 365, Vertices: [-0.003032252425327897, -0.1174374371767044, -0.05857369676232338], [-0.0030706296674907207, -0.11745563894510269, -0.05853519216179848]
Edge: 366, Vertices: [-0.0030706296674907207, -0.11745563894510269, -0.05853519216179848], [-0.0034734976943582296, -0.11765464395284653, -0.05811147019267082]
Edge: 367, Vertices: [0.010740973986685276, -0.131845161318779, -0.0209997296333313], [0.009302943013608456, -0.13196413218975067, -0.020938685163855553]
Edge: 368, Vertices: [0.008660274557769299, -0.12609745562076569, -0.03544089198112488], [0.00868211966007948, -0.12609578669071198, -0.03544146940112114]
Edge: 369, Vertices: [0.00868211966007948, -0.12609578669071198, -0.03544146940112114], [0.009353949688374996, -0.1260385811328888, -0.03547397255897522]
Edge: 370, Vertices: [0.001015918212942779, -0.1258915364742279, -0.03717407211661339], [0.0016097407788038254, -0.1259700506925583, -0.03688599914312363]
Edge: 371, Vertices: [0.0009767048759385943, -0.12588590383529663, -0.03719419613480568], [0.001015918212942779, -0.1258915364742279, -0.03717407211661339]
Edge: 372, Vertices: [-0.0049929204396903515, -0.13169506192207336, -0.023895196616649628], [-0.00628344900906086, -0.13152480125427246, -0.024520371109247208]
Edge: 373, Vertices: [0.007843012921512127, -0.11499878019094467, -0.06281235069036484], [0.007188031449913979, -0.1150418072938919, -0.062811940908432]
Edge: 374, Vertices: [0.007848871871829033, -0.11499844491481781, -0.06281223148107529], [0.007843012921512127, -0.11499878019094467, -0.06281235069036484]
Edge: 375, Vertices: [0.017213059589266777, -0.11572772264480591, -0.059518296271562576], [0.017072157934308052, -0.11569274216890335, -0.05962677672505379]
Edge: 376, Vertices: [0.017582451924681664, -0.11582469940185547, -0.059220943599939346], [0.017213059589266777, -0.11572772264480591, -0.059518296271562576]
Edge: 377, Vertices: [-0.0075413938611745834, -0.1313299983739853, -0.025200527161359787], [-0.008767656981945038, -0.13111037015914917, -0.025936536490917206]
Edge: 378, Vertices: [-0.00013442970521282405, -0.12570132315158844, -0.037825681269168854], [0.00034641436650417745, -0.12578730285167694, -0.03753741458058357]
Edge: 379, Vertices: [0.00648954464122653, -0.12620165944099426, -0.03553377091884613], [0.007043029647320509, -0.1261865645647049, -0.03548191115260124]
Edge: 380, Vertices: [0.0063812281005084515, -0.12620368599891663, -0.0355461947619915], [0.00648954464122653, -0.12620165944099426, -0.03553377091884613]
Edge: 381, Vertices: [0.006414610892534256, -0.13212506473064423, -0.021007617935538292], [0.004977306351065636, -0.13216638565063477, -0.02113703452050686]
Edge: 382, Vertices: [-0.0002656815922819078, -0.12567614018917084, -0.03790857642889023], [-0.00013442970521282405, -0.12570132315158844, -0.037825681269168854]
Edge: 383, Vertices: [-0.0006910349475219846, -0.12558919191360474, -0.038190290331840515], [-0.0002656815922819078, -0.12567614018917084, -0.03790857642889023]
Edge: 384, Vertices: [-0.005982778035104275, -0.12324575334787369, -0.04479186609387398], [-0.005883416160941124, -0.12334107607603073, -0.04454196244478226]
Edge: 385, Vertices: [-0.005883416160941124, -0.12334107607603073, -0.04454196244478226], [-0.005719780456274748, -0.12348636239767075, -0.04415908828377724]
Edge: 386, Vertices: [-0.003930302802473307, -0.1245713010430336, -0.04120884835720062], [-0.0037792108487337828, -0.12463798373937607, -0.04102091118693352]
Edge: 387, Vertices: [-0.0041788010857999325, -0.12445554882287979, -0.041532840579748154], [-0.003930302802473307, -0.1245713010430336, -0.04120884835720062]
Edge: 388, Vertices: [0.011519347317516804, -0.12577320635318756, -0.0357775054872036], [0.011962187476456165, -0.12570306658744812, -0.03587852418422699]
Edge: 389, Vertices: [0.01132203172892332, -0.1258026659488678, -0.035736896097660065], [0.011519347317516804, -0.12577320635318756, -0.0357775054872036]
Edge: 390, Vertices: [0.016401926055550575, -0.13111816346645355, -0.021874811500310898], [0.015008308924734592, -0.13133667409420013, -0.021562345325946808]
Edge: 391, Vertices: [0.0004344261542428285, -0.12580201029777527, -0.03748719021677971], [0.0009767048759385943, -0.12588590383529663, -0.03719419613480568]
Edge: 392, Vertices: [0.00034641436650417745, -0.12578730285167694, -0.03753741458058357], [0.0004344261542428285, -0.12580201029777527, -0.03748719021677971]
Edge: 393, Vertices: [-0.00628344900906086, -0.13152480125427246, -0.024520371109247208], [-0.0075413938611745834, -0.1313299983739853, -0.025200527161359787]
Edge: 394, Vertices: [0.00781810563057661, -0.1090926006436348, -0.07731225341558456], [0.009262381121516228, -0.10902325063943863, -0.07725049555301666]
Edge: 395, Vertices: [0.009262381121516228, -0.10902325063943863, -0.07725049555301666], [0.010700381360948086, -0.10898004472255707, -0.07712557166814804]
Edge: 396, Vertices: [0.009175379760563374, -0.1149451807141304, -0.06272990256547928], [0.008567784912884235, -0.11496397852897644, -0.06278134882450104]
Edge: 397, Vertices: [0.008567784912884235, -0.11496397852897644, -0.06278134882450104], [0.008511428721249104, -0.11496619880199432, -0.06278494745492935]
Edge: 398, Vertices: [0.014968820847570896, -0.10900736600160599, -0.07637295871973038], [0.01636279933154583, -0.10906867682933807, -0.07599858194589615]
Edge: 399, Vertices: [0.012104510329663754, -0.11499198526144028, -0.06214455887675285], [0.011463298462331295, -0.114961639046669, -0.06232202425599098]
Edge: 400, Vertices: [0.01212878804653883, -0.1149933710694313, -0.06213727220892906], [0.012104510329663754, -0.11499198526144028, -0.06214455887675285]
Edge: 401, Vertices: [-0.006785228382796049, -0.12195942550897598, -0.04807787761092186], [-0.006756581366062164, -0.12205569446086884, -0.04783698916435242]
Edge: 402, Vertices: [-0.022204987704753876, -0.12382698804140091, -0.045970816165208817], [-0.02236754633486271, -0.12329519540071487, -0.04730212688446045]
Edge: 403, Vertices: [-0.006756581366062164, -0.12205569446086884, -0.04783698916435242], [-0.006694202311336994, -0.12222617864608765, -0.04740853235125542]
Edge: 404, Vertices: [0.015878621488809586, -0.12481146305799484, -0.03743782266974449], [0.016124680638313293, -0.12473642081022263, -0.03758246451616287]
Edge: 405, Vertices: [0.015513417311012745, -0.12491805851459503, -0.03723485395312309], [0.015878621488809586, -0.12481146305799484, -0.03743782266974449]
Edge: 406, Vertices: [0.025451457127928734, -0.1289571076631546, -0.025725383311510086], [0.024252790957689285, -0.12932941317558289, -0.025004111230373383]
Edge: 407, Vertices: [-0.021675746887922287, -0.12487053126096725, -0.043324582278728485], [-0.02197418361902237, -0.12435285747051239, -0.044643063098192215]
Edge: 408, Vertices: [-0.006663046311587095, -0.12229876965284348, -0.04722537100315094], [-0.006568052340298891, -0.12248896062374115, -0.046743325889110565]
Edge: 409, Vertices: [-0.006694202311336994, -0.12222617864608765, -0.04740853235125542], [-0.006663046311587095, -0.12229876965284348, -0.04722537100315094]
Edge: 410, Vertices: [-0.02197418361902237, -0.12435285747051239, -0.044643063098192215], [-0.022204987704753876, -0.12382698804140091, -0.045970816165208817]
Edge: 411, Vertices: [0.09996611624956131, 0.31233108043670654, -0.40419742465019226], [0.15877053141593933, 0.30775636434555054, -0.38352465629577637]
Edge: 412, Vertices: [0.3939881920814514, 0.2894575595855713, -0.3008336126804352], [0.45279258489608765, 0.28488287329673767, -0.2801608443260193]
Edge: 413, Vertices: [-0.07644712179899216, 0.3260551691055298, -0.46621569991111755], [-0.017642706632614136, 0.32148048281669617, -0.44554296135902405]
Edge: 414, Vertices: [0.15877053141593933, 0.30775636434555054, -0.38352465629577637], [0.21757493913173676, 0.3031816780567169, -0.3628518879413605]
Edge: 415, Vertices: [0.21757493913173676, 0.3031816780567169, -0.3628518879413605], [0.2763793468475342, 0.2986069619655609, -0.3421791195869446]
Edge: 416, Vertices: [-0.31166478991508484, 0.34435397386550903, -0.5489067435264587], [-0.2528603672981262, 0.3397792875766754, -0.5282340049743652]
Edge: 417, Vertices: [-0.2528603672981262, 0.3397792875766754, -0.5282340049743652], [-0.1940559446811676, 0.3352045714855194, -0.507561206817627]
Edge: 418, Vertices: [0.45279258489608765, 0.28488287329673767, -0.2801608443260193], [0.5115969777107239, 0.28030815720558167, -0.2594880759716034]
Edge: 419, Vertices: [0.5115969777107239, 0.28030815720558167, -0.2594880759716034], [0.5704014301300049, 0.27573347091674805, -0.2388153225183487]
Edge: 420, Vertices: [-0.017642706632614136, 0.32148048281669617, -0.44554296135902405], [0.04116170108318329, 0.31690576672554016, -0.42487019300460815]
Edge: 421, Vertices: [0.04116170108318329, 0.31690576672554016, -0.42487019300460815], [0.09996611624956131, 0.31233108043670654, -0.40419742465019226]
Edge: 422, Vertices: [0.2763793468475342, 0.2986069619655609, -0.3421791195869446], [0.3351837694644928, 0.2940322756767273, -0.3215063810348511]
Edge: 423, Vertices: [0.3351837694644928, 0.2940322756767273, -0.3215063810348511], [0.3939881920814514, 0.2894575595855713, -0.3008336126804352]
Edge: 424, Vertices: [-0.1940559446811676, 0.3352045714855194, -0.507561206817627], [-0.13525152206420898, 0.3306298851966858, -0.48688846826553345]
Edge: 425, Vertices: [-0.13525152206420898, 0.3306298851966858, -0.48688846826553345], [-0.07644712179899216, 0.3260551691055298, -0.46621569991111755]
Edge: 426, Vertices: [0.5704014301300049, 0.27573347091674805, -0.2388153225183487], [0.6292058229446411, 0.27115875482559204, -0.2181425541639328]
Edge: 427, Vertices: [-0.4783255457878113, 0.15716977417469025, -0.116256482899189], [-0.4574929475784302, 0.18056780099868774, -0.1703377664089203]
Edge: 428, Vertices: [0.4833776652812958, 0.10737258940935135, 0.16042643785476685], [0.4625450670719147, 0.08397456258535385, 0.21450772881507874]
Edge: 429, Vertices: [-0.5824885368347168, 0.04017965868115425, 0.15414993464946747], [-0.5616559386253357, 0.06357768177986145, 0.10006865859031677]
Edge: 430, Vertices: [0.37921467423439026, -0.009617537260055542, 0.4308328628540039], [0.35838210582733154, -0.03301555663347244, 0.4849141240119934]
Edge: 431, Vertices: [-0.41582775115966797, 0.22736385464668274, -0.27850034832954407], [-0.39499515295028687, 0.25076189637184143, -0.33258160948753357]
Edge: 432, Vertices: [0.5458754301071167, 0.17756666243076324, -0.0018174174474552274], [0.5250428318977356, 0.15416863560676575, 0.05226387083530426]
Edge: 433, Vertices: [-0.4991581439971924, 0.13377176225185394, -0.062175195664167404], [-0.4783255457878113, 0.15716977417469025, -0.116256482899189]
Edge: 434, Vertices: [-0.5199907422065735, 0.11037372797727585, -0.008093912154436111], [-0.4991581439971924, 0.13377176225185394, -0.062175195664167404]
Edge: 435, Vertices: [0.4625450670719147, 0.08397456258535385, 0.21450772881507874], [0.44171246886253357, 0.06057653948664665, 0.2685890197753906]
Edge: 436, Vertices: [0.44171246886253357, 0.06057653948664665, 0.2685890197753906], [0.42087987065315247, 0.037178512662649155, 0.3226702809333801]
Edge: 437, Vertices: [-0.33249735832214355, 0.32095596194267273, -0.49482548236846924], [-0.31166478991508484, 0.34435397386550903, -0.5489067435264587]
Edge: 438, Vertices: [-0.35332995653152466, 0.29755792021751404, -0.44074419140815735], [-0.33249735832214355, 0.32095596194267273, -0.49482548236846924]
Edge: 439, Vertices: [0.6292058229446411, 0.27115875482559204, -0.2181425541639328], [0.60837322473526, 0.24776074290275574, -0.1640612632036209]
Edge: 440, Vertices: [0.60837322473526, 0.24776074290275574, -0.1640612632036209], [0.5875406265258789, 0.22436271607875824, -0.10997997969388962]
Edge: 441, Vertices: [-0.6033211350440979, 0.016781631857156754, 0.20823122560977936], [-0.5824885368347168, 0.04017965868115425, 0.15414993464946747]
Edge: 442, Vertices: [-0.624153733253479, -0.006616394501179457, 0.26231250166893005], [-0.6033211350440979, 0.016781631857156754, 0.20823122560977936]
Edge: 443, Vertices: [0.35838210582733154, -0.03301555663347244, 0.4849141240119934], [0.33754950761795044, -0.05641358345746994, 0.5389954447746277]
Edge: 444, Vertices: [0.33754950761795044, -0.05641358345746994, 0.5389954447746277], [0.31671690940856934, -0.07981161028146744, 0.5930767059326172]
Edge: 445, Vertices: [-0.4366603493690491, 0.20396582782268524, -0.22441905736923218], [-0.41582775115966797, 0.22736385464668274, -0.27850034832954407]
Edge: 446, Vertices: [-0.4574929475784302, 0.18056780099868774, -0.1703377664089203], [-0.4366603493690491, 0.20396582782268524, -0.22441905736923218]
Edge: 447, Vertices: [0.5250428318977356, 0.15416863560676575, 0.05226387083530426], [0.5042102336883545, 0.13077060878276825, 0.10634515434503555]
Edge: 448, Vertices: [0.5042102336883545, 0.13077060878276825, 0.10634515434503555], [0.4833776652812958, 0.10737258940935135, 0.16042643785476685]
Edge: 449, Vertices: [-0.5408233404159546, 0.08697570860385895, 0.04598736763000488], [-0.5199907422065735, 0.11037372797727585, -0.008093912154436111]
Edge: 450, Vertices: [-0.5616559386253357, 0.06357768177986145, 0.10006865859031677], [-0.5408233404159546, 0.08697570860385895, 0.04598736763000488]
Edge: 451, Vertices: [0.42087987065315247, 0.037178512662649155, 0.3226702809333801], [0.40004727244377136, 0.013780489563941956, 0.376751571893692]
Edge: 452, Vertices: [0.40004727244377136, 0.013780489563941956, 0.376751571893692], [0.37921467423439026, -0.009617537260055542, 0.4308328628540039]
Edge: 453, Vertices: [-0.37416255474090576, 0.27415990829467773, -0.38666290044784546], [-0.35332995653152466, 0.29755792021751404, -0.44074419140815735]
Edge: 454, Vertices: [-0.39499515295028687, 0.25076189637184143, -0.33258160948753357], [-0.37416255474090576, 0.27415990829467773, -0.38666290044784546]
Edge: 455, Vertices: [0.5875406265258789, 0.22436271607875824, -0.10997997969388962], [0.5667080283164978, 0.20096468925476074, -0.05589869245886803]
Edge: 456, Vertices: [0.5667080283164978, 0.20096468925476074, -0.05589869245886803], [0.5458754301071167, 0.17756666243076324, -0.0018174174474552274]
Edge: 457, Vertices: [-0.6449863314628601, -0.03001442179083824, 0.31639379262924194], [-0.624153733253479, -0.006616394501179457, 0.26231250166893005]
Edge: 458, Vertices: [-0.17455099523067474, -0.06661202758550644, 0.4817759096622467], [-0.23335541784763336, -0.062037330120801926, 0.4611031413078308]
Edge: 459, Vertices: [0.11947105824947357, -0.0894855335354805, 0.5851396918296814], [0.060666654258966446, -0.08491083234548569, 0.5644669532775879]
Edge: 460, Vertices: [-0.3509642481803894, -0.0528879277408123, 0.419757604598999], [-0.40976864099502563, -0.04831322655081749, 0.39908483624458313]
Edge: 461, Vertices: [-0.11574658751487732, -0.07118672877550125, 0.5024486780166626], [-0.17455099523067474, -0.06661202758550644, 0.4817759096622467]
Edge: 462, Vertices: [-0.0569421723484993, -0.07576142996549606, 0.5231214165687561], [-0.11574658751487732, -0.07118672877550125, 0.5024486780166626]
Edge: 463, Vertices: [-0.5861818790435791, -0.034589122980833054, 0.33706656098365784], [-0.6449863314628601, -0.03001442179083824, 0.31639379262924194]
Edge: 464, Vertices: [-0.5273774862289429, -0.039163824170827866, 0.35773932933807373], [-0.5861818790435791, -0.034589122980833054, 0.33706656098365784]
Edge: 465, Vertices: [0.178275465965271, -0.09406023472547531, 0.6058124899864197], [0.11947105824947357, -0.0894855335354805, 0.5851396918296814]
Edge: 466, Vertices: [0.23707988858222961, -0.09863493591547012, 0.6264852285385132], [0.178275465965271, -0.09406023472547531, 0.6058124899864197]
Edge: 467, Vertices: [-0.2921598255634308, -0.057462628930807114, 0.4404303729534149], [-0.3509642481803894, -0.0528879277408123, 0.419757604598999]
Edge: 468, Vertices: [-0.23335541784763336, -0.062037330120801926, 0.4611031413078308], [-0.2921598255634308, -0.057462628930807114, 0.4404303729534149]
Edge: 469, Vertices: [0.0018622365314513445, -0.08033613115549088, 0.5437942147254944], [-0.0569421723484993, -0.07576142996549606, 0.5231214165687561]
Edge: 470, Vertices: [0.060666654258966446, -0.08491083234548569, 0.5644669532775879], [0.0018622365314513445, -0.08033613115549088, 0.5437942147254944]
Edge: 471, Vertices: [-0.46857306361198425, -0.04373852536082268, 0.3784120976924896], [-0.5273774862289429, -0.039163824170827866, 0.35773932933807373]
Edge: 472, Vertices: [-0.40976864099502563, -0.04831322655081749, 0.39908483624458313], [-0.46857306361198425, -0.04373852536082268, 0.3784120976924896]
Edge: 473, Vertices: [0.31671690940856934, -0.07981161028146744, 0.5930767059326172], [0.29588431119918823, -0.10320963710546494, 0.6471580266952515]
Edge: 474, Vertices: [0.29588431119918823, -0.10320963710546494, 0.6471580266952515], [0.23707988858222961, -0.09863493591547012, 0.6264852285385132]
Edge: 475, Vertices: [0.196762353181839, 0.10972759872674942, -0.058890391141176224], [0.24644522368907928, 0.13002611696720123, -0.07653051614761353]
Edge: 476, Vertices: [0.17187775671482086, 0.0995607003569603, -0.050055015832185745], [0.196762353181839, 0.10972759872674942, -0.058890391141176224]
Edge: 477, Vertices: [0.24644522368907928, 0.13002611696720123, -0.07653051614761353], [0.19676224887371063, 0.10972754657268524, -0.058890361338853836]
Edge: 478, Vertices: [0.19676224887371063, 0.10972754657268524, -0.058890361338853836], [0.17187775671482086, 0.0995607003569603, -0.050055015832185745]
Edge: 479, Vertices: [-0.09983819723129272, 0.13280008733272552, -0.16315673291683197], [-0.12434086948633194, 0.15887035429477692, -0.20687803626060486]
Edge: 480, Vertices: [-0.087565578520298, 0.11974229663610458, -0.1412580907344818], [-0.09983819723129272, 0.13280008733272552, -0.16315673291683197]
Edge: 481, Vertices: [-0.12434086948633194, 0.15887035429477692, -0.20687803626060486], [-0.09983814507722855, 0.13280002772808075, -0.1631566435098648]
Edge: 482, Vertices: [-0.09983814507722855, 0.13280002772808075, -0.1631566435098648], [-0.087565578520298, 0.11974229663610458, -0.1412580907344818]
