Vertices:
-0.008240 0.059457 -0.001012
-0.066181 -0.184647 -0.028802
-0.083012 -0.086113 -0.031584
0.067646 -0.160451 0.018538
0.050814 -0.061917 0.015755
-0.038851 -0.032130 -0.184017
-0.005189 -0.229198 -0.178452
0.094975 -0.007934 -0.136677
0.128637 -0.205002 -0.131113
0.174481 -0.160873 -0.283267
0.154284 -0.042632 -0.286606
0.230242 -0.150791 -0.263542
0.210045 -0.032550 -0.266881
0.018393 0.102974 -0.039142
-0.035824 -0.179735 0.320898
-0.056022 -0.061494 0.317559
0.019937 -0.169654 0.340623
-0.000261 -0.051413 0.337284
-0.144004 -0.041561 0.118066
-0.110342 -0.238630 0.123631
-0.010178 -0.017365 0.165405
0.023485 -0.214433 0.170970
-0.061069 -0.181172 -0.045029
-0.076885 -0.088580 -0.047644
0.072757 -0.156976 0.002310
0.056941 -0.064384 -0.000305
-0.017904 0.096411 -0.051981
0.026054 0.113783 -0.027948
0.015453 0.175844 -0.029701
-0.033693 0.102981 -0.049083
-0.044294 0.165042 -0.050835
-0.091945 -0.130716 0.016468
-0.089853 -0.142968 0.016814
0.041881 -0.106520 0.063807
0.043974 -0.118772 0.064153
-0.056136 -0.156545 -0.071561
-0.063815 -0.111592 -0.072830
0.077690 -0.132348 -0.024221
0.070011 -0.087396 -0.025491
0.036870 0.067724 0.018907
0.003208 0.264793 0.013342
-0.055805 0.050968 -0.013876
-0.089467 0.248037 -0.019441
0.041041 0.067890 -0.000463
0.007379 0.264958 -0.006028
-0.047055 0.051962 -0.031626
-0.080717 0.249030 -0.037191
-0.086806 -0.088000 -0.019894
-0.070495 -0.183487 -0.017198
0.047020 -0.063804 0.027445
0.063331 -0.159291 0.030142
0.028883 0.126839 -0.016903
0.022349 0.165092 -0.017983
-0.046577 0.113196 -0.043596
-0.053111 0.151449 -0.044676
-0.059348 -0.177943 -0.051545
-0.074129 -0.091408 -0.053989
0.074478 -0.153746 -0.004206
0.059697 -0.067212 -0.006649
-0.056228 -0.152007 -0.073623
-0.062377 -0.116009 -0.074639
0.077599 -0.127811 -0.026283
0.071450 -0.091813 -0.027300
0.183281 -0.151277 -0.313046
0.166046 -0.050383 -0.315895
0.239042 -0.141196 -0.293321
0.221807 -0.040302 -0.296170
0.039080 0.067138 -0.015219
0.005418 0.264206 -0.020784
-0.036378 0.053495 -0.041911
-0.070040 0.250564 -0.047476
-0.061060 -0.120618 -0.076006
-0.056501 -0.147305 -0.075253
0.072767 -0.096422 -0.028667
0.077325 -0.123109 -0.027913
0.182046 -0.089745 -0.341006
0.185553 -0.110277 -0.340426
0.237807 -0.079663 -0.321281
0.241314 -0.100195 -0.320702
0.180627 -0.084038 -0.339912
0.186097 -0.116062 -0.339008
0.236388 -0.073956 -0.320187
0.241858 -0.105981 -0.319283
0.170390 -0.057211 -0.324685
0.185196 -0.143888 -0.322238
0.226151 -0.047129 -0.304961
0.240957 -0.133806 -0.302513
-0.060451 -0.122980 -0.076520
-0.056706 -0.144906 -0.075901
0.073376 -0.098784 -0.029180
0.077121 -0.120710 -0.028561
-0.056959 -0.168725 -0.063011
-0.068711 -0.099925 -0.064954
0.076868 -0.144529 -0.015672
0.065116 -0.075729 -0.017614
-0.092849 -0.107817 0.007319
-0.083024 -0.165336 0.008943
0.040977 -0.083621 0.054658
0.050802 -0.141140 0.056282
0.034215 0.065986 -0.026604
0.000553 0.263054 -0.032169
-0.025522 0.055185 -0.047735
-0.059185 0.252253 -0.053300
-0.067088 -0.080601 0.358610
-0.052986 -0.163161 0.360942
-0.011327 -0.070519 0.378335
0.002775 -0.153079 0.380666
-0.041490 0.108438 -0.046099
-0.049867 0.157479 -0.047484
0.028198 0.121038 -0.021448
0.019821 0.170079 -0.022832
-0.034502 0.174219 -0.053870
-0.021383 0.097419 -0.051702
0.007319 0.181780 -0.039077
0.020437 0.104981 -0.036908
-0.009806 0.094982 -0.051816
-0.024388 0.180348 -0.054227
0.012847 0.099078 -0.043803
-0.001734 0.184444 -0.046213
0.028952 0.131010 -0.014095
0.023771 0.161341 -0.014952
-0.049646 0.116800 -0.041898
-0.054826 0.147130 -0.042755
-0.058388 -0.175256 -0.055633
-0.072294 -0.093843 -0.057932
0.075439 -0.151060 -0.008293
0.061532 -0.069647 -0.010592
-0.041430 0.054835 0.036097
-0.075092 0.251903 0.030532
-0.005330 0.061362 0.048867
-0.038992 0.258430 0.043302
-0.057948 -0.151707 0.369116
-0.068047 -0.092586 0.367446
-0.002187 -0.141625 0.388841
-0.012286 -0.082504 0.387171
0.017846 0.065106 0.041268
-0.015816 0.262175 0.035703
-0.054814 0.051969 0.015566
-0.088476 0.249037 0.010001
0.015351 0.100607 -0.041908
-0.047991 0.053506 0.028727
-0.081653 0.250574 0.023162
0.004361 0.062972 0.047246
-0.029301 0.260040 0.041681
-0.051890 0.052662 0.022408
-0.085552 0.249730 0.016843
0.011322 0.064091 0.044769
-0.022340 0.261159 0.039204
-0.052977 0.052413 0.020178
-0.086639 0.249481 0.014613
0.013552 0.064442 0.043712
-0.020110 0.261510 0.038147
-0.067966 -0.100662 0.371344
-0.060587 -0.143860 0.372564
-0.012205 -0.090580 0.391069
-0.004826 -0.133778 0.392289
-0.027495 0.178765 -0.054383
-0.013261 0.095434 -0.052030
0.001115 0.183938 -0.044262
-0.056159 -0.154300 -0.072644
-0.063081 -0.113774 -0.073789
0.077667 -0.130103 -0.025305
0.070745 -0.089578 -0.026449
0.167145 -0.051909 -0.318222
0.183833 -0.149604 -0.315464
0.222906 -0.041827 -0.298498
0.239594 -0.139522 -0.295739
-0.067829 -0.103462 0.372388
-0.061396 -0.141120 0.373452
-0.012068 -0.093380 0.392113
-0.005635 -0.131039 0.393176
-0.002881 0.061774 0.048646
-0.036544 0.258842 0.043081
-0.043204 0.054484 0.034382
-0.076867 0.251552 0.028817
-0.087481 -0.088736 -0.017610
-0.071398 -0.182893 -0.014951
0.046345 -0.064540 0.029729
0.062429 -0.158696 0.032388
-0.023348 0.180823 -0.054124
-0.008669 0.094886 -0.051697
-0.090352 -0.140531 0.016979
-0.091610 -0.133168 0.016771
0.043475 -0.116335 0.064319
0.042217 -0.108971 0.064111
0.179034 -0.158608 -0.297295
0.159462 -0.044024 -0.300531
0.234795 -0.148527 -0.277570
0.215223 -0.033942 -0.280806
0.011976 0.098618 -0.044395
-0.002703 0.184556 -0.046822
-0.056188 0.051600 0.010789
-0.089850 0.248668 0.005224
0.021880 0.065714 0.038404
-0.011782 0.262783 0.032839
0.186508 -0.124456 -0.335878
0.178201 -0.075825 -0.337251
0.242269 -0.114374 -0.316153
0.233962 -0.065743 -0.317526
0.000537 0.184063 -0.044679
0.014849 0.100274 -0.042313
-0.026858 0.179110 -0.054369
-0.012546 0.095321 -0.052003
-0.032209 0.054132 -0.044568
-0.065871 0.251201 -0.050133
0.037472 0.066731 -0.019919
0.003810 0.263799 -0.025484
0.021157 0.063341 -0.041270
-0.012505 0.260409 -0.046835
-0.006236 0.058388 -0.050960
-0.039898 0.255457 -0.056525
0.026784 0.149240 -0.009295
-0.058861 -0.149160 0.370393
-0.068075 -0.095217 0.368870
-0.003100 -0.139078 0.390118
-0.012314 -0.085135 0.388595
-0.055751 0.128619 -0.038669
-0.062156 -0.065665 0.337032
-0.043177 -0.176775 0.340170
-0.006395 -0.055583 0.356757
0.012584 -0.166693 0.359895
-0.030546 0.176959 -0.054311
-0.016738 0.096126 -0.052029
0.003855 0.183179 -0.042143
0.017662 0.102346 -0.039860
0.181347 -0.155544 -0.305399
0.162736 -0.046587 -0.308476
0.237108 -0.145462 -0.285674
0.218497 -0.036506 -0.288751
-0.003781 0.184645 -0.047467
0.010995 0.098141 -0.045024
0.017072 0.062566 -0.044020
-0.016590 0.259634 -0.049584
-0.001343 0.059236 -0.050534
-0.035005 0.256304 -0.056098
-0.022196 0.181316 -0.053981
-0.007420 0.094811 -0.051538
0.178188 -0.159350 -0.294523
0.158391 -0.043454 -0.297796
0.233949 -0.149268 -0.274798
0.214152 -0.033372 -0.278071
-0.067846 -0.101676 -0.066504
-0.056709 -0.166874 -0.064663
0.065981 -0.077479 -0.019164
0.077117 -0.142678 -0.017323
0.186094 -0.137231 -0.328179
0.173501 -0.063509 -0.330261
0.241855 -0.127149 -0.308454
0.229262 -0.053427 -0.310536
-0.073210 -0.092572 -0.055992
-0.058848 -0.176651 -0.053618
0.060616 -0.068376 -0.008653
0.074978 -0.152454 -0.006279
-0.064230 -0.129721 0.375637
-0.066742 -0.115018 0.375222
-0.008469 -0.119639 0.395362
-0.010981 -0.104937 0.394947
-0.057498 0.051097 0.000931
-0.091160 0.248166 -0.004634
0.029013 0.066739 0.031533
-0.004649 0.263807 0.025968
0.008961 0.180919 -0.037454
0.021686 0.106425 -0.035351
-0.036419 0.172715 -0.053507
-0.023694 0.098220 -0.051403
-0.057252 -0.170493 -0.061278
-0.069590 -0.098262 -0.063317
0.076574 -0.146297 -0.013938
0.064236 -0.074066 -0.015978
-0.048895 0.115848 -0.042324
0.021466 0.167033 -0.019759
0.028710 0.124621 -0.018562
-0.051990 0.153752 -0.045743
-0.044745 0.111340 -0.044546
-0.064587 -0.184255 -0.033509
-0.081334 -0.086211 -0.036277
0.069240 -0.160059 0.013831
0.052492 -0.062015 0.011062
0.027085 0.147591 -0.009082
0.027463 0.145381 -0.009019
-0.056530 0.132476 -0.038660
-0.054429 0.148253 -0.043239
-0.056151 0.130257 -0.038597
-0.056597 0.139226 -0.039883
-0.053964 0.123815 -0.039447
0.064169 0.183559 -0.183795
0.076012 0.114226 -0.181837
0.069835 0.108171 -0.184176
0.056355 0.187085 -0.186405
0.075752 0.173751 -0.180069
0.083650 0.127510 -0.178763
0.039980 0.099447 -0.194841
0.025398 0.184814 -0.197252
0.025753 0.103763 -0.199659
0.013454 0.175766 -0.201692
0.050156 0.188618 -0.188515
0.064515 0.104555 -0.186141
0.001533 0.143310 -0.206855
0.003791 0.130093 -0.206481
0.052630 0.100040 -0.190419
0.037487 0.188693 -0.192923
0.085837 0.151740 -0.177246
0.085905 0.136118 -0.177710
0.080724 0.166449 -0.178566
0.021686 0.182691 -0.198610
0.035787 0.100141 -0.196279
0.079611 0.168369 -0.178894
0.085495 0.133923 -0.177921
-0.028722 0.009134 -0.221575
-0.069117 0.245616 -0.228253
0.077121 0.172025 -0.179646
0.084366 0.129613 -0.178449
0.078409 0.170229 -0.179254
0.084981 0.131752 -0.178168
0.086211 0.138334 -0.177534
0.081746 0.164473 -0.178272
0.060343 0.185528 -0.185065
0.073068 0.111034 -0.182962
0.086162 0.149520 -0.177202
0.085407 0.153940 -0.177327
0.013728 0.112953 -0.203557
0.005195 0.162909 -0.204968
0.082674 0.162447 -0.178012
0.086412 0.140565 -0.177395
0.007111 0.166888 -0.204177
0.016848 0.109885 -0.202567
0.046331 0.099242 -0.192637
0.031300 0.187234 -0.195121
0.018511 0.108476 -0.202032
0.008207 0.168795 -0.203736
0.067795 0.181200 -0.182607
0.078639 0.117716 -0.180814
0.039588 0.188960 -0.192183
0.054694 0.100527 -0.189685
0.058737 0.101825 -0.188238
0.043819 0.189158 -0.190704
0.081926 0.123433 -0.179491
0.072779 0.176979 -0.181003
0.060706 0.102632 -0.187527
0.045938 0.189090 -0.189968
0.066009 0.182427 -0.183190
0.077367 0.115936 -0.181312
0.016546 0.178798 -0.200521
0.029665 0.101998 -0.198352
0.086383 0.147287 -0.177195
0.084875 0.156117 -0.177444
0.001523 0.145553 -0.206788
0.004525 0.127981 -0.206292
0.019912 0.181485 -0.199265
0.033719 0.100652 -0.196983
0.054312 0.187705 -0.187096
0.068120 0.106872 -0.184814
0.083507 0.160376 -0.177787
0.086508 0.142804 -0.177291
0.003157 0.132240 -0.206635
0.001649 0.141070 -0.206884
0.058367 0.186359 -0.185727
0.071485 0.109559 -0.183558
0.010665 0.172421 -0.202767
0.022022 0.105930 -0.200889
0.042094 0.099267 -0.194111
0.027326 0.185724 -0.196552
0.015252 0.111378 -0.203076
0.006106 0.164924 -0.204588
0.044213 0.099199 -0.193375
0.029295 0.186532 -0.195842
0.033338 0.187830 -0.194394
0.048443 0.099397 -0.191897
0.009393 0.170641 -0.203265
0.020237 0.107157 -0.201473
0.079824 0.119562 -0.180343
0.069521 0.179880 -0.182047
0.056731 0.101122 -0.188958
0.041701 0.189115 -0.191442
0.071184 0.178472 -0.181512
0.080921 0.121469 -0.179902
0.001619 0.147792 -0.206685
0.005357 0.125910 -0.206067
0.082836 0.125448 -0.179111
0.074303 0.175404 -0.180522
0.002625 0.134416 -0.206752
0.001869 0.138837 -0.206877
0.014964 0.177323 -0.201118
0.027688 0.102829 -0.199014
0.006285 0.123883 -0.205807
0.001821 0.150023 -0.206545
0.003050 0.156604 -0.205911
0.009623 0.118127 -0.204825
0.003666 0.158744 -0.205630
0.010910 0.116332 -0.204433
0.157148 0.042740 -0.155826
0.116754 0.279222 -0.162504
0.002537 0.154434 -0.206158
0.008421 0.119987 -0.205185
0.052244 0.188216 -0.187800
0.066345 0.105666 -0.185469
0.007308 0.121908 -0.205513
0.002127 0.152238 -0.206369
0.002195 0.136617 -0.206833
0.050545 0.099663 -0.191157
0.035402 0.188316 -0.193660
0.084241 0.158264 -0.177598
0.086498 0.145047 -0.177225
0.023517 0.183802 -0.197938
0.037876 0.099739 -0.195564
0.074578 0.112591 -0.182387
0.062279 0.184594 -0.184421
0.062633 0.103543 -0.186828
0.048052 0.188909 -0.189238
0.004381 0.160847 -0.205316
0.012280 0.114606 -0.204010
0.031677 0.101272 -0.197674
0.018197 0.180186 -0.199903
0.012019 0.174131 -0.202242
0.023863 0.104797 -0.200284
0.028405 0.138706 -0.010311
0.025772 0.154119 -0.010746
0.023427 0.162331 -0.015699
0.028963 0.129923 -0.014784
-0.058381 -0.132679 -0.077414
-0.057962 -0.135135 -0.077344
0.075445 -0.108482 -0.030074
0.075865 -0.110939 -0.030005
-0.028517 0.178188 -0.054384
-0.014417 0.095638 -0.052053
0.002040 0.183713 -0.043575
0.016141 0.101163 -0.041244
0.184792 -0.145905 -0.320065
0.169320 -0.055327 -0.322623
0.240553 -0.135823 -0.300341
0.225081 -0.045245 -0.302898
0.024691 0.158363 -0.012943
0.028814 0.134230 -0.012262
-0.055793 0.143811 -0.041414
-0.051671 0.119678 -0.040732
-0.089316 -0.145386 0.016532
-0.092238 -0.128276 0.016049
0.044511 -0.121190 0.063871
0.041588 -0.104080 0.063388
-0.093033 -0.112023 0.009988
-0.084618 -0.161290 0.011379
0.040793 -0.087826 0.057327
0.049209 -0.137093 0.058719
-0.091604 -0.098586 -0.000919
-0.078711 -0.174068 0.001212
0.042222 -0.074390 0.046420
0.055116 -0.149872 0.048552
-0.038089 0.171300 -0.053105
-0.025743 0.099021 -0.051064
0.010372 0.180062 -0.035962
0.022718 0.107783 -0.033921
0.040217 0.067469 -0.010377
0.006555 0.264537 -0.015942
-0.040267 0.052917 -0.038847
-0.073929 0.249986 -0.044412
-0.074143 -0.180407 -0.008460
-0.089307 -0.091631 -0.010967
0.059683 -0.156211 0.038879
0.044519 -0.067435 0.036372
-0.029215 0.057154 0.044317
-0.062877 0.254222 0.038752
-0.019962 0.058827 0.047591
-0.053624 0.255895 0.042026
-0.092851 -0.121086 0.014106
-0.087491 -0.152468 0.014992
0.040975 -0.096890 0.061446
0.046336 -0.128271 0.062332
-0.018450 0.056333 -0.049859
-0.052112 0.253401 -0.055424
0.030010 0.065095 -0.032717
-0.003653 0.262163 -0.038282
-0.049886 0.051594 -0.027540
-0.083548 0.248662 -0.033105
0.040719 0.067975 0.004510
0.007056 0.265044 -0.001055
-0.022545 0.097809 -0.051563
0.028874 0.133192 -0.012817
0.024409 0.159331 -0.013556
-0.051051 0.118741 -0.041090
-0.055516 0.144880 -0.041828
-0.035469 0.173475 -0.053700
0.027651 0.118565 -0.023571
0.018505 0.172111 -0.025083
-0.039022 0.106510 -0.047156
-0.048169 0.160056 -0.048668
0.003335 0.095619 -0.048806
-0.011808 0.184272 -0.051309
0.001250 0.095242 -0.049544
-0.013893 0.183895 -0.052047
-0.057934 -0.061964 0.323207
-0.037838 -0.179618 0.326530
-0.002173 -0.051883 0.342932
0.017923 -0.169536 0.346254
0.012048 0.178885 -0.034062
0.023891 0.109551 -0.032104
-0.040102 0.169456 -0.052509
-0.028258 0.100122 -0.050551
0.008150 0.181362 -0.038270
-0.083820 -0.086248 -0.029230
-0.067010 -0.184659 -0.026451
0.050006 -0.062051 0.018110
0.066816 -0.160463 0.020889
0.021075 0.105694 -0.036134
-0.039572 0.055198 0.037720
-0.073234 0.252267 0.032155
-0.007786 0.060945 0.048964
-0.041448 0.258013 0.043399
-0.060460 -0.180206 -0.047245
-0.075969 -0.089409 -0.049809
0.073367 -0.156010 0.000094
0.057857 -0.065213 -0.002470
-0.056229 -0.160872 -0.069088
-0.065361 -0.107412 -0.070598
0.077598 -0.136675 -0.021748
0.068466 -0.083216 -0.023258
-0.038876 -0.179339 0.329322
-0.058847 -0.062418 0.326020
0.016885 -0.169257 0.349046
-0.003086 -0.052337 0.345745
-0.017561 0.059252 0.048111
-0.051223 0.256320 0.042546
-0.031412 0.056747 0.043211
-0.065074 0.253815 0.037646
-0.054283 0.051094 -0.018621
-0.087945 0.248163 -0.024186
0.038623 0.067892 0.014243
0.004961 0.264960 0.008679
-0.091225 -0.096997 -0.002802
-0.077809 -0.175542 -0.000584
0.042601 -0.072801 0.044537
0.056018 -0.151346 0.046755
0.004584 0.095902 -0.048310
-0.010541 0.184447 -0.050810
0.010486 0.061347 -0.047334
-0.023176 0.258415 -0.052899
0.005854 0.060510 -0.048973
-0.027809 0.257578 -0.054538
-0.000049 0.095065 -0.049949
-0.015174 0.183609 -0.052449
-0.067388 -0.082822 0.360592
-0.054024 -0.161060 0.362802
-0.011627 -0.072740 0.380317
0.001737 -0.150978 0.382526
-0.057353 0.051192 0.003418
-0.091015 0.248261 -0.002147
0.027358 0.066508 0.033384
-0.006304 0.263577 0.027819
-0.009739 0.184536 -0.050475
0.005366 0.096103 -0.047977
-0.015990 0.183405 -0.052686
-0.000884 0.094973 -0.050188
-0.044893 0.054144 0.032579
-0.078555 0.251213 0.027014
-0.000446 0.062180 0.048302
-0.034108 0.259249 0.042737
-0.001600 0.184426 -0.046127
0.012968 0.099144 -0.043718
0.019148 0.062958 -0.042697
-0.014514 0.260026 -0.048262
-0.003784 0.058811 -0.050809
-0.037446 0.255880 -0.056374
-0.024533 0.180280 -0.054239
-0.009966 0.094998 -0.051831
-0.046709 0.162060 -0.049565
-0.036972 0.105058 -0.047955
0.017364 0.173645 -0.026900
0.027101 0.116642 -0.025290
-0.147210 -0.061858 0.137502
-0.120280 -0.219512 0.141954
-0.013383 -0.037661 0.184842
0.013546 -0.195316 0.189294
-0.056694 0.138088 -0.039579
-0.054436 0.124870 -0.039206
0.026013 0.153041 -0.010323
0.028271 0.139824 -0.009949
-0.252011 -0.050910 0.440343
-0.258744 -0.011496 0.439231
-0.211617 -0.287392 0.447021
-0.218349 -0.247978 0.445908
-0.121902 -0.027386 0.486368
-0.088240 -0.224454 0.491933
-0.072874 0.022110 0.504980
-0.025747 -0.253786 0.512771
0.025068 0.111654 -0.030006
0.013836 0.177409 -0.031863
-0.031053 0.101508 -0.049858
-0.042285 0.167262 -0.051715
-0.064829 -0.126796 0.375836
-0.066339 -0.117960 0.375586
-0.009068 -0.116715 0.395561
-0.010578 -0.107879 0.395311
0.186424 -0.132343 -0.331610
0.175466 -0.068191 -0.333422
0.242185 -0.122261 -0.311885
0.231227 -0.058110 -0.313697
0.155280 -0.042617 -0.289427
0.175452 -0.160711 -0.286092
0.211041 -0.032536 -0.269702
0.231213 -0.150629 -0.266367
0.179844 -0.157725 -0.300036
0.160544 -0.044737 -0.303227
0.235605 -0.147643 -0.280311
0.216305 -0.034655 -0.283502
-0.065878 -0.074556 0.352098
-0.049778 -0.168810 0.354760
-0.010117 -0.064474 0.371823
0.005983 -0.158728 0.374484
0.034669 0.067474 0.023372
0.001006 0.264543 0.017807
-0.056855 0.050927 -0.009003
-0.090517 0.247995 -0.014568
-0.020229 0.097059 -0.051817
-0.033531 0.174935 -0.054016
0.039910 0.067976 0.009429
0.006248 0.265044 0.003864
-0.052304 0.051303 -0.023191
-0.085966 0.248372 -0.028756
-0.003063 0.094812 -0.050739
-0.018093 0.182804 -0.053224
0.007337 0.096692 -0.047060
-0.007693 0.184685 -0.049545
-0.024670 0.057983 0.046188
-0.058332 0.255051 0.040624
-0.091027 -0.136854 0.017007
0.042800 -0.112657 0.064347
0.006478 0.182170 -0.039864
0.019780 0.104291 -0.037665
0.032914 0.065704 -0.028712
-0.000748 0.262772 -0.034277
-0.023200 0.055558 -0.048562
-0.056862 0.252627 -0.054127
-0.068724 -0.184316 -0.021783
-0.085367 -0.086883 -0.024534
0.065103 -0.160120 0.025557
0.048460 -0.062687 0.022805
0.019095 0.103620 -0.038413
0.005616 0.182534 -0.040641
-0.019063 0.096721 -0.051911
-0.032542 0.175635 -0.054139
0.164943 -0.048986 -0.313491
0.182681 -0.152828 -0.310559
0.220704 -0.038904 -0.293766
0.238442 -0.142746 -0.290834
0.182036 -0.154251 -0.308008
0.163839 -0.047719 -0.311016
0.237797 -0.144169 -0.288283
0.219600 -0.037638 -0.291291
-0.057086 0.051308 0.005894
-0.090748 0.248376 0.000329
0.025615 0.066260 0.035148
-0.008048 0.263329 0.029584
0.020555 0.168800 -0.021499
0.028453 0.122559 -0.020193
-0.050816 0.155896 -0.046746
-0.042917 0.109655 -0.045440
-0.065885 -0.120909 0.375810
-0.065381 -0.123857 0.375893
-0.010124 -0.110827 0.395535
-0.009620 -0.113775 0.395618
0.174496 -0.065805 -0.331899
0.186286 -0.134828 -0.329950
0.230257 -0.055724 -0.312175
0.242047 -0.124746 -0.310226
-0.056280 0.141490 -0.040583
-0.082195 -0.167250 0.007577
-0.092689 -0.105815 0.005842
0.051631 -0.143053 0.054916
0.041137 -0.081618 0.053182
-0.048521 0.051768 -0.029619
-0.082183 0.248836 -0.035184
0.040941 0.067943 0.002027
0.007279 0.265011 -0.003538
0.028635 0.136491 -0.011181
0.025262 0.156234 -0.011738
0.185852 -0.113184 -0.339785
0.181358 -0.086873 -0.340528
0.241613 -0.103102 -0.320060
0.237119 -0.076791 -0.320803
-0.086101 -0.087382 -0.022204
-0.069603 -0.183962 -0.019477
0.047726 -0.063185 0.025135
0.064223 -0.159766 0.027863
-0.054864 0.125927 -0.039003
-0.079590 -0.086798 -0.040909
-0.063092 -0.183378 -0.038182
0.054237 -0.062601 0.006430
0.070734 -0.159182 0.009157
-0.062898 -0.135495 0.374821
-0.067392 -0.109183 0.374078
-0.007137 -0.125413 0.394546
-0.011631 -0.099102 0.393803
0.022304 0.165197 -0.018075
0.028876 0.126720 -0.016989
-0.053055 0.151572 -0.044733
-0.046482 0.113095 -0.043646
-0.056692 0.138112 -0.039585
-0.054427 0.124848 -0.039211
0.026008 0.153064 -0.010331
0.028274 0.139801 -0.009956
-0.057421 0.050970 -0.004051
-0.091083 0.248038 -0.009616
0.032041 0.067145 0.027595
-0.001621 0.264213 0.022030
-0.056504 -0.164945 -0.066229
-0.066998 -0.103510 -0.067963
0.077323 -0.140749 -0.018889
0.066829 -0.079314 -0.020624
0.027894 0.142605 -0.009296
-0.067826 -0.087540 0.364243
-0.056036 -0.156562 0.366192
-0.012065 -0.077458 0.383968
-0.000275 -0.146480 0.385917
-0.050361 0.117759 -0.041488
0.183841 -0.098511 -0.341601
0.184345 -0.101459 -0.341518
0.239602 -0.088429 -0.321876
0.240106 -0.091377 -0.321793
0.013488 0.177716 -0.032306
0.024845 0.111225 -0.030429
-0.041857 0.167710 -0.051884
-0.030499 0.101219 -0.050006
-0.056749 0.136966 -0.039316
0.026242 0.151971 -0.009959
0.028128 0.140928 -0.009647
-0.042094 0.052653 -0.037172
-0.075757 0.249721 -0.042737
0.040606 0.067605 -0.007918
0.006944 0.264673 -0.013483
-0.052906 0.121744 -0.040026
-0.055428 0.127536 -0.038771
-0.055187 0.146013 -0.042286
-0.056750 0.135273 -0.038990
0.024096 0.160348 -0.014242
0.028922 0.132092 -0.013444
-0.045379 -0.174648 0.345308
-0.063576 -0.068117 0.342300
0.010382 -0.164566 0.365033
-0.007815 -0.058035 0.362025
-0.064221 -0.069540 0.344851
-0.046483 -0.173382 0.347784
-0.008460 -0.059458 0.364576
0.009278 -0.163300 0.367508
-0.063826 -0.183877 -0.035852
-0.080469 -0.086444 -0.038604
0.070000 -0.159681 0.011487
0.053357 -0.062247 0.008736
0.006720 0.063355 0.046538
-0.026942 0.260423 0.040973
-0.049394 0.053209 0.026688
-0.083056 0.250277 0.021123
-0.025430 0.179845 -0.054304
-0.010956 0.095106 -0.051911
0.009244 0.097386 -0.046056
-0.005673 0.184719 -0.048523
-0.005280 0.094760 -0.051194
-0.020198 0.182093 -0.053660
0.008190 0.060930 -0.048212
-0.025472 0.257998 -0.053777
-0.012849 0.184098 -0.051691
0.002298 0.095417 -0.049187
0.013702 0.099564 -0.043190
-0.000773 0.184304 -0.045582
0.035824 0.067610 0.021167
0.002162 0.264678 0.015602
-0.056390 0.050937 -0.011453
-0.090052 0.248005 -0.017018
0.027974 0.142049 -0.009398
0.026466 0.150878 -0.009647
-0.055252 0.127001 -0.038838
-0.056760 0.135831 -0.039087
0.040375 0.067986 0.006979
0.006713 0.265055 0.001414
-0.051148 0.051439 -0.025396
-0.084811 0.248507 -0.030961
-0.014941 0.183664 -0.052379
0.000188 0.095094 -0.049878
0.168238 -0.053558 -0.320467
0.184337 -0.147812 -0.317805
0.223999 -0.043476 -0.300742
0.240098 -0.137730 -0.298081
-0.042084 -0.177630 0.337519
-0.061384 -0.064642 0.334329
0.013677 -0.167548 0.357244
-0.005623 -0.054560 0.354053
0.026626 0.150062 -0.009454
0.004356 0.095847 -0.048404
-0.010773 0.184418 -0.050905
-0.056992 -0.061656 0.320385
-0.036820 -0.179750 0.323720
-0.001231 -0.051574 0.340110
0.018941 -0.169668 0.343444
0.000176 0.184135 -0.044933
0.014535 0.100072 -0.042559
-0.026463 0.179319 -0.054356
-0.012104 0.095256 -0.051982
-0.057006 -0.154176 0.367714
-0.067964 -0.090025 0.365903
-0.001245 -0.144094 0.387439
-0.012203 -0.079943 0.385627
0.184799 -0.104407 -0.341294
0.183289 -0.095571 -0.341543
0.240560 -0.094325 -0.321569
0.239050 -0.085489 -0.321818
0.076591 -0.021437 -0.503665
0.069859 0.017976 -0.504778
0.116986 -0.257919 -0.496987
0.110253 -0.218506 -0.498100
0.206700 0.002087 -0.457640
0.240362 -0.194981 -0.452075
0.255729 0.051582 -0.439029
0.302856 -0.224313 -0.431238
-0.023084 0.097999 -0.051491
-0.035916 0.173121 -0.053612
0.021365 0.106035 -0.035767
0.008533 0.181157 -0.037889
-0.028913 -0.051248 -0.202341
-0.001983 -0.208902 -0.197889
0.104914 -0.027051 -0.155001
0.131843 -0.184706 -0.150549
-0.008712 0.184625 -0.050021
0.006361 0.096385 -0.047529
-0.017041 0.183119 -0.052967
-0.001968 0.094879 -0.050475
-0.012696 0.060102 0.048785
-0.046358 0.257170 0.043220
-0.035628 0.055955 0.040673
-0.069290 0.253024 0.035108
-0.016034 0.056733 -0.050326
-0.049696 0.253801 -0.055891
0.028413 0.064769 -0.034603
-0.005249 0.261837 -0.040168
-0.043838 0.052405 -0.035408
-0.077500 0.249473 -0.040973
0.040873 0.067721 -0.005442
0.007211 0.264789 -0.011007
0.172484 -0.061307 -0.328509
0.185848 -0.139546 -0.326300
0.228245 -0.051226 -0.308784
0.241609 -0.129464 -0.306575
0.014855 0.176452 -0.030521
0.025699 0.112968 -0.028728
-0.043547 0.165892 -0.051180
-0.032703 0.102409 -0.049387
-0.022333 0.058404 0.046949
-0.055996 0.255472 0.041384
-0.026966 0.057566 0.045310
-0.060628 0.254634 0.039746
-0.071384 -0.095218 -0.059802
-0.057968 -0.173763 -0.057584
0.062442 -0.071022 -0.012463
0.075859 -0.149566 -0.010245
0.008937 0.097265 -0.046226
-0.006001 0.184721 -0.048696
-0.004915 0.094761 -0.051126
-0.019854 0.182217 -0.053596
-0.055103 0.051021 -0.016267
-0.088765 0.248089 -0.021832
0.037804 0.067819 0.016597
0.004141 0.264887 0.011032
0.014932 0.062166 -0.045235
-0.018730 0.259234 -0.050800
0.001081 0.059662 -0.050135
-0.032581 0.256730 -0.055700
0.177307 -0.159949 -0.291727
0.157336 -0.043029 -0.295029
0.233068 -0.149867 -0.272003
0.213097 -0.032947 -0.275304
-0.029165 0.177808 -0.054372
-0.015154 0.095782 -0.052056
0.002622 0.183556 -0.043127
0.016634 0.101529 -0.040811
0.023071 0.163298 -0.016466
0.028955 0.128852 -0.015493
-0.054003 0.149363 -0.043730
-0.048119 0.114916 -0.042757
-0.083832 -0.163348 0.010211
-0.092964 -0.109888 0.008702
0.049994 -0.139151 0.057551
0.040862 -0.085692 0.056041
-0.073224 -0.181351 -0.010577
-0.088733 -0.090554 -0.013141
0.060603 -0.157155 0.036763
0.045093 -0.066358 0.034199
-0.008693 0.057968 -0.050988
-0.042356 0.255036 -0.056553
0.023092 0.063715 -0.039744
-0.010570 0.260783 -0.045309
0.027278 0.146488 -0.009019
-0.056364 0.131365 -0.038606
-0.082183 -0.086101 -0.033935
-0.065372 -0.184512 -0.031156
0.051644 -0.061904 0.013404
0.068454 -0.160316 0.016183
0.156297 -0.042750 -0.292237
0.176394 -0.160403 -0.288915
0.212058 -0.032668 -0.272512
0.232155 -0.150321 -0.269190
-0.057198 0.050938 -0.006534
-0.090861 0.248006 -0.012099
0.033406 0.067319 0.025516
-0.000256 0.264388 0.019951
-0.046489 0.053818 0.030693
-0.080152 0.250886 0.025128
0.001970 0.062580 0.047835
-0.031692 0.259648 0.042270
-0.002456 0.094845 -0.050596
-0.017511 0.182982 -0.053085
0.006798 0.096519 -0.047323
-0.008257 0.184655 -0.049811
0.022276 0.107181 -0.034551
-0.061702 -0.118292 -0.075379
-0.056342 -0.149674 -0.074493
0.072124 -0.094096 -0.028039
0.077485 -0.125478 -0.027153
0.003482 0.060086 -0.049614
-0.030180 0.257155 -0.055179
0.012735 0.061759 -0.046341
-0.020927 0.258828 -0.051906
-0.059886 -0.179129 -0.049419
-0.075050 -0.090352 -0.051926
0.073941 -0.154932 -0.002080
0.058777 -0.066156 -0.004587
0.023787 0.065996 0.036823
-0.009875 0.263064 0.031258
-0.056697 0.051444 0.008353
-0.090359 0.248512 0.002788
-0.024847 0.098660 -0.051221
-0.037362 0.171928 -0.053290
-0.070482 -0.096692 -0.061599
-0.057589 -0.172174 -0.059467
0.063344 -0.072496 -0.014259
0.076238 -0.147977 -0.012128
-0.064575 -0.109470 -0.071766
-0.056160 -0.158737 -0.070374
0.069251 -0.085274 -0.024426
0.077667 -0.134541 -0.023035
-0.055595 0.128075 -0.038715
-0.056955 -0.142484 -0.076435
-0.059877 -0.125374 -0.076918
0.076872 -0.118288 -0.029095
0.073949 -0.101177 -0.029579
-0.006676 0.184716 -0.049043
0.008302 0.097027 -0.046567
0.009759 0.180448 -0.036622
-0.050860 -0.167041 0.356916
-0.066332 -0.076463 0.354358
0.004901 -0.156959 0.376640
-0.010571 -0.066381 0.374083
-0.004166 0.094772 -0.050978
-0.019145 0.182463 -0.053455
0.024992 0.157274 -0.012301
0.028729 0.135391 -0.011683
-0.056064 0.142619 -0.040974
-0.052326 0.120736 -0.040356
-0.091231 -0.135625 0.016958
-0.090812 -0.138081 0.017027
0.042595 -0.111429 0.064297
0.043015 -0.113885 0.064367
0.021121 0.167726 -0.020428
0.028622 0.123817 -0.019188
-0.051547 0.154588 -0.046134
-0.044047 0.110678 -0.044894
-0.067859 -0.184549 -0.024109
-0.084606 -0.086504 -0.026878
0.065968 -0.160353 0.023230
0.049220 -0.062308 0.020462
-0.079603 -0.172498 0.002931
-0.091941 -0.100267 0.000891
0.054224 -0.148301 0.050271
0.041886 -0.076071 0.048231
-0.051702 0.119726 -0.040714
-0.045493 0.052174 -0.033557
-0.079155 0.249242 -0.039122
0.041018 0.067816 -0.002955
0.007356 0.264884 -0.008520
0.011083 0.098182 -0.044970
-0.003686 0.184639 -0.047411
-0.007529 0.094816 -0.051553
-0.022298 0.181274 -0.053995
0.024705 0.158314 -0.012913
-0.055806 0.143758 -0.041393
0.185202 -0.107349 -0.340930
0.182690 -0.092647 -0.341345
0.240963 -0.097267 -0.321205
0.238451 -0.082565 -0.321620
-0.090345 -0.094109 -0.006768
-0.075983 -0.178188 -0.004394
0.043482 -0.069913 0.040571
0.057844 -0.153991 0.042945
-0.054545 0.147937 -0.043102
-0.049109 0.116114 -0.042203
0.023526 0.162053 -0.015485
0.028962 0.130229 -0.014587
-0.055041 -0.158859 0.364553
-0.067634 -0.085137 0.362471
0.000720 -0.148777 0.384278
-0.011873 -0.075055 0.382196
-0.092484 -0.103886 0.004276
-0.081347 -0.169084 0.006117
0.041343 -0.079689 0.051616
0.052479 -0.144888 0.053457
0.028810 0.134281 -0.012235
-0.039931 -0.178914 0.332088
-0.059728 -0.063017 0.328816
0.015830 -0.168832 0.351813
-0.003967 -0.052935 0.348540
-0.046231 0.162681 -0.049836
-0.036313 0.104617 -0.048196
0.016989 0.174111 -0.027473
0.026907 0.116047 -0.025833
-0.015137 0.059677 0.048510
-0.048799 0.256745 0.042945
-0.033552 0.056347 0.041996
-0.067214 0.253416 0.036431
-0.044276 -0.175780 0.342768
-0.062887 -0.066824 0.339692
0.011485 -0.165698 0.362493
-0.007126 -0.056742 0.359416
0.161637 -0.045593 -0.305877
0.180616 -0.156703 -0.302740
0.217398 -0.035511 -0.286153
0.236377 -0.146621 -0.283015
0.186535 -0.127150 -0.334578
0.177321 -0.073207 -0.336101
0.242296 -0.117068 -0.314853
0.233082 -0.063126 -0.316376
0.027182 0.147039 -0.009042
0.027371 0.145934 -0.009011
-0.056263 0.130808 -0.038596
-0.056453 0.131920 -0.038627
-0.010244 0.060525 0.048936
-0.043906 0.257593 0.043372
-0.037637 0.055572 0.039246
-0.071299 0.252640 0.033682
-0.053952 0.052182 0.017895
-0.087614 0.249250 0.012331
0.015729 0.064781 0.042544
-0.017933 0.261849 0.036979
-0.059741 -0.146542 0.371544
-0.068048 -0.097911 0.370170
-0.003980 -0.136461 0.391269
-0.012287 -0.087830 0.389895
-0.038360 0.053199 -0.040428
-0.072022 0.250267 -0.045993
0.039708 0.067314 -0.012813
0.006046 0.264382 -0.018378
-0.041002 -0.178344 0.334823
-0.060574 -0.063759 0.331588
0.014759 -0.168262 0.354548
-0.004813 -0.053677 0.351312
-0.057583 -0.137592 -0.077158
-0.058841 -0.130229 -0.077366
0.076243 -0.113396 -0.029818
0.074985 -0.106032 -0.030026
-0.077795 -0.087867 -0.045435
-0.061712 -0.182024 -0.042776
0.056031 -0.063671 0.001904
0.072114 -0.157828 0.004563
0.019896 0.104410 -0.037535
0.006625 0.182104 -0.039729
-0.020428 0.097119 -0.051799
-0.033700 0.174813 -0.053993
0.026725 0.064430 -0.036406
-0.006938 0.261498 -0.041971
-0.013598 0.057139 -0.050670
-0.047261 0.254207 -0.056235
-0.038908 0.106426 -0.047202
-0.048089 0.160170 -0.048720
0.027623 0.118455 -0.023668
0.018442 0.172200 -0.025186
0.179856 -0.081247 -0.339159
0.186289 -0.118905 -0.338096
0.235617 -0.071165 -0.319434
0.242050 -0.108823 -0.318371
-0.065373 -0.072763 0.349756
-0.048685 -0.170459 0.352515
-0.009612 -0.062682 0.369481
0.007076 -0.160377 0.372240
-0.040214 0.169348 -0.052472
-0.028400 0.100189 -0.050519
0.012141 0.178814 -0.033953
0.023954 0.109654 -0.032000
-0.086111 -0.156986 0.013402
-0.093034 -0.116460 0.012258
0.047715 -0.132790 0.060742
0.040793 -0.092264 0.059598
0.179047 -0.078507 -0.338271
0.186426 -0.121705 -0.337052
0.234808 -0.068425 -0.318547
0.242187 -0.111624 -0.317327
-0.030032 0.054471 -0.045736
-0.063694 0.251539 -0.051301
0.036497 0.066500 -0.022202
0.002835 0.263568 -0.027767
-0.027802 0.054822 -0.046793
-0.061464 0.251891 -0.052357
0.035410 0.066251 -0.024432
0.001748 0.263319 -0.029997
-0.020841 0.055941 -0.049270
-0.054503 0.253010 -0.054835
0.031511 0.065407 -0.030751
-0.002151 0.262475 -0.036316
-0.127303 0.000293 0.061627
-0.167697 0.236775 0.054949
0.058567 0.033899 0.127376
0.018173 0.270380 0.120699
0.038334 0.066944 -0.017590
0.004672 0.264012 -0.023155
-0.034326 0.053807 -0.043292
-0.067988 0.250875 -0.048857
0.186507 -0.129781 -0.333154
0.176408 -0.070661 -0.334823
0.242268 -0.119699 -0.313429
0.232169 -0.060579 -0.315098
-0.017783 0.096380 -0.051987
-0.031447 0.176376 -0.054246
0.018317 0.102907 -0.039217
0.004653 0.182903 -0.041476
-0.034863 0.103689 -0.048701
-0.045166 0.164007 -0.050405
0.026451 0.114775 -0.027012
0.016147 0.175093 -0.028716
-0.011150 0.057551 -0.050891
-0.044812 0.254619 -0.056456
0.024950 0.064078 -0.038121
-0.008712 0.261146 -0.043686
-0.076899 -0.176916 -0.002455
-0.090805 -0.095504 -0.004754
0.056928 -0.152720 0.044885
0.043021 -0.071307 0.042586
-0.021252 0.181695 -0.053841
-0.006405 0.094775 -0.051387
-0.004673 0.184693 -0.047976
0.010175 0.097772 -0.045522
0.002958 0.183459 -0.042864
0.171446 -0.059206 -0.326649
0.185548 -0.141767 -0.324318
0.227207 -0.049125 -0.306924
0.241309 -0.131685 -0.304593
0.009043 0.063728 0.045711
-0.024620 0.260796 0.040146
-0.050695 0.052927 0.024580
-0.084357 0.249996 0.019015
-0.066169 -0.105424 -0.069329
-0.056344 -0.162943 -0.067705
0.067658 -0.081228 -0.021990
0.077483 -0.138747 -0.020365
-0.080482 -0.170835 0.004567
-0.092234 -0.102035 0.002625
0.053344 -0.146639 0.051907
0.041592 -0.077839 0.049964
0.016916 0.101745 -0.040557
0.027770 0.143439 -0.009172
-0.055063 0.126462 -0.038916
-0.092487 -0.125854 0.015514
-0.088742 -0.147780 0.016133
0.041339 -0.101657 0.062854
0.045084 -0.123583 0.063473
-0.066736 -0.078479 0.356530
-0.051930 -0.165156 0.358978
-0.010975 -0.068398 0.376255
0.003831 -0.155074 0.378703
0.027641 0.144271 -0.009083
0.026886 0.148692 -0.009208
-0.055896 0.129167 -0.038634
-0.056652 0.133588 -0.038758
-0.056713 0.134431 -0.038862
-0.056459 0.140352 -0.040216
-0.053458 0.122781 -0.039720
0.025524 0.155175 -0.011215
0.028525 0.137603 -0.010719
-0.067637 -0.106305 0.373300
-0.062167 -0.138329 0.374205
-0.011876 -0.096223 0.393025
-0.006406 -0.128248 0.393929
-0.056760 0.136400 -0.039197
-0.067093 -0.112090 0.374719
-0.063586 -0.132623 0.375299
-0.011332 -0.102009 0.394444
-0.007825 -0.122541 0.395024
0.028053 0.141486 -0.009515
0.026354 0.151428 -0.009796
-0.025988 0.099122 -0.051019
-0.038287 0.171125 -0.053052
0.022837 0.107950 -0.033747
0.010538 0.179953 -0.035781
-0.029537 0.177585 -0.054360
-0.015579 0.095869 -0.052053
-0.092692 -0.123455 0.014866
-0.088133 -0.150142 0.015620
0.041135 -0.099259 0.062206
0.045693 -0.125946 0.062959
-0.041007 0.108044 -0.046314
-0.049540 0.157999 -0.047725
0.028101 0.120539 -0.021868
0.019568 0.170494 -0.023279
0.019898 0.065418 0.039887
-0.013764 0.262486 0.034322
-0.055560 0.051775 0.013195
-0.089222 0.248843 0.007630
-0.047587 -0.171984 0.350188
-0.064821 -0.071090 0.347339
0.008175 -0.161902 0.369913
-0.009060 -0.061008 0.367064
-0.056597 0.133032 -0.038704
0.027553 0.144826 -0.009043
0.026987 0.148142 -0.009137
-0.086816 -0.154751 0.014253
-0.092965 -0.118752 0.013236
0.047010 -0.130555 0.061592
0.040861 -0.094556 0.060576
-0.056029 0.129710 -0.038610
-0.075064 -0.179352 -0.006398
-0.089845 -0.092817 -0.008841
0.058763 -0.155156 0.040942
0.043982 -0.068621 0.038498
-0.078697 -0.087273 -0.043188
-0.062387 -0.182760 -0.040492
0.055129 -0.063076 0.004151
0.071440 -0.158564 0.006847
0.030575 0.066951 0.029602
-0.003087 0.264019 0.024037
-0.057521 0.051023 -0.001561
-0.091183 0.248091 -0.007126
0.039325 0.067945 0.011852
0.005663 0.265013 0.006287
-0.053350 0.051189 -0.020931
-0.087012 0.248257 -0.026496
-0.031553 0.176306 -0.054237
-0.085378 -0.159167 0.012444
-0.093056 -0.114215 0.011174
0.048449 -0.134971 0.059783
0.040770 -0.090019 0.058514
-0.059340 -0.127792 -0.077200
-0.057247 -0.140044 -0.076854
0.074486 -0.103595 -0.029861
0.076579 -0.115848 -0.029515
0.004746 0.182869 -0.041397
-0.072308 -0.182180 -0.012742
-0.088124 -0.089588 -0.015357
0.061519 -0.157984 0.034597
0.045703 -0.065392 0.031982

Edges:
1 3
2 4
2 5
1 6
4 7
5 7
3 8
6 8
9 11
10 12
9 14
11 14
10 15
11 16
14 16
10 17
12 17
15 17
2 18
5 18
7 18
1 19
6 19
4 20
7 20
18 20
3 21
6 21
8 21
19 21
6 22
5 23
8 24
22 24
7 25
23 25
31 33
32 34
5 36
8 37
35 37
36 38
0 39
39 40
0 41
41 42
0 43
43 44
0 45
45 46
18 47
19 48
20 49
47 49
21 50
48 50
6 55
5 56
8 57
55 57
7 58
56 58
59 61
60 62
63 65
64 66
0 67
51 67
52 68
0 69
53 69
54 70
71 73
72 74
75 77
76 78
79 81
80 82
83 85
84 86
71 87
72 88
74 88
71 89
73 89
87 89
74 90
88 90
6 91
5 92
8 93
91 93
7 94
92 94
18 95
19 96
20 97
95 97
21 98
96 98
0 99
27 99
28 100
0 101
29 101
30 102
103 105
104 106
6 123
5 124
8 125
123 125
7 126
124 126
0 127
127 128
0 129
129 130
131 133
132 134
0 135
135 136
0 137
137 138
0 140
140 141
0 142
142 143
0 144
144 145
0 146
146 147
0 148
144 148
144 149
145 149
148 149
0 150
146 150
147 150
147 151
150 151
152 154
153 155
35 159
37 159
59 159
36 160
60 160
62 160
37 161
59 161
61 161
159 161
36 162
38 162
62 162
160 162
64 163
63 164
65 164
64 165
66 165
163 165
65 166
164 166
152 167
154 167
153 168
154 169
167 169
153 170
155 170
168 170
0 171
129 171
130 171
130 172
171 172
0 173
127 173
127 174
128 174
173 174
18 175
47 175
49 175
19 176
48 176
20 177
49 177
175 177
21 178
48 178
50 178
176 178
116 179
115 180
32 181
31 182
33 182
32 183
34 183
181 183
33 184
182 184
185 187
186 188
117 189
118 190
0 191
191 192
0 193
193 194
195 197
196 198
158 199
139 200
156 201
157 202
0 203
107 203
108 204
0 205
109 205
110 206
0 207
139 207
200 207
199 208
0 209
202 209
156 210
201 210
131 212
132 213
134 213
131 214
133 214
212 214
134 215
213 215
217 219
218 220
225 227
226 228
0 231
230 231
229 232
0 233
234 235
233 236
185 237
186 238
188 238
185 239
187 239
237 239
188 240
238 240
5 241
92 241
6 242
91 242
93 242
7 243
92 243
94 243
241 243
8 244
93 244
242 244
245 247
246 248
5 249
56 249
124 249
126 249
6 250
55 250
57 250
123 250
7 251
56 251
58 251
126 251
249 251
8 252
57 252
123 252
125 252
250 252
253 255
254 256
0 257
257 258
0 259
259 260
6 265
91 265
5 266
92 266
94 266
8 267
91 267
93 267
265 267
7 268
94 268
266 268
68 270
67 271
70 272
69 273
6 274
5 275
8 276
274 276
7 277
275 277
13 287
224 287
110 289
109 290
115 291
180 291
116 292
179 292
263 294
158 295
199 295
117 296
283 297
284 298
278 301
279 301
119 302
120 303
156 304
201 304
157 305
52 306
303 306
51 307
302 307
291 308
293 308
298 308
305 308
46 309
70 309
102 309
204 309
210 309
234 309
292 309
294 309
297 309
300 309
304 309
308 309
270 310
289 310
271 311
290 311
52 312
270 312
306 312
310 312
307 313
311 313
302 314
303 315
261 316
114 317
262 317
301 318
211 319
301 319
107 320
308 320
309 321
315 322
314 323
309 324
308 325
308 326
309 327
29 328
308 328
325 328
30 329
309 329
324 329
28 330
300 332
299 333
230 338
334 338
190 339
229 339
335 339
285 340
330 340
286 341
331 341
111 342
309 342
112 343
308 343
318 344
319 345
283 346
297 346
309 346
284 347
298 347
308 347
221 348
304 348
309 348
26 349
222 349
305 349
308 349
223 350
288 350
224 351
287 351
322 352
323 353
298 354
308 354
297 355
309 355
113 356
288 356
316 356
114 357
287 357
317 357
309 358
308 359
180 360
236 360
291 360
308 360
235 361
292 361
309 361
308 362
320 362
325 362
309 363
321 363
324 363
308 364
326 364
360 364
309 365
327 365
361 365
309 366
327 366
308 367
326 367
309 368
329 368
358 368
29 369
308 369
328 369
359 369
27 370
331 370
28 371
330 371
333 372
334 372
332 373
335 373
337 374
371 374
336 375
370 375
309 376
346 376
308 377
347 377
290 378
336 378
110 379
289 379
337 379
216 380
308 380
354 380
308 381
309 381
355 381
111 382
263 382
294 382
309 382
342 382
264 383
293 383
308 383
343 383
308 384
377 384
309 385
376 385
309 386
53 387
273 387
308 387
272 388
309 388
386 388
273 389
308 389
387 389
12 390
17 390
286 390
287 390
290 390
296 390
299 390
302 390
307 390
308 390
311 390
313 390
314 390
317 390
318 390
323 390
331 390
333 390
334 390
336 390
338 390
341 390
344 390
351 390
353 390
357 390
370 390
372 390
375 390
378 390
44 391
68 391
100 391
206 391
208 391
232 391
285 391
288 391
289 391
295 391
300 391
301 391
303 391
306 391
309 391
310 391
312 391
315 391
316 391
318 391
319 391
322 391
330 391
332 391
335 391
337 391
339 391
340 391
345 391
350 391
352 391
356 391
371 391
373 391
374 391
379 391
390 391
54 392
281 392
309 392
386 392
53 393
269 393
308 393
387 393
158 394
295 394
350 394
391 394
139 395
200 395
296 395
351 395
390 395
121 396
269 396
308 396
384 396
393 396
122 397
281 397
309 397
385 397
392 397
280 398
282 398
308 398
380 398
381 398
299 399
308 399
367 399
390 399
300 400
309 400
366 400
345 401
352 401
391 401
344 402
353 402
390 402
116 403
292 403
304 403
309 403
157 404
202 404
291 404
305 404
308 404
262 405
286 405
317 405
390 405
285 406
316 406
391 406
117 407
189 407
296 407
338 407
390 407
118 408
190 408
295 408
339 408
391 408
108 409
309 409
321 409
388 409
107 410
308 410
320 410
389 410
26 411
308 411
343 411
349 411
221 412
309 412
342 412
348 412
294 413
309 413
358 413
293 414
308 414
359 414
353 415
402 415
352 416
401 416
303 417
306 417
302 418
307 418
419 420
419 421
419 422
420 422
421 422
156 423
304 423
348 423
157 424
305 424
158 425
394 425
139 426
351 426
395 426
84 427
83 428
85 428
84 429
86 429
427 429
85 430
428 430
315 431
322 431
323 432
376 433
377 434
384 434
32 435
34 435
31 436
34 437
435 437
31 438
33 438
436 438
18 439
19 440
20 441
439 441
21 442
440 442
18 443
19 444
20 445
443 445
21 446
444 446
294 447
293 448
406 449
405 450
0 451
119 451
432 451
120 452
391 452
431 452
0 453
121 453
434 453
122 454
283 454
309 454
433 454
19 455
18 456
21 457
455 457
20 458
456 458
0 459
459 460
0 461
461 462
463 465
464 466
0 467
264 467
448 467
263 468
309 468
447 468
0 469
262 469
450 469
261 470
391 470
449 470
0 471
309 472
471 472
0 473
391 474
473 474
112 475
343 475
383 475
314 476
323 476
432 476
451 476
315 477
431 477
452 477
384 478
434 478
453 478
376 479
385 479
433 479
454 479
111 480
382 480
205 481
336 481
206 482
337 482
374 482
379 482
203 483
320 483
325 483
362 483
363 484
299 485
333 485
300 486
400 486
399 487
366 488
400 488
390 491
489 491
490 492
285 493
286 494
341 494
405 494
294 495
358 495
413 495
414 496
113 497
316 497
356 497
2 498
4 498
18 498
1 499
19 499
4 500
20 500
498 500
1 501
3 501
21 501
499 501
114 502
317 502
0 503
127 503
128 503
128 504
503 504
0 505
129 505
129 506
130 506
505 506
6 507
22 507
24 507
5 508
23 508
8 509
24 509
507 509
7 510
23 510
25 510
508 510
6 511
5 512
8 513
511 513
7 514
512 514
490 515
489 516
491 516
490 517
492 517
515 517
390 518
491 518
516 518
0 519
461 519
462 519
462 520
519 520
0 521
459 521
459 522
460 522
521 522
0 523
523 524
0 525
525 526
18 527
443 527
19 528
444 528
446 528
20 529
443 529
445 529
527 529
21 530
446 530
528 530
333 531
332 532
0 533
485 533
531 533
391 534
486 534
532 534
0 535
487 535
309 536
391 536
488 536
367 537
535 537
366 538
536 538
103 539
105 539
104 540
105 541
539 541
104 542
106 542
540 542
0 543
257 543
258 543
258 544
543 544
0 545
259 545
259 546
260 546
545 546
332 547
532 547
333 548
372 548
531 548
533 548
327 549
366 549
536 549
538 549
367 550
537 550
0 551
173 551
173 552
174 552
551 552
0 553
171 553
172 553
172 554
553 554
118 555
208 555
295 555
408 555
117 556
296 556
0 557
117 557
189 557
207 557
231 557
556 557
118 558
190 558
208 558
229 558
232 558
391 558
555 558
0 559
115 559
180 559
209 559
233 559
236 559
116 560
179 560
210 560
234 560
309 560
116 561
403 561
560 561
115 562
209 562
291 562
404 562
559 562
324 563
363 563
325 564
328 564
371 565
374 565
336 566
375 566
18 567
20 567
31 567
182 567
436 567
439 567
463 567
19 568
32 568
181 568
435 568
464 568
567 568
20 569
33 569
184 569
438 569
465 569
567 569
568 569
19 570
21 570
34 570
183 570
437 570
442 570
466 570
568 570
569 570
297 571
298 572
401 573
402 574
575 576
577 578
10 579
15 579
103 579
132 579
152 579
167 579
213 579
217 579
254 579
489 579
516 579
539 579
575 579
14 580
104 580
131 580
153 580
168 580
212 580
218 580
253 580
490 580
515 580
540 580
577 580
578 580
579 580
105 581
134 581
154 581
169 581
215 581
219 581
256 581
518 581
541 581
575 581
576 581
579 581
11 582
16 582
106 582
133 582
155 582
170 582
214 582
220 582
255 582
492 582
517 582
542 582
577 582
579 582
580 582
581 582
331 583
100 584
330 584
340 584
101 585
359 585
369 585
368 586
253 587
580 587
254 588
256 588
579 588
253 589
255 589
582 589
587 589
256 590
581 590
588 590
591 593
592 594
10 595
9 596
11 596
10 597
12 597
390 597
595 597
11 598
596 598
185 599
187 599
186 600
187 601
599 601
186 602
188 602
600 602
579 603
580 604
581 605
603 605
582 606
604 606
0 607
607 608
0 609
609 610
343 611
411 611
342 612
0 613
391 614
613 614
0 615
309 616
615 616
326 617
327 618
365 618
334 619
372 619
373 620
0 621
621 622
567 623
568 623
569 624
623 624
288 625
356 625
357 626
0 627
99 627
583 627
100 628
391 628
584 628
0 629
101 629
585 629
102 630
309 630
586 630
19 631
18 632
21 633
631 633
20 634
632 634
13 635
287 635
357 635
626 635
288 636
625 636
26 637
411 637
611 637
342 638
412 638
612 638
64 639
66 639
63 640
66 641
639 641
63 642
65 642
640 642
225 643
227 643
640 643
226 644
639 644
641 644
227 645
640 645
642 645
643 645
226 646
228 646
641 646
644 646
0 647
543 647
544 647
544 648
647 648
0 649
545 649
545 650
546 650
649 650
110 651
289 651
109 652
205 652
290 652
311 652
108 653
204 653
388 653
409 653
107 654
410 654
579 655
580 655
588 655
590 655
580 656
587 656
655 656
581 657
590 657
655 657
656 657
581 658
582 658
587 658
589 658
656 658
657 658
246 659
592 659
594 659
245 660
247 660
591 660
246 661
248 661
594 661
659 661
247 662
591 662
593 662
660 662
346 663
376 663
454 663
19 664
96 664
98 664
18 665
95 665
21 666
98 666
664 666
20 667
95 667
97 667
665 667
0 668
45 668
46 668
471 668
46 669
309 669
471 669
472 669
668 669
0 670
43 670
473 670
474 670
43 671
44 671
391 671
474 671
670 671
323 672
353 672
322 673
352 673
76 674
80 674
82 674
75 675
77 675
79 675
76 676
78 676
82 676
674 676
77 677
79 677
81 677
675 677
18 678
47 678
632 678
634 678
19 679
48 679
50 679
631 679
20 680
47 680
49 680
634 680
678 680
21 681
50 681
631 681
633 681
679 681
298 682
354 682
572 682
5 683
6 684
7 685
683 685
8 686
684 686
580 687
579 688
582 689
687 689
581 690
688 690
52 691
68 691
270 691
312 691
51 692
67 692
271 692
307 692
311 692
313 692
54 693
70 693
272 693
386 693
388 693
392 693
53 694
69 694
273 694
387 694
283 695
297 695
454 695
571 695
284 696
298 696
572 696
401 697
416 697
573 697
402 698
415 698
574 698
0 699
699 700
0 701
701 702
6 703
242 703
244 703
5 704
241 704
8 705
244 705
703 705
7 706
241 706
243 706
704 706
318 707
579 708
580 709
581 710
708 710
582 711
709 711
121 712
384 712
396 712
453 712
478 712
713 714
713 715
713 716
714 716
715 716
340 717
584 717
628 717
331 718
341 718
583 718
627 718
358 719
368 719
586 719
630 719
359 720
585 720
629 720
297 721
355 721
571 721
345 722
401 722
573 722
344 723
402 723
574 723
0 724
284 724
434 724
453 724
696 724
309 725
454 725
571 725
695 725
0 726
415 726
451 726
574 726
672 726
698 726
391 727
416 727
431 727
452 727
673 727
697 727
347 728
377 728
724 728
354 729
380 729
122 730
385 730
397 730
454 730
479 730
381 731
120 732
303 732
315 732
452 732
477 732
119 733
302 733
314 733
451 733
476 733
580 734
579 735
582 736
734 736
581 737
735 737
579 738
735 738
737 738
580 739
734 739
581 740
737 740
738 740
582 741
734 741
736 741
739 741
6 742
274 742
276 742
684 742
5 743
275 743
683 743
685 743
8 744
276 744
684 744
686 744
742 744
7 745
275 745
277 745
685 745
743 745
0 746
142 746
143 746
143 747
746 747
0 748
140 748
140 749
141 749
748 749
210 750
403 750
560 750
561 750
209 751
404 751
562 751
231 752
334 752
338 752
232 753
335 753
233 754
364 754
234 755
361 755
365 755
0 756
485 756
533 756
535 756
391 757
488 757
534 757
536 757
400 758
486 758
488 758
534 758
757 758
299 759
399 759
485 759
487 759
535 759
756 759
207 760
296 760
556 760
557 760
208 761
295 761
555 761
0 762
39 762
607 762
608 762
39 763
40 763
608 763
762 763
0 764
41 764
42 764
609 764
42 765
609 765
610 765
764 765
318 766
344 766
707 766
345 767
354 768
729 768
355 769
381 769
731 769
0 770
473 770
613 770
614 770
391 771
473 771
474 771
614 771
770 771
0 772
471 772
472 772
615 772
309 773
472 773
615 773
616 773
772 773
366 774
488 774
536 774
538 774
367 775
399 775
487 775
535 775
537 775
163 776
428 776
430 776
164 777
166 777
427 777
163 778
165 778
430 778
776 778
166 779
427 779
429 779
777 779
218 780
220 780
580 780
217 781
579 781
220 782
582 782
780 782
217 783
219 783
581 783
781 783
211 784
319 784
345 784
767 784
333 785
485 785
531 785
533 785
300 786
332 786
486 786
532 786
534 786
15 787
17 787
489 787
579 787
14 788
490 788
492 788
580 788
17 789
390 789
489 789
491 789
787 789
14 790
16 790
492 790
582 790
788 790
199 791
208 791
295 791
761 791
200 792
207 792
296 792
395 792
760 792
201 793
210 793
304 793
403 793
750 793
202 794
209 794
404 794
751 794
131 795
133 795
580 795
709 795
132 796
579 796
708 796
710 796
133 797
582 797
709 797
711 797
795 797
132 798
134 798
581 798
710 798
796 798
714 799
713 800
715 800
714 801
716 801
799 801
715 802
800 802
308 803
575 803
308 804
390 804
803 804
577 805
578 805
578 806
580 806
805 806
10 807
64 807
75 807
79 807
83 807
163 807
186 807
196 807
226 807
238 807
246 807
428 807
575 807
579 807
592 807
595 807
600 807
639 807
644 807
659 807
675 807
713 807
714 807
776 807
800 807
803 807
804 807
9 808
14 808
63 808
76 808
80 808
84 808
164 808
185 808
195 808
225 808
237 808
245 808
427 808
580 808
591 808
596 808
599 808
640 808
643 808
660 808
674 808
714 808
777 808
799 808
806 808
807 808
66 809
77 809
81 809
85 809
165 809
188 809
198 809
228 809
240 809
248 809
390 809
430 809
594 809
597 809
602 809
641 809
646 809
661 809
677 809
715 809
778 809
802 809
804 809
807 809
808 809
11 810
65 810
78 810
82 810
86 810
166 810
187 810
197 810
227 810
239 810
247 810
429 810
577 810
582 810
593 810
598 810
601 810
642 810
645 810
662 810
676 810
715 810
716 810
779 810
801 810
805 810
806 810
808 810
809 810
264 811
383 811
467 811
475 811
263 812
382 812
480 812
262 813
317 813
502 813
261 814
316 814
470 814
497 814
5 815
36 815
60 815
71 815
87 815
160 815
419 815
420 815
6 816
8 816
35 816
59 816
72 816
88 816
159 816
420 816
815 816
5 817
7 817
38 817
62 817
73 817
89 817
162 817
421 817
815 817
8 818
37 818
61 818
74 818
90 818
161 818
421 818
422 818
815 818
816 818
817 818
332 819
373 819
547 819
372 820
548 820
327 821
549 821
326 822
367 822
550 822
0 823
823 824
0 825
825 826
0 827
112 827
467 827
475 827
811 827
111 828
263 828
309 828
468 828
480 828
812 828
0 829
114 829
262 829
469 829
502 829
813 829
113 830
391 830
470 830
497 830
814 830
0 831
216 831
282 831
572 831
682 831
696 831
724 831
729 831
768 831
280 832
309 832
571 832
721 832
725 832
731 832
769 832
831 832
0 833
279 833
574 833
707 833
723 833
726 833
766 833
211 834
278 834
391 834
573 834
697 834
722 834
727 834
767 834
784 834
833 834
246 835
248 835
807 835
245 836
808 836
248 837
809 837
835 837
245 838
247 838
810 838
836 838
28 839
100 839
330 839
584 839
27 840
99 840
331 840
370 840
583 840
627 840
30 841
102 841
329 841
368 841
586 841
630 841
29 842
101 842
369 842
585 842
0 843
461 843
621 843
622 843
461 844
462 844
622 844
843 844
0 845
459 845
460 845
621 845
460 846
621 846
622 846
845 846
5 847
124 847
6 848
123 848
125 848
7 849
124 849
126 849
847 849
8 850
125 850
848 850
334 851
752 851
232 852
335 852
753 852
233 853
364 853
754 853
365 854
755 854
0 855
41 855
523 855
524 855
41 856
42 856
524 856
855 856
0 857
39 857
40 857
525 857
40 858
525 858
526 858
857 858
0 859
231 859
619 859
752 859
851 859
232 860
391 860
620 860
852 860
0 861
233 861
617 861
853 861
234 862
309 862
618 862
755 862
854 862
237 863
808 863
238 864
240 864
807 864
237 865
239 865
810 865
863 865
240 866
809 866
864 866
348 867
423 867
305 868
424 868
394 869
425 869
351 870
426 870
52 871
306 871
417 871
51 872
67 872
307 872
418 872
54 873
70 873
281 873
392 873
53 874
269 874
393 874
19 875
96 875
440 875
442 875
18 876
95 876
97 876
439 876
21 877
96 877
98 877
442 877
875 877
20 878
97 878
439 878
441 878
876 878
19 879
455 879
457 879
18 880
456 880
21 881
457 881
879 881
20 882
456 882
458 882
880 882
0 883
157 883
202 883
209 883
424 883
868 883
156 884
210 884
309 884
423 884
867 884
0 885
139 885
207 885
426 885
870 885
158 886
199 886
208 886
391 886
425 886
869 886
301 887
833 887
834 887
398 888
831 888
832 888
2 889
5 889
275 889
277 889
1 890
3 890
6 890
274 890
2 891
4 891
7 891
277 891
889 891
3 892
8 892
274 892
276 892
890 892
595 893
807 893
864 893
866 893
596 894
598 894
808 894
863 894
595 895
597 895
809 895
866 895
893 895
598 896
810 896
863 896
865 896
894 896
0 897
609 897
610 897
699 897
610 898
699 898
700 898
897 898
0 899
607 899
701 899
702 899
607 900
608 900
702 900
899 900
0 901
140 901
141 901
551 901
141 902
551 902
552 902
901 902
0 903
142 903
553 903
554 903
142 904
143 904
554 904
903 904
326 905
617 905
822 905
861 905
327 906
618 906
821 906
372 907
619 907
820 907
373 908
620 908
819 908
860 908
262 909
405 909
450 909
469 909
60 910
71 910
73 910
815 910
59 911
61 911
72 911
816 911
60 912
62 912
73 912
817 912
910 912
61 913
72 913
74 913
818 913
911 913
0 914
535 914
537 914
550 914
822 914
861 914
905 914
309 915
536 915
549 915
618 915
821 915
862 915
906 915
0 916
533 916
548 916
619 916
820 916
859 916
907 916
391 917
532 917
534 917
547 917
819 917
860 917
908 917
6 918
55 918
507 918
509 918
5 919
56 919
58 919
508 919
8 920
55 920
57 920
509 920
918 920
7 921
58 921
508 921
510 921
919 921
0 922
193 922
194 922
649 922
194 923
649 923
650 923
922 923
0 924
191 924
647 924
648 924
191 925
192 925
648 925
924 925
264 926
293 926
383 926
448 926
467 926
263 927
294 927
447 927
468 927
5 928
266 928
268 928
847 928
6 929
265 929
848 929
850 929
7 930
268 930
847 930
849 930
928 930
8 931
265 931
267 931
850 931
929 931
5 932
36 932
38 932
512 932
6 933
35 933
511 933
513 933
816 933
7 934
38 934
512 934
514 934
817 934
932 934
8 935
35 935
37 935
513 935
933 935
216 936
380 936
729 936
831 936
88 937
90 937
816 937
87 938
815 938
90 939
818 939
937 939
87 940
89 940
817 940
938 940
335 941
373 941
620 941
852 941
860 941
334 942
619 942
851 942
859 942
261 943
316 943
406 943
449 943
470 943
580 944
604 944
579 945
603 945
605 945
582 946
604 946
606 946
944 946
581 947
605 947
945 947
326 948
364 948
617 948
853 948
861 948
365 949
618 949
854 949
862 949
322 950
673 950
727 950
323 951
672 951
726 951
376 952
454 952
663 952
377 953
724 953
728 953
182 954
184 954
567 954
623 954
181 955
568 955
623 955
624 955
184 956
569 956
623 956
624 956
954 956
181 957
183 957
569 957
570 957
624 957
955 957
68 958
270 958
289 958
310 958
651 958
271 959
311 959
652 959
272 960
388 960
653 960
69 961
273 961
389 961
410 961
654 961
19 962
499 962
631 962
633 962
18 963
498 963
500 963
632 963
21 964
499 964
501 964
633 964
962 964
20 965
500 965
632 965
634 965
963 965
19 966
444 966
18 967
443 967
445 967
21 968
444 968
446 968
966 968
20 969
445 969
967 969
377 970
434 970
724 970
953 970
0 971
45 971
831 971
832 971
45 972
46 972
309 972
832 972
971 972
0 973
43 973
44 973
833 973
44 974
391 974
833 974
834 974
973 974
189 975
230 975
231 975
338 975
407 975
557 975
190 976
229 976
339 976
558 976
180 977
236 977
360 977
559 977
179 978
234 978
235 978
292 978
361 978
560 978
322 979
431 979
727 979
950 979
376 980
433 980
454 980
952 980
76 981
78 981
799 981
808 981
75 982
800 982
802 982
807 982
78 983
799 983
801 983
810 983
981 983
75 984
77 984
802 984
809 984
982 984
18 985
19 986
20 987
985 987
21 988
986 988
122 989
281 989
397 989
121 990
269 990
396 990
453 990
120 991
303 991
417 991
452 991
119 992
302 992
418 992
540 993
580 993
709 993
711 993
539 994
541 994
579 994
708 994
540 995
542 995
582 995
711 995
993 995
541 996
581 996
708 996
710 996
994 996
18 997
665 997
19 998
664 998
666 998
20 999
665 999
667 999
997 999
21 1000
666 1000
998 1000
323 1001
432 1001
451 1001
726 1001
951 1001
515 1002
580 1002
516 1003
518 1003
579 1003
515 1004
517 1004
582 1004
1002 1004
518 1005
581 1005
1003 1005
324 1006
563 1006
328 1007
564 1007
371 1008
565 1008
375 1009
566 1009
0 1010
519 1010
520 1010
823 1010
520 1011
823 1011
824 1011
1010 1011
0 1012
521 1012
825 1012
826 1012
521 1013
522 1013
826 1013
1012 1013
218 1014
580 1014
734 1014
736 1014
217 1015
219 1015
579 1015
735 1015
218 1016
220 1016
582 1016
736 1016
1014 1016
219 1017
581 1017
735 1017
737 1017
1015 1017
226 1018
228 1018
600 1018
807 1018
225 1019
599 1019
601 1019
808 1019
228 1020
600 1020
602 1020
809 1020
1018 1020
225 1021
227 1021
601 1021
810 1021
1019 1021
195 1022
808 1022
196 1023
198 1023
807 1023
195 1024
197 1024
810 1024
1022 1024
198 1025
809 1025
1023 1025
278 1026
301 1026
834 1026
887 1026
279 1027
301 1027
833 1027
887 1027
282 1028
398 1028
831 1028
888 1028
280 1029
398 1029
832 1029
888 1029
0 1030
505 1030
823 1030
824 1030
505 1031
506 1031
824 1031
1030 1031
0 1032
503 1032
504 1032
825 1032
504 1033
825 1033
826 1033
1032 1033
0 1034
137 1034
138 1034
148 1034
138 1035
148 1035
149 1035
1034 1035
0 1036
135 1036
150 1036
151 1036
135 1037
136 1037
151 1037
1036 1037
153 1038
155 1038
212 1038
580 1038
152 1039
213 1039
215 1039
579 1039
155 1040
212 1040
214 1040
582 1040
1038 1040
152 1041
154 1041
215 1041
581 1041
1039 1041
0 1042
53 1042
69 1042
269 1042
453 1042
874 1042
990 1042
70 1043
122 1043
281 1043
309 1043
454 1043
873 1043
989 1043
0 1044
67 1044
119 1044
418 1044
451 1044
872 1044
992 1044
52 1045
68 1045
391 1045
417 1045
452 1045
871 1045
991 1045
580 1046
780 1046
782 1046
1002 1046
579 1047
781 1047
1003 1047
1005 1047
582 1048
782 1048
1002 1048
1004 1048
1046 1048
581 1049
781 1049
783 1049
1005 1049
1047 1049
420 1050
816 1050
419 1051
421 1051
815 1051
420 1052
422 1052
818 1052
1050 1052
421 1053
817 1053
1051 1053
5 1054
23 1054
25 1054
6 1055
22 1055
7 1056
25 1056
1054 1056
8 1057
22 1057
24 1057
1055 1057
114 1058
357 1058
626 1058
113 1059
356 1059
625 1059
830 1059
112 1060
343 1060
611 1060
827 1060
111 1061
342 1061
612 1061
0 1062
13 1062
114 1062
626 1062
635 1062
829 1062
1058 1062
391 1063
625 1063
636 1063
830 1063
1059 1063
0 1064
26 1064
611 1064
637 1064
827 1064
1060 1064
111 1065
309 1065
612 1065
638 1065
828 1065
1061 1065
203 1066
325 1066
483 1066
564 1066
363 1067
484 1067
563 1067
336 1068
481 1068
566 1068
206 1069
374 1069
482 1069
565 1069
79 1070
81 1070
807 1070
80 1071
808 1071
81 1072
809 1072
1070 1072
80 1073
82 1073
810 1073
1071 1073
579 1074
603 1074
580 1075
604 1075
606 1075
581 1076
603 1076
605 1076
1074 1076
582 1077
606 1077
1075 1077
358 1078
495 1078
719 1078
359 1079
414 1079
496 1079
629 1079
720 1079
285 1080
340 1080
493 1080
628 1080
717 1080
341 1081
494 1081
718 1081
568 1082
567 1083
570 1084
1082 1084
569 1085
1083 1085
196 1086
807 1086
1070 1086
1072 1086
195 1087
197 1087
808 1087
1071 1087
196 1088
198 1088
809 1088
1072 1088
1086 1088
197 1089
810 1089
1071 1089
1073 1089
1087 1089
0 1090
203 1090
564 1090
1007 1090
1066 1090
108 1091
204 1091
309 1091
484 1091
563 1091
1067 1091
0 1092
205 1092
481 1092
566 1092
1068 1092
206 1093
391 1093
565 1093
1008 1093
1069 1093
0 1094
29 1094
101 1094
1007 1094
1090 1094
102 1095
309 1095
563 1095
1006 1095
1091 1095
0 1096
99 1096
566 1096
1009 1096
1092 1096
28 1097
100 1097
391 1097
1008 1097
1093 1097
0 1098
448 1098
467 1098
496 1098
629 1098
1079 1098
309 1099
468 1099
495 1099
630 1099
719 1099
1078 1099
0 1100
469 1100
494 1100
627 1100
718 1100
1081 1100
391 1101
449 1101
470 1101
493 1101
628 1101
1080 1101
308 1102
309 1102
575 1102
576 1102
803 1102
42 1103
128 1103
138 1103
141 1103
145 1103
149 1103
174 1103
192 1103
258 1103
309 1103
460 1103
504 1103
522 1103
524 1103
544 1103
552 1103
610 1103
622 1103
648 1103
700 1103
749 1103
765 1103
826 1103
844 1103
846 1103
856 1103
898 1103
902 1103
925 1103
1013 1103
1033 1103
1035 1103
1102 1103
390 1104
518 1104
576 1104
581 1104
1102 1104
1103 1104
40 1105
130 1105
136 1105
143 1105
147 1105
151 1105
172 1105
194 1105
260 1105
390 1105
391 1105
462 1105
506 1105
520 1105
526 1105
546 1105
554 1105
608 1105
614 1105
650 1105
702 1105
747 1105
763 1105
824 1105
844 1105
858 1105
900 1105
904 1105
923 1105
1011 1105
1031 1105
1037 1105
1103 1105
1104 1105
0 1106
67 1106
205 1106
271 1106
652 1106
959 1106
68 1107
110 1107
206 1107
391 1107
651 1107
958 1107
0 1108
69 1108
107 1108
203 1108
654 1108
961 1108
70 1109
204 1109
272 1109
309 1109
653 1109
960 1109
591 1110
593 1110
808 1110
1022 1110
592 1111
807 1111
1023 1111
1025 1111
593 1112
810 1112
1022 1112
1024 1112
1110 1112
592 1113
594 1113
809 1113
1025 1113
1111 1113
26 1114
222 1114
349 1114
1064 1114
221 1115
412 1115
13 1116
224 1116
287 1116
223 1117
350 1117
1063 1117
29 1118
328 1118
1007 1118
1094 1118
30 1119
102 1119
324 1119
329 1119
1006 1119
1095 1119
27 1120
99 1120
370 1120
375 1120
1009 1120
1096 1120
28 1121
371 1121
1008 1121
1097 1121
0 1122
222 1122
868 1122
883 1122
1064 1122
1114 1122
221 1123
309 1123
884 1123
1065 1123
1115 1123
0 1124
13 1124
224 1124
885 1124
1062 1124
1116 1124
223 1125
391 1125
869 1125
886 1125
1063 1125
1117 1125
19 1126
528 1126
530 1126
986 1126
18 1127
527 1127
985 1127
987 1127
21 1128
530 1128
986 1128
988 1128
1126 1128
20 1129
527 1129
529 1129
987 1129
1127 1129
234 1130
235 1130
361 1130
755 1130
233 1131
236 1131
360 1131
364 1131
754 1131
229 1132
232 1132
335 1132
339 1132
753 1132
230 1133
231 1133
338 1133
752 1133
223 1134
350 1134
394 1134
869 1134
1125 1134
83 1135
807 1135
835 1135
837 1135
84 1136
86 1136
808 1136
836 1136
83 1137
85 1137
809 1137
837 1137
1135 1137
86 1138
810 1138
836 1138
838 1138
1136 1138
0 1139
146 1139
746 1139
747 1139
146 1140
147 1140
747 1140
1105 1140
1139 1140
0 1141
144 1141
145 1141
748 1141
145 1142
748 1142
749 1142
1103 1142
1141 1142
5 1143
512 1143
514 1143
704 1143
6 1144
511 1144
703 1144
705 1144
7 1145
514 1145
704 1145
706 1145
1143 1145
8 1146
511 1146
513 1146
705 1146
1144 1146
19 1147
966 1147
998 1147
1000 1147
18 1148
967 1148
969 1148
997 1148
21 1149
966 1149
968 1149
1000 1149
1147 1149
20 1150
969 1150
997 1150
999 1150
1148 1150
224 1151
351 1151
870 1151
885 1151
1124 1151
318 1152
707 1152
833 1152
354 1153
682 1153
768 1153
831 1153
436 1154
567 1154
435 1155
437 1155
568 1155
436 1156
438 1156
569 1156
1154 1156
437 1157
570 1157
1155 1157
103 1158
579 1158
945 1158
947 1158
104 1159
106 1159
580 1159
944 1159
103 1160
105 1160
581 1160
947 1160
1158 1160
106 1161
582 1161
944 1161
946 1161
1159 1161
301 1162
318 1162
833 1162
1152 1162
211 1163
319 1163
834 1163
216 1164
380 1164
831 1164
381 1165
398 1165
832 1165
381 1166
731 1166
832 1166
1165 1166
283 1167
346 1167
454 1167
663 1167
284 1168
347 1168
724 1168
728 1168
352 1169
416 1169
673 1169
727 1169
353 1170
415 1170
672 1170
726 1170
167 1171
169 1171
579 1171
688 1171
168 1172
580 1172
687 1172
689 1172
169 1173
581 1173
688 1173
690 1173
1171 1173
168 1174
170 1174
582 1174
689 1174
1172 1174
355 1175
721 1175
769 1175
832 1175
254 1176
579 1176
688 1176
690 1176
253 1177
255 1177
580 1177
687 1177
254 1178
256 1178
581 1178
690 1178
1176 1178
255 1179
582 1179
687 1179
689 1179
1177 1179
344 1180
723 1180
766 1180
833 1180
345 1181
722 1181
767 1181
834 1181
293 1182
414 1182
448 1182
496 1182
1098 1182
294 1183
447 1183
468 1183
495 1183
1099 1183
405 1184
450 1184
469 1184
494 1184
1100 1184
285 1185
406 1185
449 1185
493 1185
1101 1185
221 1186
348 1186
867 1186
884 1186
1123 1186
222 1187
305 1187
349 1187
868 1187
1122 1187
463 1188
465 1188
567 1188
1154 1188
464 1189
568 1189
1155 1189
1157 1189
465 1190
569 1190
1154 1190
1156 1190
1188 1190
464 1191
466 1191
570 1191
1157 1191
1189 1191
107 1192
203 1192
320 1192
483 1192
108 1193
321 1193
363 1193
409 1193
484 1193
1091 1193
109 1194
205 1194
290 1194
336 1194
378 1194
481 1194
110 1195
206 1195
379 1195
482 1195
0 1196
135 1196
136 1196
193 1196
136 1197
193 1197
194 1197
1105 1197
1196 1197
0 1198
137 1198
191 1198
192 1198
137 1199
138 1199
192 1199
1103 1199
1198 1199
580 1200
739 1200
1075 1200
1077 1200
579 1201
738 1201
740 1201
1074 1201
582 1202
739 1202
741 1202
1077 1202
1200 1202
581 1203
740 1203
1074 1203
1076 1203
1201 1203
280 1204
398 1204
832 1204
1165 1204
279 1205
301 1205
833 1205
1162 1205
278 1206
301 1206
319 1206
834 1206
1163 1206
464 1207
466 1207
568 1207
1082 1207
463 1208
567 1208
1083 1208
1085 1208
466 1209
570 1209
1082 1209
1084 1209
1207 1209
463 1210
465 1210
569 1210
1085 1210
1208 1210
282 1211
380 1211
398 1211
831 1211
1164 1211
19 1212
455 1212
986 1212
988 1212
18 1213
456 1213
458 1213
985 1213
21 1214
455 1214
457 1214
988 1214
1212 1214
20 1215
458 1215
985 1215
987 1215
1213 1215
5 1216
683 1216
1054 1216
1056 1216
6 1217
684 1217
686 1217
1055 1217
7 1218
683 1218
685 1218
1056 1218
1216 1218
8 1219
686 1219
1055 1219
1057 1219
1217 1219
0 1220
259 1220
260 1220
701 1220
260 1221
701 1221
702 1221
1105 1221
1220 1221
0 1222
257 1222
699 1222
700 1222
257 1223
258 1223
700 1223
1103 1223
1222 1223
0 1224
525 1224
526 1224
613 1224
526 1225
613 1225
614 1225
1105 1225
1224 1225
0 1226
523 1226
615 1226
616 1226
309 1227
523 1227
524 1227
616 1227
1103 1227
1226 1227
412 1228
638 1228
1065 1228
1115 1228
1123 1228
19 1229
440 1229
568 1229
1082 1229
1084 1229
439 1230
441 1230
567 1230
1083 1230
440 1231
442 1231
570 1231
1084 1231
1229 1231
20 1232
441 1232
569 1232
1083 1232
1085 1232
1230 1232
815 1233
938 1233
1051 1233
1053 1233
816 1234
937 1234
939 1234
1050 1234
817 1235
938 1235
940 1235
1053 1235
1233 1235
818 1236
939 1236
1050 1236
1052 1236
1234 1236
288 1237
350 1237
636 1237
1063 1237
1117 1237
19 1238
176 1238
879 1238
881 1238
18 1239
175 1239
177 1239
880 1239
21 1240
176 1240
178 1240
881 1240
1238 1240
20 1241
177 1241
880 1241
882 1241
1239 1241

Faces (Indices):
9 14 11
14 16 11
10 12 17
15 10 17
18 5 2
5 18 7
19 1 6
20 4 7
18 20 7
8 3 21
8 21 6
21 19 6
72 74 88
89 73 71
87 89 71
74 90 88
148 144 0
149 145 144
148 149 144
0 146 150
146 147 150
147 151 150
35 37 159
60 62 160
161 61 59
37 161 159
159 161 59
162 38 36
160 162 36
62 162 160
164 63 65
66 64 165
64 163 165
166 164 65
167 152 154
169 167 154
155 153 170
153 168 170
129 171 0
129 130 171
130 172 171
0 173 127
174 128 127
173 174 127
47 175 18
47 49 175
176 48 19
20 177 49
49 177 175
21 50 178
178 50 48
176 178 48
31 33 182
183 34 32
181 183 32
33 184 182
139 200 207
156 201 210
213 132 134
133 131 214
131 212 214
215 213 134
238 186 188
187 185 239
185 237 239
240 238 188
241 92 5
91 242 6
91 93 242
94 243 7
243 94 92
241 243 92
8 244 93
93 244 242
249 56 5
124 249 5
124 126 249
55 250 6
55 57 250
250 123 6
58 251 7
251 58 56
251 126 7
249 251 56
126 251 249
8 252 57
125 252 8
252 125 123
57 252 250
250 252 123
6 265 91
5 92 266
92 94 266
93 267 8
267 93 91
265 267 91
7 268 94
94 268 266
291 115 180
179 116 292
158 199 295
304 201 156
312 306 52
310 312 270
325 328 308
329 324 309
346 283 297
309 346 297
298 284 347
298 347 308
304 348 309
349 305 308
351 224 287
354 298 308
297 355 309
357 114 317
291 180 360
291 360 308
361 292 309
308 320 362
362 325 308
363 321 309
309 324 363
308 364 326
360 364 308
365 309 327
365 361 309
309 366 327
326 367 308
368 329 309
309 358 368
369 328 29
308 328 369
369 359 308
330 371 28
376 346 309
308 347 377
379 289 110
308 380 354
309 381 308
355 381 309
382 263 294
309 382 294
342 111 382
342 382 309
293 383 308
383 343 308
377 384 308
385 376 309
309 388 386
387 273 389
387 389 308
17 12 390
307 302 390
290 311 390
313 307 390
390 311 313
390 302 314
314 323 390
390 299 333
334 338 390
390 286 341
331 390 341
318 390 344
351 287 390
323 353 390
390 287 357
357 317 390
331 370 390
390 333 372
334 390 372
390 375 336
370 375 390
378 290 390
336 378 390
303 306 391
391 300 309
310 289 391
391 306 312
312 310 391
315 303 391
301 391 318
301 319 391
391 322 315
332 300 391
339 335 391
340 285 391
330 340 391
319 345 391
288 350 391
352 322 391
356 288 391
316 356 391
391 371 330
373 332 391
391 335 373
337 374 391
374 371 391
289 379 391
391 379 337
391 390 318
386 392 309
393 53 387
308 393 387
394 158 295
295 391 394
391 350 394
395 200 139
390 296 395
395 351 390
384 396 308
396 269 393
396 393 308
309 397 385
392 281 397
392 397 309
308 398 380
381 398 308
367 399 308
399 299 390
308 399 390
300 400 309
309 400 366
391 345 401
401 352 391
390 402 344
390 353 402
292 116 403
309 292 403
403 304 309
157 202 404
305 157 404
308 404 291
305 404 308
317 262 405
390 405 286
317 405 390
391 285 406
406 316 391
407 189 117
407 117 296
390 407 296
338 407 390
408 118 190
408 190 339
295 408 391
408 339 391
321 409 309
309 409 388
410 107 320
410 320 308
389 410 308
343 411 308
411 26 349
308 411 349
412 342 309
348 221 412
309 348 412
294 413 309
413 358 309
308 414 293
359 414 308
353 415 402
352 401 416
306 303 417
307 418 302
420 422 419
422 421 419
156 423 304
304 423 348
305 424 157
394 425 158
139 426 395
395 426 351
428 83 85
86 84 429
84 427 429
430 428 85
322 431 315
384 377 434
32 34 435
34 437 435
438 33 31
436 438 31
475 112 343
383 475 343
323 314 476
432 323 476
451 432 476
431 477 315
477 431 452
478 384 434
478 434 453
376 385 479
433 376 479
454 433 479
111 480 382
374 337 482
337 379 482
483 362 320
362 483 325
299 485 333
300 486 400
400 488 366
494 341 286
405 494 286
294 495 413
495 358 413
497 113 356
316 497 356
2 4 498
498 18 2
499 1 19
500 4 20
4 500 498
501 3 1
3 501 21
499 501 1
114 502 317
127 503 0
127 128 503
128 504 503
505 129 0
506 130 129
505 506 129
22 507 6
22 24 507
508 23 5
8 509 24
24 509 507
25 510 7
510 25 23
508 510 23
516 489 491
492 490 517
490 515 517
518 491 390
518 516 491
461 519 0
461 462 519
462 520 519
0 521 459
522 460 459
521 522 459
527 443 18
444 528 19
444 446 528
445 529 20
529 445 443
527 529 443
530 446 21
446 530 528
309 536 391
539 103 105
541 539 105
106 104 542
104 540 542
0 257 543
257 258 543
258 544 543
545 259 0
546 260 259
545 546 259
547 532 332
372 333 548
548 333 531
531 533 548
366 549 327
538 549 366
538 536 549
550 537 367
551 173 0
552 174 173
551 552 173
0 171 553
171 172 553
172 554 553
555 118 408
295 555 408
117 556 296
117 189 557
0 207 557
557 231 0
557 556 117
190 118 558
232 229 558
558 208 391
232 558 391
118 555 558
558 555 208
180 115 559
559 209 0
233 559 0
233 236 559
116 179 560
210 560 309
309 560 234
116 561 403
560 561 116
562 115 291
404 562 291
115 562 559
559 562 209
324 563 363
325 564 328
374 565 371
375 566 336
20 18 567
567 31 182
436 31 567
18 439 567
181 32 568
32 435 568
184 33 569
569 33 438
569 20 567
569 567 568
21 570 19
34 183 570
570 437 34
21 442 570
570 568 19
570 569 568
10 15 579
152 167 579
579 132 213
489 516 579
103 539 579
168 153 580
212 131 580
515 490 580
540 104 580
578 577 580
169 154 581
215 134 581
581 541 105
581 576 575
579 581 575
11 16 582
155 170 582
582 133 214
492 517 582
106 542 582
577 582 580
580 582 579
582 581 579
340 330 584
359 369 585
253 580 587
588 254 256
254 588 579
255 253 589
255 589 582
253 587 589
256 581 590
590 588 256
596 9 11
12 10 597
390 12 597
10 595 597
598 596 11
599 185 187
601 599 187
188 186 602
186 600 602
411 343 611
365 327 618
372 619 334
567 623 568
288 356 625
99 627 0
628 100 391
100 628 584
629 101 0
101 629 585
309 102 630
635 287 13
357 287 635
626 357 635
636 288 625
411 637 26
637 411 611
342 412 638
612 342 638
639 64 66
641 639 66
65 63 642
63 640 642
643 225 227
644 639 641
642 640 645
645 643 227
640 643 645
228 226 646
226 644 646
646 644 641
543 647 0
543 544 647
544 648 647
649 545 0
650 546 545
649 650 545
110 289 651
652 109 205
109 652 290
290 652 311
653 108 204
108 653 409
409 653 388
410 654 107
579 655 580
588 655 579
655 588 590
580 656 587
655 656 580
581 657 590
657 655 590
656 655 657
582 658 581
589 658 582
589 587 658
587 656 658
658 657 581
658 656 657
659 592 594
660 245 247
248 246 661
246 659 661
661 659 594
593 591 662
662 660 247
591 660 662
376 663 346
96 664 19
96 98 664
18 665 95
21 666 98
98 666 664
97 667 20
667 97 95
665 667 95
45 668 0
45 46 668
668 471 0
309 669 46
472 669 309
669 472 471
46 669 668
668 669 471
670 43 0
0 473 670
473 474 670
671 44 43
44 671 391
671 474 391
670 671 43
474 671 670
323 672 353
322 352 673
674 80 82
675 75 77
78 76 676
76 674 676
676 674 82
81 79 677
677 675 77
79 675 677
678 47 18
18 632 678
632 634 678
19 48 679
48 50 679
19 679 631
49 680 20
680 49 47
680 634 20
678 680 47
634 680 678
681 50 21
633 681 21
681 633 631
50 681 679
679 681 631
298 354 682
572 298 682
52 68 691
68 270 691
691 312 52
270 312 691
51 692 67
692 271 67
692 51 307
692 311 271
307 313 692
313 311 692
54 693 70
693 272 70
693 388 272
386 388 693
693 54 392
392 386 693
53 69 694
69 273 694
53 694 387
387 694 273
283 695 297
695 283 454
297 695 571
696 284 298
572 696 298
416 401 697
401 573 697
415 698 402
402 698 574
242 703 6
242 244 703
704 241 5
8 705 244
244 705 703
243 706 7
706 243 241
704 706 241
121 396 712
396 384 712
453 121 712
712 384 478
712 478 453
713 714 716
715 713 716
717 340 584
628 717 584
341 718 331
718 583 331
718 627 583
358 719 368
719 586 368
630 586 719
720 359 585
629 720 585
355 297 721
721 297 571
345 722 401
722 573 401
344 402 723
723 402 574
0 453 724
453 434 724
284 696 724
309 725 454
725 695 454
571 695 725
726 451 0
726 698 415
574 698 726
391 452 727
452 431 727
416 697 727
347 728 377
380 729 354
730 397 122
385 397 730
730 122 454
479 385 730
479 730 454
732 120 303
315 732 303
452 120 732
315 477 732
732 477 452
733 302 119
314 302 733
733 119 451
476 314 733
476 733 451
735 738 579
738 735 737
739 734 580
740 737 581
740 738 737
741 582 736
736 734 741
734 739 741
274 742 6
274 276 742
742 684 6
743 275 5
683 743 5
683 685 743
744 276 8
686 744 8
744 686 684
276 744 742
742 744 684
277 745 7
745 277 275
745 685 7
743 745 275
685 745 743
0 142 746
142 143 746
143 747 746
748 140 0
749 141 140
748 749 140
560 210 750
403 561 750
561 560 750
562 751 209
751 562 404
338 334 752
365 755 361
533 756 0
533 485 756
0 756 535
391 757 534
536 757 391
536 488 757
486 758 400
400 758 488
758 486 534
488 758 757
757 758 534
399 759 299
759 485 299
399 487 759
759 487 535
485 759 756
756 759 535
296 556 760
557 207 760
556 557 760
555 761 208
761 555 295
762 39 0
607 762 0
607 608 762
763 40 39
762 763 39
608 763 762
0 41 764
41 42 764
764 609 0
765 610 609
42 765 764
764 765 609
318 344 766
707 318 766
729 768 354
381 355 769
731 381 769
770 473 0
613 770 0
613 614 770
474 771 391
771 474 473
771 614 391
770 771 473
614 771 770
0 471 772
471 472 772
772 615 0
773 472 309
309 616 773
773 616 615
472 773 772
772 773 615
488 774 366
774 488 536
774 538 366
538 774 536
367 775 399
775 487 399
535 487 775
537 775 367
537 535 775
776 428 430
777 164 166
165 163 778
163 776 778
778 776 430
429 427 779
779 777 166
427 777 779
780 218 220
218 780 580
781 217 579
782 220 582
782 780 220
219 217 783
581 219 783
217 781 783
784 319 211
345 319 784
767 345 784
485 785 333
333 785 531
785 485 533
531 785 533
332 786 300
786 486 300
532 786 332
534 486 786
532 534 786
787 15 17
579 15 787
787 489 579
788 490 492
580 788 14
580 490 788
789 17 390
491 789 390
491 489 789
789 787 17
489 787 789
16 14 790
16 790 582
582 790 492
14 788 790
790 788 492
791 199 208
295 199 791
208 761 791
791 761 295
207 200 792
792 200 395
296 792 395
760 207 792
760 792 296
210 201 793
793 201 304
403 793 304
750 210 793
750 793 403
794 202 209
404 202 794
209 751 794
794 751 404
795 131 133
580 131 795
795 709 580
796 132 579
708 796 579
796 708 710
797 133 582
711 797 582
711 709 797
797 795 133
709 795 797
134 132 798
134 798 581
581 798 710
132 796 798
798 796 710
800 713 715
716 714 801
714 799 801
802 800 715
804 308 390
804 803 308
805 577 578
806 578 580
806 805 578
163 64 807
186 238 807
83 428 807
807 10 579
807 579 575
595 10 807
600 186 807
64 639 807
807 644 226
639 644 807
659 246 807
807 592 659
75 675 807
675 79 807
713 807 714
776 163 807
807 428 776
713 800 807
803 807 575
803 804 807
14 9 808
63 164 808
237 185 808
427 84 808
580 14 808
808 9 596
185 599 808
808 640 63
225 643 808
643 640 808
245 660 808
808 660 591
674 76 808
808 80 674
164 777 808
808 777 427
714 808 799
808 806 580
807 808 714
809 66 165
240 188 809
430 85 809
390 597 809
809 188 602
641 66 809
809 228 646
646 641 809
248 661 809
809 661 594
677 77 809
809 81 677
809 165 778
430 809 778
715 809 802
809 804 390
804 809 807
807 809 808
166 65 810
187 239 810
86 429 810
582 810 11
810 582 577
810 598 11
601 187 810
65 642 810
645 227 810
810 642 645
662 247 810
810 593 662
78 676 810
810 676 82
716 810 715
810 779 166
429 779 810
810 716 801
805 810 577
810 805 806
808 810 806
810 809 715
809 810 808
264 811 383
811 264 467
811 475 383
812 263 382
382 480 812
813 262 317
317 502 813
261 814 316
814 261 470
814 497 316
815 36 5
87 71 815
160 36 815
60 160 815
420 419 815
8 6 816
72 88 816
816 35 159
159 59 816
816 420 815
7 817 5
817 73 89
817 38 162
817 162 62
817 815 5
818 37 8
90 74 818
161 37 818
61 161 818
421 422 818
818 8 816
816 815 818
817 421 818
815 817 818
332 373 819
547 332 819
820 372 548
549 821 327
367 326 822
550 367 822
827 467 0
827 112 475
827 811 467
475 811 827
468 263 828
309 468 828
111 828 480
263 812 828
828 812 480
469 829 0
829 469 262
502 114 829
813 829 262
813 502 829
830 470 391
830 113 497
830 814 470
497 814 830
831 572 682
696 572 831
724 831 0
724 696 831
831 768 729
721 571 832
832 725 309
832 571 725
731 769 832
723 574 833
833 726 0
833 574 726
707 766 833
697 573 834
573 722 834
727 834 391
727 697 834
834 784 211
767 784 834
835 246 248
246 835 807
836 245 808
837 248 809
837 835 248
247 245 838
247 838 810
245 836 838
839 28 100
839 330 28
584 839 100
584 330 839
840 99 27
840 27 370
370 331 840
331 583 840
627 99 840
583 627 840
102 30 841
841 30 329
329 368 841
368 586 841
102 841 630
841 586 630
842 29 101
842 369 29
585 842 101
585 369 842
843 461 0
0 621 843
621 622 843
844 462 461
843 844 461
622 844 843
459 845 0
459 460 845
845 621 0
846 622 621
460 846 845
845 846 621
5 847 124
6 123 848
123 125 848
7 126 849
849 126 124
847 849 124
850 125 8
125 850 848
752 334 851
852 753 232
753 852 335
853 754 233
754 853 364
854 755 365
855 41 0
523 855 0
523 524 855
856 42 41
855 856 41
524 856 855
0 39 857
39 40 857
857 525 0
858 526 525
40 858 857
857 858 525
231 859 0
859 231 752
851 859 752
391 860 232
860 852 232
0 861 233
861 853 233
234 862 309
862 234 755
854 862 755
808 863 237
864 238 240
807 238 864
239 237 865
810 239 865
237 863 865
866 240 809
866 864 240
423 867 348
305 868 424
394 869 425
426 870 351
52 306 871
871 306 417
51 67 872
51 872 307
307 872 418
54 70 873
54 873 392
392 873 281
393 874 53
269 874 393
875 96 19
19 440 875
440 442 875
95 876 18
95 97 876
876 439 18
98 877 21
877 98 96
877 442 21
875 877 96
442 877 875
878 97 20
20 441 878
878 441 439
97 878 876
876 878 439
19 455 879
455 457 879
880 456 18
21 881 457
457 881 879
20 458 882
882 458 456
880 882 456
202 157 883
0 209 883
209 202 883
883 157 424
424 868 883
884 156 210
884 210 309
423 156 884
867 423 884
885 207 0
885 139 207
426 139 885
870 426 885
199 158 886
208 199 886
391 208 886
886 158 425
425 869 886
833 834 887
888 832 831
2 5 889
5 275 889
275 277 889
1 3 890
1 890 6
6 890 274
891 4 2
4 891 7
7 891 277
889 891 2
277 891 889
892 3 8
8 276 892
892 276 274
3 892 890
890 892 274
893 595 807
864 893 807
893 864 866
894 596 598
596 894 808
894 863 808
597 595 895
597 895 809
809 895 866
595 893 895
895 893 866
896 598 810
865 896 810
865 863 896
896 894 598
863 894 896
609 897 0
609 610 897
0 897 699
898 700 699
610 898 897
897 898 699
0 899 607
701 899 0
701 702 899
900 608 607
899 900 607
702 900 899
0 140 901
140 141 901
901 551 0
902 552 551
141 902 901
901 902 551
903 142 0
553 903 0
553 554 903
904 143 142
903 904 142
554 904 903
326 617 905
822 326 905
905 617 861
618 327 906
327 821 906
907 619 372
820 907 372
373 620 908
819 373 908
908 620 860
262 909 405
405 909 450
262 469 909
469 450 909
71 73 910
815 910 60
71 910 815
59 61 911
59 911 816
816 911 72
912 62 60
62 912 817
912 73 817
910 912 60
73 912 910
913 74 72
818 913 61
74 913 818
61 913 911
911 913 72
535 914 0
914 535 537
550 914 537
550 822 914
914 861 0
822 905 914
914 905 861
309 915 536
536 915 549
549 915 821
862 915 309
862 618 915
618 906 915
915 906 821
916 533 0
533 916 548
548 916 820
0 859 916
859 619 916
619 907 916
916 907 820
534 917 391
917 534 532
547 917 532
547 819 917
917 860 391
819 908 917
917 908 860
6 918 55
507 918 6
507 509 918
5 56 919
56 58 919
919 508 5
57 920 8
920 57 55
920 509 8
918 920 55
509 920 918
7 921 58
510 921 7
921 510 508
58 921 919
919 921 508
193 922 0
193 194 922
0 922 649
923 650 649
194 923 922
922 923 649
0 924 191
647 924 0
647 648 924
925 192 191
924 925 191
648 925 924
264 383 926
383 293 926
926 293 448
467 264 926
448 467 926
263 927 294
294 927 447
927 263 468
447 927 468
266 928 5
266 268 928
928 847 5
929 265 6
848 929 6
848 850 929
930 268 7
849 930 7
930 849 847
268 930 928
928 930 847
267 931 8
931 267 265
8 931 850
929 931 265
850 931 929
36 932 5
36 38 932
5 932 512
6 511 933
511 513 933
6 933 816
933 35 816
514 934 7
934 514 512
7 934 817
934 38 817
38 934 932
932 934 512
37 935 8
935 37 35
8 935 513
933 935 35
513 935 933
216 936 380
936 729 380
936 216 831
729 936 831
88 90 937
88 937 816
815 938 87
818 939 90
90 939 937
940 89 87
89 940 817
938 940 87
335 941 373
941 620 373
852 941 335
860 620 941
941 852 860
619 942 334
334 942 851
942 619 859
851 942 859
261 316 943
316 406 943
943 406 449
470 261 943
449 470 943
944 604 580
579 603 945
945 603 605
606 946 582
606 604 946
604 944 946
581 947 605
947 945 605
364 948 326
948 617 326
853 948 364
861 617 948
948 853 861
949 365 618
949 854 365
949 618 862
854 949 862
950 322 673
950 673 727
323 951 672
672 951 726
376 952 663
663 952 454
728 953 377
953 728 724
182 184 954
182 954 567
954 623 567
568 955 181
623 955 568
623 624 955
956 184 569
569 624 956
956 624 623
184 956 954
954 956 623
957 183 181
183 957 570
570 957 569
957 624 569
955 957 181
624 957 955
958 270 68
958 310 270
289 310 958
651 289 958
311 959 271
652 959 311
388 960 272
653 960 388
961 273 69
273 961 389
389 961 410
961 654 410
962 499 19
962 19 631
631 633 962
498 963 18
498 500 963
963 632 18
501 964 21
964 501 499
21 964 633
962 964 499
633 964 962
965 500 20
20 634 965
965 634 632
500 965 963
963 965 632
966 444 19
443 967 18
443 445 967
446 968 21
968 446 444
966 968 444
20 969 445
445 969 967
434 377 970
434 970 724
377 953 970
724 970 953
0 971 45
831 971 0
831 832 971
972 46 45
309 46 972
972 832 309
971 972 45
832 972 971
43 973 0
43 44 973
0 973 833
391 974 44
834 974 391
974 834 833
44 974 973
973 974 833
975 230 231
230 975 338
975 189 407
338 975 407
189 975 557
557 975 231
190 976 339
339 976 229
558 976 190
229 976 558
180 977 360
360 977 236
559 977 180
236 977 559
978 235 234
978 179 292
235 978 361
361 978 292
179 978 560
560 978 234
979 431 322
431 979 727
950 979 322
727 979 950
433 980 376
454 980 433
980 952 376
952 980 454
981 76 78
76 981 808
808 981 799
982 800 802
807 982 75
800 982 807
801 799 983
983 78 810
983 810 801
983 981 78
799 981 983
77 75 984
77 984 809
809 984 802
75 982 984
984 982 802
397 989 122
281 989 397
121 990 396
990 269 396
990 121 453
303 120 991
417 303 991
991 120 452
302 992 119
418 992 302
580 993 540
709 993 580
993 709 711
994 539 541
539 994 579
579 994 708
542 540 995
542 995 582
582 995 711
540 993 995
995 993 711
996 541 581
710 996 581
710 708 996
996 994 541
708 994 996
997 665 18
19 664 998
664 666 998
20 667 999
999 667 665
997 999 665
1000 666 21
666 1000 998
432 1001 323
1001 432 451
726 1001 451
1001 951 323
951 1001 726
1002 515 580
1003 516 518
579 516 1003
517 515 1004
517 1004 582
515 1002 1004
1005 518 581
1005 1003 518
324 1006 563
564 1007 328
565 1008 371
375 1009 566
0 519 1010
519 520 1010
1010 823 0
1011 824 823
520 1011 1010
1010 1011 823
1012 521 0
825 1012 0
825 826 1012
1013 522 521
1012 1013 521
826 1013 1012
580 1014 218
734 1014 580
1014 734 736
1015 217 219
579 217 1015
1015 735 579
220 218 1016
582 220 1016
582 1016 736
218 1014 1016
1016 1014 736
581 1017 219
737 1017 581
737 735 1017
1017 1015 219
735 1015 1017
1018 226 228
226 1018 807
1018 600 807
1019 599 601
1019 225 808
808 599 1019
602 600 1020
1020 228 809
602 1020 809
1020 1018 228
600 1018 1020
227 225 1021
227 1021 810
810 1021 601
225 1019 1021
1021 1019 601
808 1022 195
1023 196 198
807 196 1023
197 195 1024
197 1024 810
195 1022 1024
1025 198 809
1025 1023 198
1026 278 301
278 1026 834
301 887 1026
834 1026 887
279 1027 301
1027 279 833
1027 887 301
887 1027 833
1028 282 398
831 282 1028
398 888 1028
1028 888 831
280 1029 398
1029 280 832
1029 888 398
888 1029 832
0 1030 505
823 1030 0
823 824 1030
1031 506 505
1030 1031 505
824 1031 1030
503 1032 0
503 504 1032
0 1032 825
1033 826 825
504 1033 1032
1032 1033 825
0 137 1034
137 138 1034
1034 148 0
1035 149 148
138 1035 1034
1034 1035 148
1036 135 0
150 1036 0
150 151 1036
1037 136 135
1036 1037 135
151 1037 1036
1038 153 155
153 1038 580
1038 212 580
1039 213 215
1039 152 579
213 1039 579
214 212 1040
1040 155 582
582 214 1040
1040 1038 155
212 1038 1040
154 152 1041
154 1041 581
581 1041 215
152 1039 1041
1041 1039 215
69 1042 0
1042 69 53
1042 453 0
874 1042 53
874 269 1042
269 990 1042
1042 990 453
1043 70 309
454 122 1043
454 1043 309
70 1043 873
873 1043 281
122 989 1043
1043 989 281
1044 67 0
0 451 1044
451 119 1044
67 1044 872
872 1044 418
119 992 1044
1044 992 418
1045 68 52
68 1045 391
391 1045 452
871 1045 52
871 417 1045
417 991 1045
1045 991 452
780 1046 580
1046 780 782
580 1046 1002
1047 781 579
1003 1047 579
1047 1003 1005
1048 782 582
582 1004 1048
1004 1002 1048
1048 1046 782
1002 1046 1048
1049 581 783
783 781 1049
1049 1005 581
781 1047 1049
1049 1047 1005
1050 420 816
419 421 1051
815 419 1051
1052 422 420
818 422 1052
1050 1052 420
1053 421 817
421 1053 1051
23 1054 5
23 25 1054
1055 22 6
1056 25 7
25 1056 1054
24 1057 8
1057 24 22
1055 1057 22
1058 114 357
626 1058 357
356 113 1059
625 356 1059
1059 113 830
343 112 1060
611 343 1060
1060 112 827
1061 111 342
612 1061 342
635 13 1062
626 635 1062
829 1062 0
829 114 1062
114 1058 1062
1062 1058 626
636 625 1063
391 1063 830
625 1059 1063
1063 1059 830
1064 26 637
637 611 1064
0 1064 827
611 1060 1064
1064 1060 827
612 638 1065
1065 828 111
828 1065 309
1061 1065 111
1065 1061 612
1066 483 203
483 1066 325
1066 564 325
363 1067 484
563 1067 363
336 1068 481
566 1068 336
1069 482 206
482 1069 374
1069 565 374
1070 79 81
807 79 1070
1071 80 808
1072 81 809
1072 1070 81
82 80 1073
82 1073 810
80 1071 1073
1074 603 579
604 1075 580
1075 604 606
605 1076 581
605 603 1076
603 1074 1076
582 1077 606
1077 1075 606
495 1078 358
1078 719 358
414 359 1079
496 414 1079
1079 359 720
1079 720 629
285 340 1080
493 285 1080
1080 340 717
1080 717 628
494 1081 341
1081 718 341
1086 196 807
1070 1086 807
1086 1070 1072
1087 195 197
195 1087 808
1087 1071 808
198 196 1088
809 198 1088
1088 1072 809
196 1086 1088
1088 1086 1072
810 1089 197
1073 1089 810
1073 1071 1089
1089 1087 197
1071 1087 1089
1090 203 0
1007 564 1090
1090 1066 203
564 1066 1090
204 108 1091
309 204 1091
484 1067 1091
1067 563 1091
205 1092 0
1092 205 481
1068 1092 481
566 1092 1068
391 1093 206
1008 565 1093
1093 1069 206
565 1069 1093
101 1094 0
101 29 1094
0 1094 1090
1090 1094 1007
1095 102 309
563 1006 1095
1091 1095 309
1091 563 1095
0 1096 99
1009 1096 566
1092 1096 0
1096 1092 566
100 28 1097
100 1097 391
391 1097 1093
1093 1097 1008
467 1098 0
1098 467 448
0 1098 629
496 1079 1098
1098 1079 629
1099 468 309
630 1099 309
630 719 1099
1099 1078 495
719 1078 1099
0 1100 469
627 1100 0
1100 627 718
1081 494 1100
1081 1100 718
470 1101 391
1101 470 449
391 1101 628
493 1080 1101
1101 1080 628
308 1102 309
575 576 1102
803 1102 308
803 575 1102
145 149 1103
128 174 1103
504 128 1103
460 522 1103
1103 544 258
1103 174 552
648 544 1103
1103 141 749
765 42 1103
610 765 1103
844 622 1103
1103 846 460
1103 622 846
1103 42 856
856 524 1103
898 610 1103
1103 700 898
902 141 1103
552 902 1103
1103 192 925
925 648 1103
522 1013 1103
1103 1013 826
1033 504 1103
826 1033 1103
1035 138 1103
1103 149 1035
1102 1103 309
518 390 1104
581 518 1104
576 581 1104
1102 576 1104
1103 1102 1104
151 147 1105
172 130 1105
390 391 1105
130 506 1105
520 462 1105
1105 260 546
554 172 1105
391 614 1105
650 1105 546
747 143 1105
40 763 1105
1105 763 608
462 844 1105
858 40 1105
526 858 1105
608 900 1105
900 702 1105
1105 143 904
904 554 1105
923 194 1105
650 923 1105
1105 1011 520
824 1011 1105
1105 506 1031
1031 824 1105
136 1037 1105
1037 151 1105
1105 844 1103
1104 390 1105
1105 1103 1104
67 1106 0
0 1106 205
67 271 1106
1106 652 205
271 959 1106
1106 959 652
206 110 1107
1107 68 391
1107 391 206
110 651 1107
1107 958 68
651 958 1107
0 1108 69
203 1108 0
203 107 1108
107 654 1108
1108 961 69
654 961 1108
70 272 1109
70 1109 309
309 1109 204
1109 653 204
272 960 1109
1109 960 653
1110 591 593
591 1110 808
1110 1022 808
1111 592 807
1023 1111 807
1111 1023 1025
1112 593 810
1024 1112 810
1024 1022 1112
1112 1110 593
1022 1110 1112
594 592 1113
809 594 1113
1113 1025 809
592 1111 1113
1113 1111 1025
26 1114 349
349 1114 222
1114 26 1064
221 1115 412
287 1116 13
224 1116 287
350 1117 223
29 328 1118
328 1007 1118
29 1118 1094
1094 1118 1007
1119 30 102
30 1119 329
329 1119 324
1119 1006 324
1095 1119 102
1095 1006 1119
27 99 1120
27 1120 370
370 1120 375
1120 1009 375
99 1096 1120
1120 1096 1009
28 371 1121
371 1008 1121
28 1121 1097
1097 1121 1008
883 1122 0
883 868 1122
1122 1064 0
222 1114 1122
1122 1114 1064
309 1123 884
1065 1123 309
1123 1115 221
1124 885 0
0 1062 1124
1062 13 1124
13 1116 1124
1124 1116 224
886 1125 391
886 869 1125
1125 1063 391
223 1117 1125
1125 1117 1063
19 528 1126
528 530 1126
19 1126 986
18 1127 527
985 1127 18
985 987 1127
21 1128 530
21 988 1128
1128 988 986
530 1128 1126
1126 1128 986
529 1129 20
1129 529 527
20 1129 987
1127 1129 527
987 1129 1127
234 235 1130
361 1130 235
755 234 1130
755 1130 361
1131 236 233
1131 360 236
364 360 1131
233 754 1131
754 364 1131
1132 229 232
1132 339 229
335 339 1132
232 753 1132
753 335 1132
231 230 1133
1133 230 338
752 231 1133
1133 338 752
350 223 1134
350 1134 394
1134 869 394
1125 1134 223
869 1134 1125
1135 83 807
807 835 1135
1135 835 837
1136 84 86
84 1136 808
808 1136 836
85 83 1137
85 1137 809
809 1137 837
83 1135 1137
1137 1135 837
810 1138 86
838 1138 810
838 836 1138
1138 1136 86
836 1136 1138
1139 146 0
746 1139 0
746 747 1139
1140 147 146
1105 147 1140
1140 747 1105
1139 1140 146
747 1140 1139
0 144 1141
144 145 1141
1141 748 0
1142 749 748
1142 145 1103
1103 749 1142
145 1142 1141
1141 1142 748
5 512 1143
512 514 1143
704 5 1143
1144 511 6
703 1144 6
703 705 1144
1145 514 7
7 706 1145
1145 706 704
514 1145 1143
1143 1145 704
513 1146 8
1146 513 511
1146 705 8
1144 1146 511
705 1146 1144
1147 966 19
998 1147 19
998 1000 1147
18 967 1148
967 969 1148
1148 997 18
21 968 1149
1149 968 966
1149 1000 21
1147 1149 966
1000 1149 1147
1150 969 20
999 1150 20
1150 999 997
969 1150 1148
1148 1150 997
1151 224 351
351 870 1151
870 885 1151
1151 1124 224
885 1124 1151
707 1152 318
1152 707 833
682 354 1153
354 768 1153
682 1153 831
1153 768 831
1154 436 567
435 437 1155
568 435 1155
1156 438 436
438 1156 569
1154 1156 436
1157 437 570
437 1157 1155
103 579 1158
579 945 1158
1158 945 947
1159 104 106
104 1159 580
580 1159 944
105 103 1160
105 1160 581
1160 947 581
103 1158 1160
1160 1158 947
582 1161 106
946 1161 582
946 944 1161
1161 1159 106
944 1159 1161
318 1162 301
1152 1162 318
833 1162 1152
319 1163 211
211 1163 834
380 1164 216
831 216 1164
381 1165 398
731 1166 381
1166 731 832
1166 1165 381
832 1165 1166
346 1167 283
454 283 1167
663 1167 346
1167 663 454
284 1168 347
724 1168 284
347 1168 728
728 1168 724
1169 352 416
673 352 1169
727 1169 416
673 1169 727
353 1170 415
672 1170 353
415 1170 726
1170 672 726
1171 167 169
579 167 1171
1171 688 579
580 1172 168
687 1172 580
1172 687 689
581 1173 169
690 1173 581
690 688 1173
1173 1171 169
688 1171 1173
170 168 1174
582 170 1174
1174 689 582
168 1172 1174
1174 1172 689
1175 355 721
769 355 1175
1175 721 832
832 769 1175
579 1176 254
688 1176 579
1176 688 690
1177 253 255
253 1177 580
1177 687 580
256 254 1178
256 1178 581
1178 690 581
254 1176 1178
1178 1176 690
582 1179 255
689 1179 582
689 687 1179
1179 1177 255
687 1177 1179
1180 344 723
766 344 1180
1180 723 833
833 766 1180
1181 722 345
767 1181 345
834 722 1181
1181 767 834
293 414 1182
448 293 1182
1182 414 496
1182 1098 448
1182 496 1098
447 1183 294
447 468 1183
1183 495 294
468 1099 1183
1183 1099 495
450 1184 405
1184 450 469
1184 494 405
1100 1184 469
494 1184 1100
406 285 1185
449 406 1185
1185 285 493
1185 1101 449
1185 493 1101
1186 221 348
348 867 1186
867 884 1186
1186 1123 221
884 1123 1186
349 222 1187
349 1187 305
1187 868 305
1122 1187 222
868 1187 1122
463 465 1188
463 1188 567
567 1188 1154
1189 464 568
1155 1189 568
1155 1157 1189
1190 465 569
1156 1190 569
1190 1156 1154
465 1190 1188
1188 1190 1154
1191 466 464
570 466 1191
1191 1157 570
1189 1191 464
1157 1191 1189
1192 107 203
107 1192 320
203 483 1192
320 1192 483
321 363 1193
1193 108 409
409 321 1193
1193 363 484
108 1193 1091
1091 1193 484
205 109 1194
1194 109 290
290 378 1194
378 336 1194
481 205 1194
1194 336 481
1195 110 206
1195 379 110
206 482 1195
482 379 1195
0 135 1196
135 136 1196
1196 193 0
1197 194 193
1197 136 1105
1105 194 1197
136 1197 1196
1196 1197 193
1198 137 0
191 1198 0
191 192 1198
1199 138 137
138 1199 1103
1199 192 1103
1198 1199 137
192 1199 1198
1200 739 580
580 1075 1200
1200 1075 1077
579 738 1201
1201 738 740
1201 1074 579
741 1202 582
741 739 1202
1202 1077 582
739 1200 1202
1202 1200 1077
581 1203 740
1076 1203 581
1076 1074 1203
1203 1201 740
1074 1201 1203
398 1204 280
280 1204 832
1165 1204 398
1204 1165 832
301 1205 279
279 1205 833
1162 1205 301
1205 1162 833
278 1206 301
301 1206 319
834 1206 278
1206 1163 319
1163 1206 834
464 466 1207
568 464 1207
1207 1082 568
1208 463 567
1083 1208 567
1083 1085 1208
1209 466 570
1084 1209 570
1209 1084 1082
466 1209 1207
1207 1209 1082
1210 465 463
569 465 1210
1210 1085 569
1208 1210 463
1085 1210 1208
282 1211 398
398 1211 380
1211 282 831
1211 1164 380
1164 1211 831
1212 455 19
986 1212 19
986 988 1212
18 456 1213
456 458 1213
1213 985 18
457 1214 21
1214 457 455
1214 988 21
1212 1214 455
988 1214 1212
1215 458 20
987 1215 20
1215 987 985
458 1215 1213
1213 1215 985
5 1216 683
1054 1216 5
1054 1056 1216
6 684 1217
684 686 1217
1217 1055 6
7 685 1218
1218 685 683
1218 1056 7
1216 1218 683
1056 1218 1216
8 1219 686
1057 1219 8
1219 1057 1055
686 1219 1217
1217 1219 1055
0 259 1220
259 260 1220
1220 701 0
1221 702 701
1105 1221 260
702 1221 1105
260 1221 1220
1220 1221 701
1222 257 0
699 1222 0
699 700 1222
1223 258 257
258 1223 1103
1223 700 1103
1222 1223 257
700 1223 1222
525 1224 0
525 526 1224
0 1224 613
1225 614 613
1105 1225 526
614 1225 1105
526 1225 1224
1224 1225 613
0 1226 523
615 1226 0
615 616 1226
1227 524 523
1227 616 309
1103 1227 309
524 1227 1103
1226 1227 523
616 1227 1226
638 412 1228
638 1228 1065
412 1115 1228
1065 1228 1123
1228 1115 1123
1229 440 19
568 1229 19
1082 1229 568
1082 1084 1229
439 441 1230
439 1230 567
567 1230 1083
1231 442 440
442 1231 570
570 1231 1084
1229 1231 440
1084 1231 1229
1232 441 20
569 1232 20
1085 1232 569
1232 1085 1083
441 1232 1230
1230 1232 1083
1233 938 815
1051 1233 815
1051 1053 1233
816 937 1234
937 939 1234
1234 1050 816
940 1235 817
1235 940 938
1235 1053 817
1233 1235 938
1053 1235 1233
1236 939 818
1052 1236 818
1236 1052 1050
939 1236 1234
1234 1236 1050
288 1237 350
288 636 1237
1063 1237 636
1237 1117 350
1117 1237 1063
1238 176 19
879 1238 19
879 881 1238
18 175 1239
175 177 1239
1239 880 18
178 1240 21
1240 178 176
1240 881 21
1238 1240 176
881 1240 1238
1241 177 20
882 1241 20
1241 882 880
177 1241 1239
1239 1241 880
