Vertices:
0.002594 0.456200 0.169000
0.183914 0.284729 0.348986
0.225349 0.305727 0.304032
0.243917 0.343963 0.242653
0.093176 0.282329 0.385091
0.040598 0.296777 0.383356
0.019443 0.459793 0.157795
-0.052481 0.417490 0.244202
-0.040424 0.433738 0.216620
0.241218 0.328807 0.265304
0.046939 0.294414 0.384452
0.139421 0.278749 0.373560
0.142751 0.445352 0.134051
-0.055308 0.410290 0.255518
0.239027 0.368113 0.209869
0.086464 0.283553 0.385756
0.116735 0.453566 0.131669
0.136363 0.447640 0.133080
-0.043388 0.430715 0.222011
0.194380 0.418711 0.153569
0.199256 0.415187 0.156855
-0.017308 0.449046 0.186400
0.223779 0.392430 0.180576
0.242338 0.332491 0.259632
0.212582 0.404109 0.167903
0.145764 0.278963 0.370970
0.056769 0.462159 0.140969
0.221989 0.302895 0.309293
-0.031953 0.342598 0.343937
0.228447 0.308688 0.298681
0.243162 0.336249 0.253959
0.149042 0.442916 0.135271
0.191749 0.287104 0.342768
0.103395 0.456699 0.131992
0.241841 0.359958 0.220521
0.178591 0.428684 0.144990
-0.033706 0.439401 0.206100
-0.046081 0.427572 0.227476
0.237185 0.372202 0.204685
0.031427 0.461305 0.151317
-0.056956 0.402775 0.266861
0.008045 0.457572 0.165076
-0.044831 0.358539 0.325770
0.161278 0.437617 0.138445
0.242806 0.355908 0.225967
-0.010337 0.323969 0.362800
0.129889 0.449774 0.132358
-0.051635 0.370772 0.310722
0.037610 0.461791 0.148395
-0.055853 0.382999 0.294751
0.243689 0.340076 0.248295
-0.048497 0.424316 0.233003
0.043902 0.462096 0.145693
0.231276 0.311772 0.293251
-0.035563 0.346520 0.339626
0.216562 0.400273 0.171957
0.205577 0.538930 -0.022423
0.432227 0.324591 0.202560
0.099888 0.281279 0.384175
0.235057 0.376287 0.199608
-0.050632 0.420953 0.238582
0.229960 0.384414 0.189817
0.206068 0.292959 0.329238
0.232647 0.380360 0.194649
-0.019664 0.331194 0.355823
0.210405 0.295223 0.324437
0.196731 0.288895 0.338413
-0.053333 0.374859 0.305487
0.181210 0.284022 0.350971
-0.047380 0.362604 0.320874
-0.007758 0.452950 0.177376
0.201507 0.290848 0.333900
0.240580 0.364029 0.215152
0.233831 0.314972 0.287754
0.106587 0.280407 0.383011
0.022251 0.304722 0.378597
0.164119 0.280692 0.361889
0.013665 0.458770 0.161338
0.184038 0.425467 0.147630
0.186572 0.285479 0.346957
0.167199 0.434765 0.140393
0.169972 0.281626 0.358445
0.152003 0.279359 0.368158
0.220297 0.396377 0.176185
-0.000187 0.317113 0.368953
0.158126 0.279935 0.365128
-0.005360 0.320491 0.365982
0.089974 0.459147 0.133322
0.005171 0.313840 0.371704
0.236107 0.318282 0.282199
-0.245720 0.416339 0.315426
-0.019070 0.202000 0.540410
-0.023996 0.334927 0.352043
0.203920 0.411573 0.160344
0.113259 0.279713 0.381601
-0.029965 0.442030 0.200992
0.083267 0.460108 0.134362
0.059884 0.290147 0.385895
0.155221 0.440336 0.136737
-0.025980 0.444517 0.196000
0.172974 0.431785 0.142576
-0.057333 0.398917 0.272515
0.227003 0.388440 0.185123
0.034361 0.299286 0.382013
-0.054740 0.378938 0.300160
0.189304 0.422140 0.150492
-0.002677 0.454659 0.173103
0.123342 0.451751 0.131887
-0.021758 0.446857 0.191132
0.010704 0.310680 0.374232
0.076580 0.460892 0.135650
0.050293 0.462219 0.143216
-0.049649 0.366684 0.315854
0.028241 0.301936 0.380426
-0.054040 0.413933 0.249851
0.175673 0.282737 0.354803
-0.056671 0.387036 0.289271
0.066462 0.288250 0.386240
0.119892 0.279200 0.379947
0.208366 0.407878 0.164029
0.132986 0.278718 0.375922
-0.037194 0.436635 0.211312
0.214510 0.297638 0.319506
-0.028095 0.338731 0.348078
0.073094 0.286517 0.386331
-0.015108 0.327539 0.359411
0.025368 0.460638 0.154452
-0.038916 0.350489 0.335155
-0.042008 0.354499 0.330534
0.069926 0.461495 0.137182
-0.057411 0.395003 0.278142
-0.056280 0.406568 0.261192
0.239804 0.325207 0.270963
0.016401 0.307639 0.376531
0.110082 0.455217 0.131704
-0.057190 0.391040 0.283731
0.218374 0.300196 0.314454
0.243845 0.347902 0.237044
0.079766 0.284950 0.386170
0.063318 0.461918 0.138957
0.096688 0.458010 0.132531
-0.012638 0.451078 0.181811
0.243475 0.351887 0.231478
0.238099 0.321696 0.276599
0.053372 0.292203 0.385299
0.126472 0.278868 0.378053
0.010365 0.487072 0.190583
0.011498 0.486001 0.191708
0.190552 0.316673 0.369444
0.221371 0.434028 0.190483
-0.046913 0.417048 0.311369
0.044924 0.330200 0.402530
0.249527 0.381638 0.255284
0.150887 0.474920 0.157369
0.058965 0.491945 0.166113
0.226601 0.333415 0.332517
0.233120 0.336599 0.325614
0.251688 0.374835 0.264236
0.100947 0.313201 0.406674
0.048369 0.327649 0.404939
0.027214 0.490665 0.179377
-0.044710 0.448362 0.265785
-0.032653 0.464610 0.238202
0.248989 0.359679 0.286886
0.180831 0.461309 0.166056
0.243746 0.401812 0.228508
0.054710 0.325286 0.406035
-0.044586 0.443855 0.272187
0.090254 0.316339 0.406035
0.147192 0.309621 0.395143
0.150523 0.476224 0.155634
-0.047537 0.441162 0.277101
0.246798 0.398985 0.231452
0.094235 0.314425 0.407339
0.138120 0.479363 0.155610
0.249758 0.373789 0.266427
0.124506 0.484439 0.153252
0.144134 0.478512 0.154662
-0.035617 0.461587 0.243594
-0.003644 0.480901 0.204454
0.173789 0.313106 0.380582
0.202152 0.449583 0.175152
0.207027 0.446059 0.178438
-0.009537 0.479918 0.207982
0.231550 0.423302 0.202159
0.175117 0.464296 0.163841
0.245489 0.397746 0.233696
0.040187 0.491061 0.174139
0.214752 0.325979 0.347419
-0.009313 0.361595 0.377151
-0.025364 0.376774 0.361219
0.250109 0.363363 0.281215
0.220353 0.434981 0.189486
0.153535 0.309835 0.392553
0.064540 0.493031 0.162552
0.229760 0.333767 0.330876
-0.039161 0.454211 0.255420
0.110272 0.312894 0.403755
0.196965 0.451649 0.174064
0.236808 0.413970 0.213614
-0.024182 0.373470 0.365519
0.236218 0.339560 0.320264
0.250933 0.367121 0.275541
0.156813 0.473788 0.156854
0.199521 0.317976 0.364351
0.111166 0.487571 0.153574
0.222894 0.330792 0.337602
0.052604 0.491833 0.168565
0.249612 0.390830 0.242104
0.186362 0.459556 0.166573
-0.025935 0.470273 0.227682
-0.038310 0.458444 0.249059
0.244956 0.403074 0.226267
0.039198 0.492177 0.172899
-0.049184 0.433647 0.288444
0.015816 0.488444 0.186659
-0.037060 0.389412 0.347353
0.191766 0.454979 0.171173
0.239401 0.409932 0.218457
0.230808 0.421962 0.204343
0.206773 0.444692 0.180485
0.236177 0.342080 0.316674
0.078503 0.491189 0.160160
0.169049 0.468489 0.160028
0.250577 0.386780 0.247550
-0.021714 0.372885 0.365466
-0.013681 0.365288 0.373441
0.195793 0.318206 0.365363
0.016920 0.487364 0.187806
-0.002565 0.354841 0.384383
0.137660 0.480646 0.153941
0.105126 0.487657 0.155626
0.245116 0.355271 0.294586
-0.043864 0.401644 0.332305
0.065410 0.491875 0.163893
0.230055 0.336174 0.327327
0.045381 0.492663 0.169978
-0.048082 0.413871 0.316334
-0.041257 0.450856 0.260973
0.103600 0.313867 0.404766
0.249424 0.369944 0.272047
0.131618 0.481351 0.155107
0.251460 0.370948 0.269878
0.046340 0.491538 0.171242
0.218942 0.328312 0.342573
-0.040726 0.455188 0.254586
0.169253 0.467156 0.161861
0.246942 0.393688 0.238978
0.051674 0.492968 0.167276
0.239047 0.342644 0.314834
-0.027791 0.377392 0.361209
-0.031893 0.384690 0.352245
0.000079 0.354456 0.383981
0.224333 0.431145 0.193540
0.238833 0.345215 0.311234
0.085124 0.490574 0.158656
0.107659 0.312151 0.405758
0.242828 0.407159 0.221190
-0.042861 0.451825 0.260165
0.210333 0.323798 0.352130
0.034157 0.490404 0.177250
0.249792 0.377689 0.260836
0.144547 0.477218 0.156365
0.237732 0.415286 0.211400
0.118442 0.484840 0.154860
0.247861 0.362451 0.283328
0.213839 0.323831 0.350821
0.240418 0.411232 0.216231
-0.046051 0.413029 0.316808
0.038797 0.332789 0.401032
-0.011893 0.362066 0.377406
0.218177 0.326095 0.346019
0.219866 0.433619 0.191609
0.204502 0.319767 0.359995
-0.045562 0.405731 0.327070
0.071927 0.491623 0.161907
0.233249 0.339064 0.322042
0.188981 0.314894 0.372554
-0.039608 0.393476 0.342456
0.000013 0.483822 0.198959
0.179538 0.314120 0.377061
0.001205 0.482766 0.200040
-0.039666 0.396797 0.337727
0.015665 0.344472 0.392651
0.209278 0.321720 0.355482
0.248351 0.394901 0.236734
0.241602 0.345844 0.309337
0.125054 0.483178 0.154857
0.248791 0.366162 0.277685
-0.046742 0.436511 0.283467
0.076995 0.319495 0.406294
0.114358 0.311279 0.404594
0.030022 0.335594 0.400180
0.171891 0.311564 0.383471
0.186385 0.458202 0.168501
0.241715 0.405876 0.223425
0.200844 0.319907 0.361112
0.022511 0.488554 0.184090
0.021436 0.489642 0.182921
0.191809 0.456339 0.169213
0.194343 0.316351 0.368540
-0.031200 0.463610 0.239110
0.130122 0.311050 0.399245
0.174971 0.465637 0.161975
0.177743 0.312498 0.380027
-0.017817 0.369054 0.369543
0.159774 0.310231 0.389740
0.228068 0.427249 0.197767
0.163252 0.469884 0.160120
0.248100 0.389645 0.244344
0.007584 0.347985 0.390535
0.165897 0.310807 0.386711
-0.045812 0.440222 0.277824
0.083607 0.317833 0.406291
0.002412 0.351363 0.387565
0.057502 0.325456 0.404787
-0.047743 0.424984 0.300316
0.167893 0.312269 0.383902
-0.008283 0.478876 0.209021
0.097745 0.490019 0.154905
0.012942 0.344712 0.393287
0.243878 0.349154 0.303782
0.116925 0.312099 0.402496
-0.036783 0.457459 0.249918
-0.016225 0.365799 0.373626
0.201971 0.448218 0.177171
0.233942 0.417983 0.208907
0.211692 0.442445 0.181927
0.121031 0.310585 0.403183
-0.022194 0.472902 0.222575
-0.044892 0.408986 0.322174
0.032796 0.335517 0.399291
0.091038 0.490981 0.155945
-0.016892 0.474361 0.218579
0.155709 0.311136 0.389910
0.067655 0.321019 0.407478
0.070432 0.321322 0.406044
-0.047375 0.432729 0.289105
0.098449 0.488806 0.156386
0.243307 0.351817 0.300178
0.162993 0.471208 0.158320
-0.018209 0.475389 0.217582
-0.028005 0.466500 0.233825
0.136639 0.310798 0.397259
0.180745 0.462657 0.164158
-0.043067 0.447402 0.266566
0.096923 0.315016 0.405526
-0.049562 0.429789 0.294098
0.234774 0.419312 0.206706
0.185130 0.315310 0.373346
0.006256 0.484467 0.195789
0.215730 0.437385 0.187711
0.223763 0.429788 0.195685
0.042132 0.330158 0.403596
-0.046969 0.409810 0.321743
0.123546 0.311484 0.400992
-0.034127 0.460594 0.244478
-0.004724 0.357982 0.380667
-0.028759 0.380711 0.356809
-0.037352 0.392741 0.342695
0.010283 0.347694 0.389979
0.197075 0.453012 0.172075
0.005094 0.485531 0.194685
0.131113 0.482623 0.153470
-0.013987 0.477729 0.212715
0.018475 0.341552 0.395815
0.084351 0.491764 0.157233
0.058064 0.493091 0.164799
-0.041878 0.397556 0.337437
0.036013 0.332808 0.402008
0.149446 0.310841 0.392587
-0.020844 0.471881 0.223549
-0.046269 0.444805 0.271433
0.183444 0.313609 0.376386
-0.048899 0.417908 0.310854
0.074233 0.319122 0.407822
0.127663 0.310072 0.401530
0.216137 0.438750 0.185612
-0.034759 0.388703 0.347537
0.005084 0.351024 0.387088
0.091778 0.489779 0.157397
0.241211 0.348463 0.305731
0.140757 0.309590 0.397505
-0.029423 0.467507 0.232895
0.222281 0.328510 0.341088
-0.020324 0.369603 0.369661
0.080865 0.317389 0.407914
0.227413 0.425900 0.199933
0.211363 0.441078 0.184001
-0.012702 0.476694 0.213733
0.161862 0.311612 0.387013
-0.043440 0.404927 0.327456
0.026933 0.338377 0.397311
-0.007337 0.358411 0.380994
0.033139 0.491510 0.176035
-0.031145 0.381361 0.356738
-0.034237 0.385371 0.352116
0.028261 0.489568 0.180569
0.205694 0.321772 0.356698
0.077697 0.492367 0.158765
-0.049640 0.425875 0.299725
-0.048509 0.437440 0.282774
-0.047708 0.428884 0.294725
0.063930 0.323310 0.405542
0.247575 0.356079 0.292546
0.024172 0.338511 0.398114
0.117853 0.486089 0.153287
-0.049419 0.421912 0.305314
0.226145 0.331068 0.336037
0.111795 0.486335 0.155117
0.246635 0.358819 0.288965
0.251616 0.378774 0.258627
-0.041696 0.400862 0.332644
0.021219 0.341364 0.395096
0.087537 0.315822 0.407753
0.071089 0.492790 0.160539
0.104459 0.488882 0.154114
-0.004867 0.481950 0.203394
0.251246 0.382759 0.253061
0.245871 0.352568 0.298181
0.061143 0.323075 0.406882
0.134243 0.309740 0.399636
-0.024551 0.469259 0.228635
0.143085 0.310728 0.395038
0.051163 0.327754 0.403783
-0.047477 0.421036 0.305868
0.157126 0.472474 0.158622
0.248962 0.385625 0.249783
0.003338 0.453585 0.169046
0.182392 0.284257 0.346782
-0.055073 0.384632 0.288707
0.036764 0.297784 0.379868
0.241367 0.349222 0.232622
0.142727 0.442504 0.134707
0.050805 0.459530 0.143452
0.218441 0.300999 0.309855
0.172671 0.428894 0.143394
0.235586 0.369396 0.205846
-0.052746 0.411439 0.249525
0.082095 0.283923 0.383373
0.129960 0.446948 0.132948
0.241598 0.341373 0.243765
-0.011804 0.448485 0.181792
0.165629 0.280690 0.357920
0.166957 0.431881 0.141179
0.237329 0.365331 0.211034
0.032028 0.458646 0.151477
0.206592 0.293563 0.324757
-0.017473 0.329179 0.354489
-0.033523 0.344358 0.338557
-0.047321 0.421795 0.232759
0.102112 0.280479 0.381093
0.188805 0.419234 0.151402
0.228649 0.381555 0.190953
0.214734 0.298377 0.314941
0.044444 0.459417 0.145903
-0.019087 0.201936 0.537079
-0.243471 0.414132 0.314346
0.183607 0.422564 0.148511
0.231241 0.377516 0.195795
0.222649 0.389547 0.181681
0.198614 0.412276 0.157823
0.228017 0.309664 0.294012
0.070343 0.458773 0.137498
-0.029873 0.340470 0.342804
-0.021840 0.332873 0.350779
0.187634 0.285791 0.342701
0.008760 0.454948 0.165144
0.096967 0.455242 0.132964
0.236956 0.322856 0.271924
0.057250 0.459460 0.141231
0.221895 0.303758 0.304665
-0.049417 0.418441 0.238312
0.095440 0.281451 0.382104
0.241264 0.337528 0.249385
0.123458 0.448936 0.132446
0.038181 0.459122 0.148580
0.210782 0.295896 0.319911
0.161093 0.434741 0.139199
0.238782 0.361272 0.216316
-0.040052 0.352275 0.329583
-0.008081 0.322040 0.361319
0.230673 0.312799 0.288572
0.076965 0.458158 0.135994
0.202173 0.291382 0.329469
0.025997 0.457989 0.154588
0.241632 0.345274 0.238174
0.136387 0.444802 0.133703
0.110283 0.452425 0.132199
0.239702 0.330036 0.260666
-0.054210 0.380613 0.294146
0.030638 0.300374 0.378370
0.211707 0.401203 0.168947
0.063768 0.459207 0.139245
0.225089 0.306648 0.299380
0.171379 0.281704 0.354400
-0.006954 0.450350 0.177378
-0.047825 0.364381 0.315065
0.007505 0.312056 0.369989
0.116895 0.450763 0.132195
0.240632 0.333746 0.255023
-0.054902 0.404096 0.260805
0.068836 0.287079 0.383633
0.178225 0.425786 0.145839
0.233555 0.373461 0.200763
0.192684 0.287492 0.338450
0.014352 0.456138 0.161428
-0.039359 0.431194 0.216448
0.121962 0.278635 0.376583
-0.025977 0.336639 0.346881
0.155092 0.437468 0.137458
0.239940 0.357229 0.221682
-0.053971 0.407807 0.255162
0.075448 0.285417 0.383630
0.049343 0.293040 0.382125
-0.055902 0.392568 0.277654
0.159733 0.279853 0.361240
-0.016443 0.446460 0.186360
0.108765 0.279684 0.379834
-0.044943 0.425043 0.227256
0.193811 0.415802 0.154509
0.225782 0.385567 0.186245
-0.053052 0.376570 0.299512
0.024637 0.303101 0.376629
-0.025052 0.441946 0.195917
0.147549 0.278720 0.367248
0.062272 0.288906 0.383383
-0.055534 0.400314 0.266443
0.090290 0.456391 0.133724
0.235147 0.319402 0.277517
-0.036165 0.434084 0.211163
0.128480 0.278382 0.374597
-0.051226 0.414986 0.243904
0.088763 0.282600 0.382864
0.176970 0.282894 0.350684
-0.001903 0.452051 0.173127
0.207570 0.404969 0.165049
0.215604 0.397372 0.173024
0.115387 0.279069 0.378330
-0.042287 0.428178 0.221816
-0.012884 0.325566 0.358005
-0.036918 0.348296 0.334147
-0.045511 0.360326 0.320033
0.002124 0.315278 0.367317
0.429201 0.323710 0.201482
0.204818 0.535906 -0.021251
0.141286 0.278425 0.369925
-0.029004 0.439465 0.200888
-0.042919 0.356288 0.324875
-0.003075 0.318609 0.364426
0.083618 0.457364 0.134735
0.233051 0.316047 0.283069
0.219253 0.393484 0.177271
0.203203 0.408663 0.161339
-0.020862 0.444279 0.191071
0.153702 0.279196 0.364351
-0.051599 0.372512 0.304794
0.018773 0.305962 0.374649
0.020101 0.457152 0.157908
0.197534 0.289357 0.334036
-0.055868 0.396469 0.272063
0.055770 0.290895 0.382880
0.103635 0.453919 0.132455
0.238476 0.326403 0.266303
-0.049856 0.368446 0.309982
0.013059 0.308948 0.372434
-0.032711 0.436843 0.205973
0.134925 0.278313 0.372377
0.043003 0.295338 0.381121
-0.055637 0.388620 0.283206
0.148966 0.440058 0.135960
0.240803 0.353210 0.227121
-0.182392 -0.284257 -0.346782
-0.003338 -0.453585 -0.169046
-0.240803 -0.353210 -0.227121
-0.148966 -0.440058 -0.135960
0.055637 -0.388620 -0.283206
-0.043003 -0.295338 -0.381121
-0.134925 -0.278313 -0.372377
0.032711 -0.436843 -0.205973
-0.013059 -0.308948 -0.372434
0.049856 -0.368446 -0.309982
-0.238476 -0.326403 -0.266303
-0.103635 -0.453919 -0.132455
-0.055770 -0.290895 -0.382880
0.055868 -0.396469 -0.272063
-0.197534 -0.289357 -0.334036
-0.020101 -0.457152 -0.157908
-0.018773 -0.305962 -0.374649
0.051599 -0.372512 -0.304794
-0.153702 -0.279196 -0.364351
0.020862 -0.444279 -0.191071
-0.203203 -0.408663 -0.161339
-0.219253 -0.393484 -0.177271
-0.233051 -0.316047 -0.283069
-0.083618 -0.457364 -0.134735
0.003075 -0.318609 -0.364426
0.042919 -0.356288 -0.324875
0.029004 -0.439465 -0.200888
-0.141286 -0.278425 -0.369925
-0.204818 -0.535906 0.021251
-0.429201 -0.323710 -0.201482
-0.002124 -0.315278 -0.367317
0.045511 -0.360326 -0.320033
0.036918 -0.348296 -0.334147
0.012884 -0.325566 -0.358005
0.042287 -0.428178 -0.221816
-0.115387 -0.279069 -0.378330
-0.215604 -0.397372 -0.173024
-0.207570 -0.404969 -0.165049
0.001903 -0.452051 -0.173127
-0.176970 -0.282894 -0.350684
-0.088763 -0.282600 -0.382864
0.051226 -0.414986 -0.243904
-0.128480 -0.278382 -0.374597
0.036165 -0.434084 -0.211163
-0.235147 -0.319402 -0.277517
-0.090290 -0.456391 -0.133724
0.055534 -0.400314 -0.266443
-0.062272 -0.288906 -0.383383
-0.147549 -0.278720 -0.367248
0.025052 -0.441946 -0.195917
-0.024637 -0.303101 -0.376629
0.053052 -0.376570 -0.299512
-0.225782 -0.385567 -0.186245
-0.193811 -0.415802 -0.154509
0.044943 -0.425043 -0.227256
-0.108765 -0.279684 -0.379834
0.016443 -0.446460 -0.186360
-0.159733 -0.279853 -0.361240
0.055902 -0.392568 -0.277654
-0.049343 -0.293040 -0.382125
-0.075448 -0.285417 -0.383630
0.053971 -0.407807 -0.255162
-0.239940 -0.357229 -0.221682
-0.155092 -0.437468 -0.137458
0.025977 -0.336639 -0.346881
-0.121962 -0.278635 -0.376583
0.039359 -0.431194 -0.216448
-0.014352 -0.456138 -0.161428
-0.192684 -0.287492 -0.338450
-0.233555 -0.373461 -0.200763
-0.178225 -0.425786 -0.145839
-0.068836 -0.287079 -0.383633
0.054902 -0.404096 -0.260805
-0.240632 -0.333746 -0.255023
-0.116895 -0.450763 -0.132195
-0.007505 -0.312056 -0.369989
0.047825 -0.364381 -0.315065
0.006954 -0.450350 -0.177378
-0.171379 -0.281704 -0.354400
-0.225089 -0.306648 -0.299380
-0.063768 -0.459207 -0.139245
-0.211707 -0.401203 -0.168947
-0.030638 -0.300374 -0.378370
0.054210 -0.380613 -0.294146
-0.239702 -0.330036 -0.260666
-0.110283 -0.452425 -0.132199
-0.136387 -0.444802 -0.133703
-0.241632 -0.345274 -0.238174
-0.025997 -0.457989 -0.154588
-0.202173 -0.291382 -0.329469
-0.076965 -0.458158 -0.135994
-0.230673 -0.312799 -0.288572
0.008081 -0.322040 -0.361319
0.040052 -0.352275 -0.329583
-0.238782 -0.361272 -0.216316
-0.161093 -0.434741 -0.139199
-0.210782 -0.295896 -0.319911
-0.038181 -0.459122 -0.148580
-0.123458 -0.448936 -0.132446
-0.241264 -0.337528 -0.249385
-0.095440 -0.281451 -0.382104
0.049417 -0.418441 -0.238312
-0.221895 -0.303758 -0.304665
-0.057250 -0.459460 -0.141231
-0.236956 -0.322856 -0.271924
-0.096967 -0.455242 -0.132964
-0.008760 -0.454948 -0.165144
-0.187634 -0.285791 -0.342701
0.021840 -0.332873 -0.350779
0.029873 -0.340470 -0.342804
-0.070343 -0.458773 -0.137498
-0.228017 -0.309664 -0.294012
-0.198614 -0.412276 -0.157823
-0.222649 -0.389547 -0.181681
-0.231241 -0.377516 -0.195795
-0.183607 -0.422564 -0.148511
0.243471 -0.414132 -0.314346
0.019087 -0.201936 -0.537079
-0.044444 -0.459417 -0.145903
-0.214734 -0.298377 -0.314941
-0.228649 -0.381555 -0.190953
-0.188805 -0.419234 -0.151402
-0.102112 -0.280479 -0.381093
0.047321 -0.421795 -0.232759
0.033523 -0.344358 -0.338557
0.017473 -0.329179 -0.354489
-0.206592 -0.293563 -0.324757
-0.032028 -0.458646 -0.151477
-0.237329 -0.365331 -0.211034
-0.166957 -0.431881 -0.141179
-0.165629 -0.280690 -0.357920
0.011804 -0.448485 -0.181792
-0.241598 -0.341373 -0.243765
-0.129960 -0.446948 -0.132948
-0.082095 -0.283923 -0.383373
0.052746 -0.411439 -0.249525
-0.235586 -0.369396 -0.205846
-0.172671 -0.428894 -0.143394
-0.218441 -0.300999 -0.309855
-0.050805 -0.459530 -0.143452
-0.142727 -0.442504 -0.134707
-0.241367 -0.349222 -0.232622
-0.036764 -0.297784 -0.379868
0.055073 -0.384632 -0.288707
-0.191685 -0.315601 -0.370569
-0.190552 -0.316673 -0.369444
-0.011498 -0.486001 -0.191708
0.019321 -0.368646 -0.370669
-0.248962 -0.385625 -0.249783
-0.157126 -0.472474 -0.158622
0.047477 -0.421036 -0.305868
-0.051163 -0.327754 -0.403783
-0.143085 -0.310728 -0.395038
0.024551 -0.469259 -0.228635
0.031071 -0.466074 -0.235538
0.049638 -0.427839 -0.296916
-0.101102 -0.489473 -0.154478
-0.153681 -0.475025 -0.156213
-0.174835 -0.312009 -0.381775
-0.246759 -0.354312 -0.295367
-0.234702 -0.338064 -0.322949
0.046940 -0.442994 -0.274265
-0.021219 -0.341364 -0.395096
0.041696 -0.400862 -0.332644
-0.147340 -0.477387 -0.155117
-0.246635 -0.358819 -0.288965
-0.111795 -0.486335 -0.155117
-0.054857 -0.493052 -0.166009
-0.051527 -0.326449 -0.405518
-0.249586 -0.361511 -0.284051
0.044749 -0.403688 -0.329700
-0.107814 -0.488248 -0.153813
-0.063930 -0.323310 -0.405542
0.047708 -0.428884 -0.294725
-0.077543 -0.318235 -0.407900
-0.057916 -0.324162 -0.406490
-0.237666 -0.341087 -0.317558
-0.205694 -0.321772 -0.356698
-0.028261 -0.489568 -0.180569
0.000102 -0.353090 -0.386000
0.004977 -0.356615 -0.382714
-0.211586 -0.322756 -0.353169
0.029501 -0.379371 -0.358993
-0.026933 -0.338377 -0.397311
0.043440 -0.404927 -0.327456
-0.161862 -0.311612 -0.387013
0.012702 -0.476694 -0.213733
-0.211363 -0.441078 -0.184001
-0.227413 -0.425900 -0.199933
0.048060 -0.439311 -0.279937
0.018304 -0.367693 -0.371666
-0.048514 -0.492838 -0.168599
-0.137509 -0.309642 -0.398600
0.027711 -0.468907 -0.230276
-0.241211 -0.348463 -0.305731
-0.091778 -0.489779 -0.157397
-0.005084 -0.351024 -0.387088
0.034759 -0.388703 -0.347537
-0.226231 -0.429204 -0.195633
0.034168 -0.463113 -0.240888
0.048884 -0.435552 -0.285610
-0.045237 -0.328885 -0.404298
-0.002529 -0.484697 -0.196801
-0.090883 -0.315102 -0.407578
0.020844 -0.471881 -0.223549
-0.149446 -0.310841 -0.392587
0.047562 -0.411843 -0.319048
-0.015688 -0.343118 -0.394579
-0.227984 -0.332400 -0.333469
-0.240359 -0.344229 -0.312093
0.042907 -0.399600 -0.334884
-0.162851 -0.310497 -0.388252
-0.251234 -0.369027 -0.272708
-0.186234 -0.314230 -0.374493
-0.239109 -0.413262 -0.213799
-0.010283 -0.347694 -0.389979
0.037352 -0.392741 -0.342695
0.028759 -0.380711 -0.356809
0.004724 -0.357982 -0.380667
0.034127 -0.460594 -0.244478
-0.123546 -0.311484 -0.400992
-0.033000 -0.334184 -0.401124
0.048528 -0.415893 -0.313602
-0.223763 -0.429788 -0.195685
-0.215730 -0.437385 -0.187711
-0.006256 -0.484467 -0.195789
-0.185130 -0.315310 -0.373346
-0.204615 -0.447833 -0.176769
-0.064390 -0.322027 -0.407211
-0.096923 -0.315016 -0.405526
0.043067 -0.447402 -0.266566
-0.245913 -0.401029 -0.228847
-0.136639 -0.310798 -0.397259
0.028005 -0.466500 -0.233825
-0.156669 -0.310011 -0.391174
-0.250132 -0.388802 -0.244818
-0.243307 -0.351817 -0.300178
-0.098449 -0.488806 -0.156386
0.047375 -0.432729 -0.289105
-0.070432 -0.321322 -0.406044
0.049410 -0.431726 -0.291274
-0.155709 -0.311136 -0.389910
0.016892 -0.474361 -0.218579
-0.242775 -0.347486 -0.306566
-0.032796 -0.335517 -0.399291
0.044892 -0.408986 -0.322174
-0.150376 -0.309706 -0.393876
0.036997 -0.460030 -0.246318
-0.229841 -0.425282 -0.199943
-0.233942 -0.417983 -0.208907
-0.201971 -0.448218 -0.177171
0.022283 -0.371529 -0.367612
0.036783 -0.457459 -0.249918
-0.116925 -0.312099 -0.402496
-0.094390 -0.490522 -0.155394
0.040778 -0.395515 -0.339961
-0.244910 -0.350848 -0.300987
0.008283 -0.478876 -0.209021
-0.167893 -0.312269 -0.383902
0.047743 -0.424984 -0.300316
-0.057502 -0.325456 -0.404787
0.035682 -0.387388 -0.349752
-0.083607 -0.317833 -0.406291
0.045812 -0.440222 -0.277824
0.011790 -0.478843 -0.210331
0.038369 -0.391441 -0.344920
-0.248100 -0.389645 -0.244344
-0.163252 -0.469884 -0.160120
-0.213942 -0.440607 -0.183746
0.016127 -0.476578 -0.215132
0.017817 -0.369054 -0.369543
0.002453 -0.482906 -0.201157
-0.247611 -0.396942 -0.234082
-0.130122 -0.311050 -0.399245
0.031200 -0.463610 -0.239110
-0.013068 -0.487779 -0.188598
-0.241658 -0.409197 -0.218696
-0.202036 -0.318851 -0.362193
-0.022511 -0.488554 -0.184090
-0.200844 -0.319907 -0.361112
-0.241715 -0.405876 -0.223425
-0.186385 -0.458202 -0.168501
0.007229 -0.480954 -0.205670
0.046302 -0.407772 -0.324417
0.039553 -0.456830 -0.251815
-0.076995 -0.319495 -0.406294
0.046742 -0.436511 -0.283467
-0.248791 -0.366162 -0.277685
-0.125054 -0.483178 -0.154857
-0.087691 -0.491394 -0.156558
-0.172027 -0.467079 -0.160972
-0.030159 -0.491110 -0.177680
-0.015665 -0.344472 -0.392651
0.039666 -0.396797 -0.337727
-0.001205 -0.482766 -0.200040
-0.179538 -0.314120 -0.377061
-0.180614 -0.313032 -0.378231
-0.010241 -0.346335 -0.391939
-0.007706 -0.486323 -0.192612
-0.233249 -0.339064 -0.322042
-0.071927 -0.491623 -0.161907
-0.027079 -0.337036 -0.399177
-0.024306 -0.490175 -0.181125
-0.219866 -0.433619 -0.191609
-0.042275 -0.492442 -0.171412
0.026018 -0.375424 -0.363385
-0.038797 -0.332789 -0.401032
0.046051 -0.413029 -0.316808
-0.194465 -0.454689 -0.170617
-0.036153 -0.491866 -0.174441
-0.247861 -0.362451 -0.283328
-0.118442 -0.484840 -0.154860
-0.199638 -0.451310 -0.173587
-0.144547 -0.477218 -0.156365
-0.249792 -0.377689 -0.260836
-0.034157 -0.490404 -0.177250
-0.210333 -0.323798 -0.352130
-0.104304 -0.312654 -0.406247
-0.189107 -0.457961 -0.167865
0.041829 -0.453519 -0.257370
-0.085124 -0.490574 -0.158656
-0.238833 -0.345215 -0.311234
-0.218274 -0.436874 -0.187526
-0.000079 -0.354456 -0.383981
0.031893 -0.384690 -0.352245
0.009642 -0.360228 -0.379225
-0.081019 -0.492088 -0.157968
-0.224244 -0.329771 -0.338577
-0.246942 -0.393688 -0.238978
-0.169253 -0.467156 -0.161861
-0.111011 -0.311693 -0.405207
-0.218942 -0.328312 -0.342573
-0.046340 -0.491538 -0.171242
-0.134395 -0.481655 -0.153674
-0.131618 -0.481351 -0.155107
-0.249424 -0.369944 -0.272047
-0.103600 -0.313867 -0.404766
0.041257 -0.450856 -0.260973
-0.039057 -0.331465 -0.402832
-0.220258 -0.327284 -0.343569
-0.230055 -0.336174 -0.327327
-0.065410 -0.491875 -0.163893
-0.021304 -0.340016 -0.396994
-0.245116 -0.355271 -0.294586
-0.105126 -0.487657 -0.155626
-0.251611 -0.372884 -0.267054
0.032724 -0.383361 -0.354446
-0.016920 -0.487364 -0.187806
-0.195793 -0.318206 -0.365363
0.013681 -0.365288 -0.373441
0.021714 -0.372885 -0.365466
-0.159917 -0.472516 -0.157556
-0.249018 -0.392864 -0.239409
-0.078503 -0.491189 -0.160160
-0.236177 -0.342080 -0.316674
-0.206773 -0.444692 -0.180485
-0.230808 -0.421962 -0.204343
-0.239401 -0.409932 -0.218457
-0.191766 -0.454979 -0.171173
-0.004974 -0.349661 -0.389077
-0.196956 -0.317142 -0.366467
-0.070937 -0.320050 -0.407682
-0.216036 -0.324944 -0.348437
-0.183574 -0.461121 -0.165337
-0.117699 -0.310910 -0.403919
-0.143985 -0.309583 -0.396353
-0.243927 -0.405117 -0.223715
-0.166037 -0.469866 -0.159143
-0.052604 -0.491833 -0.168565
-0.222894 -0.330792 -0.337602
-0.248319 -0.357868 -0.289718
-0.018605 -0.489064 -0.184766
-0.250949 -0.384765 -0.250298
-0.127816 -0.483551 -0.153330
-0.074386 -0.492601 -0.159622
0.014087 -0.363923 -0.375540
-0.236808 -0.413970 -0.213614
-0.196965 -0.451649 -0.174064
-0.110272 -0.312894 -0.403755
0.039161 -0.454211 -0.255420
-0.061292 -0.493084 -0.163647
-0.231473 -0.335166 -0.328257
0.020232 -0.474164 -0.220064
-0.222373 -0.433071 -0.191491
-0.121184 -0.485285 -0.153238
0.025364 -0.376774 -0.361219
0.009313 -0.361595 -0.377151
-0.214752 -0.325979 -0.347419
-0.040187 -0.491061 -0.174139
-0.245489 -0.397746 -0.233696
-0.175117 -0.464296 -0.163841
-0.209386 -0.444263 -0.180158
-0.168911 -0.311163 -0.385117
-0.233195 -0.421312 -0.204414
-0.236286 -0.417303 -0.209035
-0.173789 -0.313106 -0.380582
0.003644 -0.480901 -0.204454
-0.124353 -0.310306 -0.402387
-0.251689 -0.376799 -0.261427
-0.250558 -0.365233 -0.278377
-0.249758 -0.373789 -0.266427
-0.138120 -0.479363 -0.155610
0.045526 -0.446595 -0.268606
-0.177877 -0.464163 -0.163038
-0.084197 -0.316584 -0.407865
-0.251468 -0.380762 -0.255838
0.024095 -0.471605 -0.225115
-0.090254 -0.316339 -0.406035
0.044586 -0.443855 -0.272187
0.049567 -0.423899 -0.302525
-0.243746 -0.401812 -0.228508
-0.180831 -0.461309 -0.166056
-0.114513 -0.486851 -0.153399
-0.130961 -0.309883 -0.400612
-0.097590 -0.313791 -0.407038
-0.206916 -0.320723 -0.357758
0.049197 -0.419915 -0.308091
0.043821 -0.450105 -0.262970
-0.140907 -0.479598 -0.154270
-0.067806 -0.492934 -0.161516
-0.226601 -0.333415 -0.332517
-0.058965 -0.491945 -0.166113
-0.150887 -0.474920 -0.157369
-0.249527 -0.381638 -0.255284
-0.044924 -0.330200 -0.402530
0.046913 -0.417048 -0.311369
-0.183914 -0.284729 -0.348986
-0.002594 -0.456200 -0.169000
0.038842 -0.435202 -0.213955
0.057409 -0.396967 -0.275333
-0.093331 -0.458601 -0.132895
-0.145910 -0.444152 -0.134630
-0.167064 -0.281137 -0.360192
-0.238988 -0.323440 -0.273785
-0.226931 -0.307192 -0.301367
0.054711 -0.412122 -0.252683
-0.139569 -0.446515 -0.133534
-0.047086 -0.462180 -0.144426
-0.043756 -0.295577 -0.383935
-0.241815 -0.330639 -0.262469
0.052520 -0.372816 -0.308117
-0.100043 -0.457376 -0.132230
-0.069772 -0.287363 -0.386317
-0.050144 -0.293290 -0.384907
-0.229895 -0.310215 -0.295975
0.007873 -0.322218 -0.364417
0.012748 -0.325743 -0.361131
-0.203815 -0.291884 -0.331587
0.037272 -0.348499 -0.337410
0.055831 -0.408439 -0.258355
0.026075 -0.336821 -0.350083
-0.040743 -0.461966 -0.147016
-0.129738 -0.278770 -0.377017
0.035482 -0.438035 -0.208694
-0.218460 -0.398332 -0.174050
0.041939 -0.432241 -0.219305
0.056655 -0.404680 -0.264028
-0.037465 -0.298013 -0.382715
0.005242 -0.453825 -0.175218
-0.083112 -0.284230 -0.385995
0.055334 -0.380971 -0.297465
-0.007917 -0.312246 -0.372997
-0.220213 -0.301528 -0.311887
-0.232588 -0.313357 -0.290511
0.050678 -0.368728 -0.313302
-0.155080 -0.279625 -0.366670
-0.243463 -0.338155 -0.251125
-0.178463 -0.283358 -0.352911
-0.231338 -0.382390 -0.192216
-0.025229 -0.303312 -0.379541
0.056299 -0.385021 -0.292020
-0.196844 -0.416961 -0.155186
-0.056619 -0.291155 -0.385629
-0.238142 -0.370157 -0.207264
-0.148898 -0.279139 -0.369591
-0.242361 -0.357930 -0.223235
0.057181 -0.400853 -0.269691
-0.235004 -0.316613 -0.284983
-0.142605 -0.278834 -0.372293
0.044769 -0.429158 -0.224735
-0.222070 -0.394410 -0.178360
0.030055 -0.340657 -0.346029
0.019070 -0.202000 -0.540410
0.245720 -0.416339 -0.315426
-0.086619 -0.459650 -0.133811
0.048549 -0.364643 -0.318379
-0.237139 -0.319976 -0.279404
0.043453 -0.356516 -0.328169
0.019561 -0.447971 -0.188749
0.046140 -0.360569 -0.323338
-0.206171 -0.409735 -0.162163
0.023898 -0.445706 -0.193550
0.010224 -0.452034 -0.179574
-0.239840 -0.366070 -0.212499
-0.005297 -0.456907 -0.167015
-0.233887 -0.378325 -0.197113
-0.194265 -0.287979 -0.340611
0.015000 -0.450082 -0.184087
0.054073 -0.376900 -0.302835
0.047324 -0.425958 -0.230232
-0.079920 -0.460522 -0.134975
-0.164256 -0.436207 -0.139389
-0.022388 -0.460238 -0.156098
-0.172842 -0.282160 -0.356648
-0.002470 -0.315463 -0.370356
0.000065 -0.455451 -0.171029
-0.019308 -0.306164 -0.377594
-0.016535 -0.459303 -0.159542
-0.034504 -0.461570 -0.149829
0.033789 -0.344552 -0.341802
-0.186694 -0.423817 -0.149034
-0.028381 -0.460994 -0.152858
-0.191867 -0.420438 -0.152004
-0.096533 -0.281782 -0.384664
-0.181336 -0.427089 -0.146282
0.049600 -0.422647 -0.235787
-0.432227 -0.324591 -0.202560
-0.205577 -0.538930 0.022423
-0.210503 -0.406002 -0.165943
0.017413 -0.329356 -0.357642
-0.073248 -0.461216 -0.136386
-0.216472 -0.298899 -0.316994
-0.103240 -0.280821 -0.383624
-0.126623 -0.450783 -0.132091
-0.031286 -0.300593 -0.381250
-0.212487 -0.296412 -0.321987
-0.013533 -0.309144 -0.375411
-0.243840 -0.342012 -0.245471
0.040495 -0.352489 -0.332863
-0.152146 -0.441644 -0.135973
-0.241247 -0.361992 -0.217826
0.002797 -0.318789 -0.367494
-0.189185 -0.286270 -0.344884
-0.063166 -0.289178 -0.386099
-0.208265 -0.294072 -0.326854
-0.175803 -0.430249 -0.143754
-0.109927 -0.280038 -0.382337
-0.136214 -0.278711 -0.374770
-0.236156 -0.374245 -0.202132
-0.158266 -0.438994 -0.137561
-0.240548 -0.326996 -0.268136
-0.010834 -0.458192 -0.163183
-0.243178 -0.353893 -0.228715
-0.120045 -0.452679 -0.131747
-0.066615 -0.461729 -0.138039
0.021858 -0.333051 -0.353957
-0.053521 -0.462212 -0.142064
-0.223702 -0.304294 -0.306674
0.028003 -0.443292 -0.198481
-0.214602 -0.402199 -0.169908
-0.113413 -0.454413 -0.131655
-0.201615 -0.413391 -0.158575
-0.161139 -0.280291 -0.363535
-0.225424 -0.390440 -0.182831
-0.228515 -0.386431 -0.187453
-0.116582 -0.279434 -0.380804
-0.243918 -0.345927 -0.239844
-0.242787 -0.334361 -0.256795
0.053297 -0.415723 -0.247023
-0.170106 -0.433291 -0.141455
-0.076426 -0.285712 -0.386282
-0.243697 -0.349890 -0.234255
0.031867 -0.440733 -0.203532
0.057338 -0.393027 -0.280942
-0.106742 -0.455979 -0.131816
-0.123190 -0.279011 -0.379030
-0.089819 -0.282919 -0.385455
-0.199145 -0.289851 -0.336175
0.056968 -0.389043 -0.286508
0.051592 -0.419233 -0.241388
-0.133136 -0.448726 -0.132687
-0.060035 -0.462061 -0.139934

Edges:
5 10
4 15
12 17
8 18
19 20
9 23
11 25
2 27
2 29
23 30
12 31
18 37
14 38
0 41
34 44
17 46
39 48
3 50
30 50
37 51
48 52
29 53
28 54
24 55
0 56
6 56
12 56
16 56
17 56
19 56
20 56
24 56
26 56
31 56
33 56
35 56
39 56
41 56
43 56
46 56
48 56
52 56
1 57
2 57
3 57
9 57
14 57
22 57
23 57
24 57
27 57
29 57
30 57
32 57
34 57
38 57
44 57
50 57
53 57
55 57
56 57
4 58
38 59
57 59
7 60
51 60
57 61
57 62
57 63
59 63
61 63
57 65
62 65
32 66
57 66
47 67
1 68
42 69
57 71
62 71
66 71
14 72
34 72
57 72
53 73
57 73
58 74
6 77
41 77
56 77
35 78
56 78
1 79
32 79
57 79
43 80
56 80
76 81
25 82
22 83
55 83
57 83
76 85
82 85
45 86
84 86
56 87
84 88
57 89
73 89
0 90
7 90
8 90
13 90
18 90
21 90
28 90
36 90
37 90
40 90
42 90
47 90
49 90
51 90
54 90
56 90
60 90
67 90
69 90
70 90
1 91
4 91
5 91
10 91
11 91
15 91
25 91
45 91
57 91
58 91
64 91
68 91
74 91
75 91
76 91
81 91
82 91
84 91
85 91
86 91
88 91
90 91
64 92
90 92
91 92
20 93
56 93
74 94
91 94
36 95
90 95
56 96
87 96
91 97
31 98
43 98
56 98
90 99
95 99
35 100
56 100
80 100
40 101
90 101
22 102
57 102
61 102
5 103
91 103
49 104
67 104
90 104
19 105
56 105
78 105
0 106
70 106
90 106
16 107
46 107
56 107
21 108
90 108
99 108
88 109
91 109
56 110
96 110
26 111
52 111
56 111
47 112
69 112
90 112
75 113
91 113
103 113
7 114
13 114
90 114
68 115
81 115
91 115
49 116
90 116
91 117
97 117
91 118
94 118
24 119
56 119
93 119
11 120
91 120
8 121
36 121
90 121
57 122
65 122
28 123
90 123
92 123
91 124
117 124
45 125
64 125
91 125
6 126
39 126
56 126
54 127
90 127
42 128
90 128
127 128
56 129
110 129
90 130
101 130
13 131
40 131
90 131
9 132
57 132
75 133
91 133
109 133
16 134
33 134
56 134
90 135
116 135
130 135
27 136
57 136
122 136
3 137
57 137
15 138
91 138
124 138
26 139
56 139
129 139
33 140
56 140
87 140
21 141
70 141
90 141
44 142
57 142
137 142
57 143
89 143
132 143
10 144
91 144
97 144
91 145
118 145
120 145
0 146
106 146
146 147
24 149
55 149
2 156
29 156
3 157
137 157
4 158
58 158
5 159
10 159
6 160
77 160
7 161
114 161
8 162
18 162
9 163
23 163
10 166
144 166
159 166
161 167
11 169
25 169
12 170
17 170
153 170
13 171
131 171
14 172
38 172
165 172
4 173
15 173
158 173
157 175
16 176
134 176
17 177
46 177
170 177
174 177
18 178
37 178
162 178
19 181
105 181
19 182
20 182
181 182
21 183
108 183
22 184
83 184
164 185
165 186
172 186
23 191
30 191
163 191
24 192
119 192
149 192
25 193
82 193
169 193
26 194
111 194
154 194
2 195
27 195
155 195
156 195
158 197
181 198
28 200
123 200
29 201
53 201
156 201
30 202
50 202
191 202
12 203
31 203
153 203
170 203
32 204
66 204
33 205
140 205
155 206
154 207
34 208
72 208
35 209
100 209
164 209
36 210
121 210
37 211
51 211
178 211
196 211
38 212
59 212
165 212
172 212
39 213
126 213
187 213
40 214
101 214
0 215
41 215
146 215
147 215
42 216
128 216
198 217
199 218
184 219
182 220
201 221
43 223
98 223
34 224
44 224
208 224
190 225
200 225
189 226
148 227
204 227
147 228
215 228
45 229
86 229
46 230
107 230
174 230
177 230
205 231
47 233
112 233
154 234
194 234
155 235
156 235
195 235
39 236
48 236
187 236
213 236
49 237
104 237
196 238
158 239
173 239
197 239
175 240
202 240
174 241
230 241
3 242
50 242
157 242
175 242
202 242
240 242
187 243
207 243
236 243
188 244
206 244
51 245
60 245
196 245
211 245
238 245
185 246
223 246
186 247
208 247
48 248
52 248
207 248
236 248
243 248
53 249
73 249
201 249
221 249
28 250
54 250
190 250
200 250
225 250
216 251
229 252
55 253
149 253
221 254
249 254
222 255
58 256
74 256
158 256
197 256
59 257
63 257
212 257
218 257
7 258
60 258
161 258
238 258
245 258
188 259
187 260
213 260
152 261
157 261
175 261
153 262
170 262
174 262
177 262
61 263
102 263
199 263
176 264
163 265
191 265
62 266
65 266
188 266
259 266
61 267
63 267
199 267
218 267
257 267
263 267
150 268
237 268
151 269
64 270
125 270
189 270
65 271
122 271
188 271
244 271
266 271
149 272
192 272
253 272
66 273
71 273
204 273
47 274
67 274
233 274
222 275
234 275
156 276
201 276
221 276
235 276
1 277
68 277
148 277
42 278
69 278
216 278
70 279
141 279
179 279
180 280
179 281
279 281
233 282
62 284
71 284
259 284
266 284
273 284
14 285
72 285
172 285
186 285
208 285
247 285
73 286
89 286
249 286
254 286
176 287
241 287
264 287
191 288
202 288
240 288
265 288
171 289
74 291
94 291
256 291
75 292
113 292
269 292
76 293
81 293
180 293
280 293
164 294
209 294
217 294
165 295
212 295
218 295
257 295
204 296
227 296
273 296
160 297
228 297
41 298
77 298
160 298
215 298
228 298
297 298
35 299
78 299
209 299
217 299
294 299
1 300
32 300
79 300
148 300
204 300
227 300
277 300
162 301
43 303
80 303
185 303
223 303
246 303
81 304
115 304
280 304
293 304
200 305
225 305
226 305
82 306
85 306
193 306
55 307
83 307
184 307
253 307
223 308
246 308
208 309
224 309
247 309
84 310
88 310
283 310
76 311
85 311
180 311
293 311
306 311
167 312
171 312
289 312
168 313
290 313
84 314
86 314
229 314
310 314
159 315
166 315
180 317
306 317
311 317
179 318
183 318
87 319
96 319
88 320
109 320
283 320
310 320
89 321
143 321
286 321
197 322
256 322
291 322
178 323
196 323
211 323
64 324
92 324
189 324
226 324
270 324
181 325
182 325
198 325
220 325
199 326
219 326
263 326
20 327
93 327
182 327
220 327
94 328
118 328
291 328
302 328
36 329
95 329
210 329
237 330
268 330
269 331
292 331
96 332
110 332
255 332
319 332
169 334
193 334
97 335
117 335
290 335
290 336
335 336
214 337
289 337
231 338
319 338
232 339
321 339
31 340
98 340
203 340
223 340
308 340
95 341
99 341
329 341
333 341
210 342
301 342
302 343
80 344
100 344
164 344
185 344
209 344
303 344
161 345
167 345
238 345
258 345
168 346
173 346
239 346
101 347
130 347
214 347
316 347
22 348
102 348
184 348
219 348
263 348
326 348
148 349
280 349
304 349
146 350
147 350
281 350
192 351
272 351
253 352
272 352
307 352
5 353
103 353
151 353
159 353
67 354
104 354
237 354
274 354
330 354
291 355
302 355
322 355
328 355
162 356
178 356
301 356
323 356
189 357
252 357
270 357
190 358
251 358
278 359
282 359
283 360
310 360
314 360
78 361
105 361
181 361
198 361
217 361
299 361
70 362
106 362
146 362
279 362
281 362
350 362
16 363
107 363
176 363
230 363
241 363
287 363
99 364
108 364
183 364
333 364
341 364
109 365
133 365
320 365
110 366
129 366
222 366
255 366
332 366
52 367
111 367
154 367
194 367
207 367
248 367
69 368
112 368
233 368
278 368
282 368
359 368
103 369
113 369
151 369
269 369
292 369
353 369
169 370
334 370
329 371
333 371
341 371
13 372
114 372
161 372
167 372
171 372
312 372
68 373
115 373
148 373
277 373
304 373
349 373
49 374
116 374
150 374
237 374
268 374
117 375
124 375
290 375
313 375
335 375
118 376
145 376
302 376
328 376
343 376
93 377
119 377
192 377
327 377
351 377
216 378
251 378
278 378
359 378
229 379
252 379
314 379
360 379
255 380
319 380
332 380
338 380
254 381
286 381
321 381
339 381
11 382
120 382
169 382
370 382
8 383
121 383
162 383
210 383
301 383
342 383
122 384
136 384
206 384
244 384
271 384
92 385
123 385
200 385
226 385
305 385
324 385
124 386
138 386
168 386
313 386
375 386
184 387
219 387
307 387
352 387
220 388
327 388
351 388
377 388
183 389
318 389
333 389
364 389
193 390
306 390
317 390
334 390
274 391
330 391
354 391
331 392
365 392
45 393
125 393
229 393
252 393
270 393
357 393
6 394
126 394
160 394
213 394
260 394
54 395
127 395
190 395
250 395
358 395
127 396
128 396
216 396
251 396
358 396
395 396
160 397
260 397
297 397
394 397
259 398
273 398
284 398
296 398
129 399
139 399
222 399
275 399
366 399
130 400
135 400
316 400
347 400
40 401
131 401
171 401
214 401
289 401
337 401
214 402
316 402
337 402
347 402
166 403
315 403
336 403
9 404
132 404
163 404
232 404
75 405
133 405
292 405
331 405
365 405
392 405
33 406
134 406
176 406
205 406
264 406
116 407
135 407
150 407
374 407
400 407
27 408
136 408
155 408
195 408
206 408
384 408
205 409
231 409
264 409
406 409
163 410
232 410
265 410
404 410
137 411
142 411
152 411
157 411
261 411
233 412
274 412
282 412
391 412
283 413
320 413
365 413
392 413
15 414
138 414
168 414
173 414
346 414
386 414
26 415
139 415
194 415
234 415
275 415
399 415
87 416
140 416
205 416
231 416
319 416
338 416
21 417
141 417
179 417
183 417
279 417
318 417
44 418
142 418
152 418
224 418
411 418
132 419
143 419
232 419
321 419
339 419
404 419
97 420
144 420
166 420
335 420
336 420
403 420
120 421
145 421
343 421
376 421
382 421
210 422
329 422
342 422
371 422
343 423
370 423
382 423
421 423
151 424
159 424
315 424
353 424
150 425
316 425
400 425
407 425
153 426
203 426
308 426
340 426
152 427
224 427
309 427
418 427
147 428
228 428
148 429
349 429
150 430
425 430
151 431
269 431
152 432
261 432
153 433
426 433
154 434
234 434
155 435
206 435
164 436
294 436
165 437
186 437
167 438
345 438
168 439
313 439
174 440
262 440
175 441
240 441
179 442
281 442
180 443
317 443
164 444
185 444
436 444
186 445
247 445
437 445
187 446
243 446
188 447
259 447
189 448
226 448
190 449
358 449
196 450
323 450
197 451
239 451
198 452
325 452
199 453
218 453
206 454
244 454
435 454
154 455
207 455
434 455
429 456
431 456
439 456
443 456
448 456
451 456
428 457
430 457
438 457
442 457
449 457
450 457
456 457
198 458
217 458
452 458
218 459
295 459
453 459
219 460
326 460
220 461
388 461
221 462
276 462
222 463
255 463
190 464
225 464
449 464
456 464
457 464
226 465
305 465
448 465
456 465
148 466
227 466
429 466
228 467
297 467
428 467
231 468
409 468
232 469
339 469
234 470
275 470
434 470
155 471
235 471
435 471
196 472
238 472
450 472
457 472
239 473
346 473
451 473
456 473
240 474
288 474
441 474
174 475
241 475
440 475
207 476
243 476
446 476
455 476
188 477
244 477
447 477
454 477
185 478
246 478
444 478
247 479
309 479
445 479
251 480
378 480
457 480
252 481
357 481
456 481
221 482
254 482
462 482
255 483
380 483
463 483
259 484
398 484
447 484
187 485
260 485
446 485
175 486
261 486
432 486
441 486
153 487
262 487
433 487
440 487
264 488
287 488
265 489
410 489
150 490
268 490
430 490
457 490
269 491
331 491
431 491
456 491
272 492
352 492
222 493
275 493
463 493
470 493
235 494
276 494
462 494
471 494
180 495
280 495
443 495
456 495
281 496
350 496
442 496
457 496
282 497
412 497
457 497
283 498
360 498
456 498
241 499
287 499
475 499
488 499
265 500
288 500
474 500
489 500
289 501
312 501
457 501
290 502
336 502
456 502
217 503
294 503
436 503
458 503
165 504
295 504
437 504
459 504
227 505
296 505
466 505
297 506
397 506
467 506
301 507
342 507
457 507
302 508
355 508
456 508
225 509
305 509
456 509
464 509
465 509
246 510
308 510
478 510
309 511
427 511
479 511
167 512
312 512
438 512
457 512
501 512
290 513
313 513
439 513
456 513
502 513
315 514
424 514
456 514
316 515
402 515
457 515
317 516
390 516
443 516
456 516
179 517
318 517
442 517
457 517
197 518
322 518
451 518
456 518
323 519
356 519
450 519
457 519
220 520
325 520
452 520
461 520
199 521
326 521
453 521
460 521
268 522
330 522
457 522
490 522
331 523
392 523
456 523
491 523
333 524
389 524
457 524
334 525
370 525
456 525
336 526
403 526
456 526
502 526
289 527
337 527
457 527
501 527
231 528
338 528
468 528
339 529
381 529
469 529
342 530
422 530
457 530
507 530
302 531
343 531
456 531
508 531
238 532
345 532
438 532
457 532
472 532
168 533
346 533
439 533
456 533
473 533
280 534
349 534
429 534
456 534
495 534
147 535
350 535
428 535
457 535
496 535
272 536
351 536
492 536
352 537
387 537
492 537
322 538
355 538
456 538
508 538
518 538
301 539
356 539
457 539
507 539
519 539
189 540
357 540
448 540
456 540
481 540
251 541
358 541
449 541
457 541
480 541
282 542
359 542
457 542
497 542
360 543
379 543
456 543
498 543
429 544
432 544
435 544
437 544
441 544
445 544
447 544
453 544
454 544
456 544
459 544
460 544
462 544
466 544
469 544
471 544
474 544
477 544
479 544
482 544
484 544
486 544
489 544
494 544
500 544
504 544
505 544
511 544
521 544
529 544
537 544
428 545
433 545
434 545
436 545
440 545
444 545
446 545
452 545
455 545
457 545
458 545
461 545
463 545
467 545
468 545
470 545
475 545
476 545
478 545
483 545
485 545
487 545
488 545
492 545
493 545
499 545
503 545
506 545
510 545
520 545
528 545
536 545
537 545
544 545
370 546
423 546
456 546
525 546
333 547
371 547
457 547
524 547
359 548
378 548
457 548
480 548
542 548
252 549
379 549
456 549
481 549
543 549
338 550
380 550
483 550
528 550
545 550
254 551
381 551
482 551
529 551
544 551
219 552
387 552
460 552
537 552
544 552
351 553
388 553
461 553
536 553
545 553
318 554
389 554
457 554
517 554
524 554
334 555
390 555
456 555
516 555
525 555
330 556
391 556
457 556
522 556
392 557
413 557
456 557
523 557
260 558
397 558
485 558
506 558
545 558
296 559
398 559
484 559
505 559
544 559
337 560
402 560
457 560
515 560
527 560
315 561
403 561
456 561
514 561
526 561
264 562
409 562
468 562
488 562
545 562
232 563
410 563
469 563
489 563
544 563
391 564
412 564
457 564
497 564
556 564
283 565
413 565
456 565
498 565
557 565
371 566
422 566
457 566
530 566
547 566
343 567
423 567
456 567
531 567
546 567
151 568
424 568
431 568
456 568
514 568
316 569
425 569
430 569
457 569
515 569
308 570
426 570
433 570
510 570
545 570
152 571
427 571
432 571
511 571
544 571
580 588
581 589
579 598
578 599
456 600
544 600
573 600
575 600
583 600
587 600
592 600
595 600
456 601
457 601
572 601
574 601
582 601
586 601
593 601
594 601
600 601
596 602
597 603
593 608
601 608
592 609
600 609
573 610
572 611
578 614
579 615
594 616
601 616
595 617
600 617
585 618
584 619
590 620
599 620
591 621
598 621
588 622
589 623
601 624
600 625
606 626
607 627
591 628
590 629
576 630
585 630
577 631
584 631
574 634
601 634
575 635
600 635
607 637
614 637
606 638
615 638
587 639
600 639
586 640
601 640
601 641
600 642
619 643
632 643
618 644
633 644
601 645
600 646
580 647
602 647
581 648
603 648
610 649
611 650
601 651
600 652
600 653
601 653
608 653
609 653
622 654
623 655
582 656
601 656
645 656
583 657
600 657
646 657
600 658
601 659
587 660
600 660
586 661
601 661
595 662
600 662
594 663
601 663
596 664
605 664
597 665
604 665
601 666
634 666
600 667
635 667
601 668
600 669
600 670
646 670
601 671
645 671
612 672
613 673
601 674
651 674
600 675
652 675
582 676
601 676
616 676
583 677
600 677
617 677
573 678
600 678
639 678
572 679
601 679
640 679
636 680
636 681
600 682
652 682
662 682
601 683
651 683
663 683
592 684
600 684
625 684
593 685
601 685
624 685
601 686
641 686
600 687
642 687
544 688
545 688
573 688
576 688
579 688
581 688
585 688
589 688
591 688
597 688
598 688
600 688
603 688
604 688
606 688
610 688
613 688
615 688
618 688
621 688
623 688
626 688
628 688
630 688
633 688
636 688
638 688
644 688
648 688
649 688
655 688
665 688
673 688
681 688
457 689
545 689
572 689
577 689
578 689
580 689
584 689
588 689
590 689
596 689
599 689
601 689
602 689
605 689
607 689
611 689
612 689
614 689
619 689
620 689
622 689
627 689
629 689
631 689
632 689
636 689
637 689
643 689
647 689
650 689
654 689
664 689
672 689
680 689
688 689
600 690
669 690
601 691
668 691
601 692
624 692
686 692
600 693
625 693
687 693
627 694
672 694
689 694
626 695
673 695
688 695
604 696
681 696
688 696
605 697
680 697
689 697
601 698
661 698
668 698
600 699
660 699
669 699
601 700
666 700
600 701
667 701
629 702
650 702
689 702
628 703
649 703
688 703
601 704
659 704
671 704
600 705
658 705
670 705
612 706
632 706
689 706
613 707
633 707
688 707
601 708
641 708
700 708
600 709
642 709
701 709
601 710
674 710
691 710
600 711
675 711
690 711
575 712
600 712
658 712
574 713
601 713
659 713
577 714
654 714
689 714
576 715
655 715
688 715
572 717
611 717
716 717
573 718
678 718
574 720
713 720
575 721
635 721
576 722
630 722
577 723
714 723
578 724
614 724
579 725
598 725
725 726
721 729
580 734
647 734
581 735
589 735
729 736
582 737
676 737
583 738
657 738
723 740
737 741
728 743
738 743
584 744
631 744
585 745
618 745
727 745
723 747
740 747
732 748
586 749
640 749
587 750
660 750
751 752
749 753
580 755
588 755
734 755
589 756
623 756
735 756
742 756
590 757
620 757
591 758
628 758
592 759
609 759
593 760
685 760
733 761
719 762
739 763
725 765
726 765
594 766
663 766
595 767
617 767
596 768
664 768
597 769
603 769
760 770
726 771
761 772
740 773
718 774
598 776
621 776
725 776
765 776
578 777
599 777
724 777
748 781
735 782
742 782
756 782
757 783
716 785
596 787
602 787
768 787
779 787
603 788
648 788
769 788
604 789
665 789
754 789
605 790
697 790
751 790
752 790
606 791
638 791
607 792
627 792
755 793
722 794
778 794
593 795
608 795
760 795
770 795
609 796
653 796
759 796
573 797
610 797
718 797
774 797
611 798
650 798
716 798
717 798
785 798
744 800
747 800
612 801
706 801
613 802
673 802
733 802
614 804
637 804
724 804
764 804
579 805
615 805
725 805
726 805
771 805
777 806
783 806
720 807
594 808
616 808
731 808
766 808
617 809
677 809
728 809
767 809
618 810
644 810
727 810
745 810
584 811
619 811
744 811
746 811
727 812
772 812
810 812
599 813
620 813
757 813
777 813
783 813
806 813
591 814
621 814
758 814
776 814
766 815
781 815
588 816
622 816
755 816
793 816
623 817
655 817
742 817
756 817
724 818
777 818
806 818
771 819
791 819
760 820
770 820
624 821
692 821
625 822
684 822
799 822
719 823
606 824
626 824
791 824
627 825
694 825
792 825
728 826
767 826
809 826
735 827
782 827
731 828
766 828
808 828
815 828
628 829
703 829
758 829
590 830
629 830
730 830
757 830
585 831
630 831
722 831
745 831
577 832
631 832
723 832
744 832
747 832
800 832
769 833
788 833
632 834
643 834
775 834
633 835
707 835
761 835
772 835
829 836
788 837
827 837
833 837
574 838
634 838
720 838
807 838
635 839
667 839
721 839
759 840
796 840
758 841
829 841
836 841
636 842
681 842
719 842
762 842
774 843
797 843
803 844
607 845
637 845
764 845
792 845
804 845
615 846
638 846
771 846
791 846
805 846
819 846
718 847
786 848
587 850
639 850
750 850
640 851
679 851
749 851
849 851
641 852
708 852
848 852
642 853
687 853
836 854
843 854
742 855
778 855
817 855
791 856
819 856
824 856
619 857
643 857
746 857
811 857
834 857
633 858
644 858
772 858
810 858
812 858
835 858
645 859
656 859
784 859
646 860
670 860
767 861
826 861
750 863
602 864
647 864
734 864
779 864
787 864
581 865
648 865
735 865
788 865
827 865
837 865
610 866
649 866
797 866
843 866
854 866
650 867
702 867
785 867
798 867
730 868
785 868
867 868
768 869
779 869
787 869
718 870
774 870
847 870
651 871
674 871
732 871
748 871
652 872
682 872
734 873
755 873
793 873
750 874
850 874
863 874
608 875
653 875
795 875
796 875
763 876
754 877
789 877
823 877
622 878
654 878
773 878
816 878
655 879
715 879
778 879
817 879
855 879
863 881
876 881
582 882
656 882
737 882
741 882
859 882
646 883
657 883
738 883
860 883
799 884
822 884
880 884
658 885
712 885
736 885
659 886
704 886
660 887
699 887
750 887
863 887
881 887
586 888
661 888
749 888
753 888
801 889
853 890
880 890
824 891
856 891
595 892
662 892
767 892
861 892
663 893
683 893
766 893
781 893
815 893
796 894
840 894
875 894
605 895
664 895
751 895
768 895
790 895
597 896
665 896
754 896
769 896
789 896
752 897
861 898
892 898
780 899
634 900
666 900
838 900
844 900
667 901
701 901
839 901
862 901
889 902
668 903
698 903
899 903
669 904
690 904
763 904
876 904
670 906
705 906
860 906
905 906
645 907
671 907
784 907
859 907
612 908
672 908
801 908
889 908
902 908
673 909
695 909
802 909
773 910
793 910
816 910
878 910
899 911
903 911
674 912
710 912
732 912
871 912
652 913
675 913
872 913
734 914
779 914
864 914
873 914
616 915
676 915
731 915
737 915
808 915
583 916
677 916
728 916
738 916
743 916
809 916
784 917
907 917
754 918
769 918
833 918
896 918
639 919
678 919
718 919
847 919
850 919
572 920
679 920
717 920
849 920
851 920
636 921
680 921
842 921
897 921
681 922
696 922
719 922
823 922
842 922
721 923
729 923
839 923
807 924
838 924
844 924
900 924
662 925
682 925
872 925
892 925
898 925
651 926
683 926
748 926
781 926
871 926
893 926
592 927
684 927
759 927
799 927
822 927
624 928
685 928
760 928
820 928
821 928
641 929
686 929
786 929
848 929
852 929
687 930
693 930
853 930
880 930
890 930
751 931
768 931
869 931
895 931
716 932
717 932
849 932
920 932
744 933
746 933
800 933
811 933
753 934
888 934
911 934
853 935
890 935
825 936
902 936
724 937
764 937
804 937
818 937
803 938
848 938
852 938
839 939
862 939
901 939
923 939
690 940
711 940
739 940
763 940
904 940
668 941
691 941
780 941
899 941
903 941
731 942
737 942
741 942
915 942
847 943
850 943
874 943
919 943
720 944
807 944
860 945
905 945
906 945
872 946
898 946
925 946
762 947
842 947
897 947
921 947
686 948
692 948
786 948
821 948
929 948
625 949
693 949
822 949
880 949
884 949
930 949
672 950
694 950
825 950
902 950
908 950
936 950
626 951
695 951
824 951
891 951
909 951
739 952
913 952
732 953
780 953
912 953
758 954
814 954
841 954
770 955
795 955
875 955
894 955
860 956
883 956
945 956
604 957
696 957
789 957
823 957
877 957
922 957
680 958
697 958
752 958
790 958
897 958
921 958
661 959
698 959
888 959
903 959
911 959
934 959
669 960
699 960
876 960
881 960
887 960
904 960
666 961
700 961
803 961
844 961
900 961
701 962
709 962
862 962
901 962
759 963
799 963
840 963
927 963
730 964
757 964
783 964
830 964
820 965
821 965
928 965
786 966
821 966
948 966
965 966
629 967
702 967
730 967
830 967
867 967
868 967
649 968
703 968
829 968
836 968
854 968
866 968
792 969
825 969
936 969
886 970
917 970
741 971
784 971
859 971
882 971
671 972
704 972
886 972
907 972
917 972
970 972
658 973
705 973
885 973
905 973
906 973
733 974
802 974
909 974
862 975
935 975
962 975
746 976
775 976
834 976
857 976
886 977
944 977
970 977
765 978
776 978
814 978
954 978
632 979
706 979
775 979
801 979
834 979
613 980
707 980
733 980
761 980
802 980
835 980
727 981
745 981
831 981
700 982
708 982
803 982
852 982
938 982
961 982
642 983
709 983
853 983
935 983
962 983
975 983
738 984
743 984
883 984
956 984
764 985
792 985
845 985
969 985
775 986
801 986
889 986
979 986
749 987
753 987
849 987
851 987
722 988
794 988
831 988
981 988
891 989
909 989
951 989
974 989
736 990
885 990
905 990
973 990
872 991
913 991
946 991
952 991
691 992
710 992
780 992
912 992
941 992
953 992
675 993
711 993
739 993
913 993
940 993
952 993
575 994
712 994
721 994
729 994
736 994
885 994
659 995
713 995
720 995
886 995
944 995
977 995
654 996
714 996
723 996
740 996
773 996
878 996
576 997
715 997
722 997
778 997
794 997
879 997
716 998
932 998
847 999
870 999
726 1000
771 1000
727 1001
981 1001
728 1002
826 1002
729 1003
736 1003
730 1004
868 1004
731 1005
942 1005
732 1006
748 1006
733 1007
761 1007
736 1008
990 1008
1003 1008
739 1009
763 1009
740 1010
747 1010
741 1011
971 1011
742 1012
782 1012
728 1013
743 1013
1002 1013
746 1014
976 1014
747 1015
800 1015
1010 1015
748 1016
781 1016
1006 1016
751 1017
931 1017
751 1018
752 1018
1017 1018
753 1019
934 1019
754 1020
877 1020
761 1021
772 1021
1007 1021
719 1022
762 1022
947 1022
763 1023
876 1023
1009 1023
764 1024
937 1024
726 1025
765 1025
1000 1025
770 1026
955 1026
771 1027
819 1027
1000 1027
772 1028
812 1028
1021 1028
740 1029
773 1029
1010 1029
774 1030
843 1030
775 1031
986 1031
778 1032
855 1032
779 1033
914 1033
780 1034
953 1034
781 1035
815 1035
1016 1035
782 1036
827 1036
1012 1036
783 1037
964 1037
784 1038
917 1038
716 1039
785 1039
998 1039
786 1040
966 1040
793 1041
910 1041
778 1042
794 1042
1032 1042
799 1043
884 1043
800 1044
933 1044
1015 1044
803 1045
938 1045
783 1046
806 1046
1037 1046
807 1047
924 1047
727 1048
812 1048
1001 1048
1028 1048
815 1049
828 1049
1035 1049
806 1050
818 1050
1046 1050
819 1051
856 1051
1027 1051
770 1052
820 1052
1026 1052
719 1053
823 1053
1022 1053
56 1054
57 1054
998 1054
1004 1054
1010 1054
1014 1054
1015 1054
1017 1054
1018 1054
1022 1054
1024 1054
1029 1054
1031 1054
1033 1054
1037 1054
1039 1054
1041 1054
1044 1054
1046 1054
1050 1054
1053 1054
57 1055
91 1055
999 1055
1000 1055
1001 1055
1007 1055
1012 1055
1020 1055
1021 1055
1025 1055
1027 1055
1028 1055
1030 1055
1032 1055
1036 1055
1042 1055
1048 1055
1051 1055
1053 1055
1054 1055
826 1056
861 1056
1002 1056
827 1057
837 1057
1036 1057
1055 1057
731 1058
828 1058
1005 1058
1049 1058
833 1059
918 1059
1055 1059
836 1060
841 1060
1055 1060
833 1061
837 1061
1055 1061
1057 1061
1059 1061
840 1062
963 1062
841 1063
954 1063
1055 1063
1060 1063
843 1064
854 1064
1030 1064
1055 1064
803 1065
844 1065
1045 1065
847 1066
999 1066
1055 1066
786 1067
848 1067
1040 1067
849 1068
987 1068
836 1069
854 1069
1055 1069
1060 1069
1064 1069
742 1070
855 1070
1012 1070
1032 1070
1055 1070
856 1071
891 1071
1051 1071
1055 1071
861 1072
898 1072
1056 1072
862 1073
939 1073
863 1074
874 1074
785 1075
868 1075
1004 1075
1039 1075
1054 1075
779 1076
869 1076
1033 1076
1054 1076
774 1077
870 1077
999 1077
1030 1077
1055 1077
793 1078
873 1078
1041 1078
1054 1078
874 1079
943 1079
1074 1079
876 1080
881 1080
1023 1080
823 1081
877 1081
1020 1081
1053 1081
1055 1081
880 1082
890 1082
863 1083
881 1083
1074 1083
1080 1083
880 1084
884 1084
1043 1084
1082 1084
889 1085
902 1085
1054 1085
890 1086
935 1086
1082 1086
891 1087
989 1087
1055 1087
1071 1087
56 1088
90 1088
998 1088
1005 1088
1006 1088
1011 1088
1016 1088
1019 1088
1026 1088
1034 1088
1035 1088
1038 1088
1040 1088
1045 1088
1047 1088
1049 1088
1052 1088
1054 1088
1058 1088
1065 1088
1067 1088
1068 1088
90 1089
91 1089
1002 1089
1003 1089
1008 1089
1009 1089
1013 1089
1023 1089
1043 1089
1055 1089
1056 1089
1062 1089
1066 1089
1072 1089
1073 1089
1074 1089
1079 1089
1080 1089
1082 1089
1083 1089
1084 1089
1086 1089
1088 1089
840 1090
894 1090
1062 1090
1089 1090
752 1091
897 1091
1018 1091
1054 1091
898 1092
946 1092
1072 1092
1089 1092
780 1093
899 1093
1034 1093
1088 1093
902 1094
936 1094
1054 1094
1085 1094
905 1095
945 1095
1089 1095
773 1096
910 1096
1029 1096
1041 1096
1054 1096
899 1097
911 1097
1088 1097
1093 1097
873 1098
914 1098
1033 1098
1054 1098
1078 1098
917 1099
970 1099
1038 1099
1088 1099
754 1100
918 1100
1020 1100
1055 1100
1059 1100
729 1101
923 1101
1003 1101
1089 1101
844 1102
924 1102
1047 1102
1065 1102
1088 1102
869 1103
931 1103
1017 1103
1054 1103
1076 1103
849 1104
932 1104
998 1104
1068 1104
1088 1104
746 1105
933 1105
1014 1105
1044 1105
1054 1105
911 1106
934 1106
1019 1106
1088 1106
1097 1106
935 1107
975 1107
1086 1107
1089 1107
936 1108
969 1108
1054 1108
1094 1108
818 1109
937 1109
1024 1109
1050 1109
1054 1109
848 1110
938 1110
1045 1110
1067 1110
1088 1110
923 1111
939 1111
1073 1111
1089 1111
1101 1111
741 1112
942 1112
1005 1112
1011 1112
1088 1112
847 1113
943 1113
1066 1113
1079 1113
1089 1113
807 1114
944 1114
1047 1114
1088 1114
945 1115
956 1115
1089 1115
1095 1115
946 1116
991 1116
1089 1116
1092 1116
897 1117
947 1117
1022 1117
1054 1117
1091 1117
739 1118
952 1118
1009 1118
1089 1118
732 1119
953 1119
1006 1119
1034 1119
1088 1119
954 1120
978 1120
1055 1120
1063 1120
894 1121
955 1121
1026 1121
1088 1121
1089 1121
1090 1121
956 1122
984 1122
1089 1122
1115 1122
799 1123
963 1123
1043 1123
1062 1123
1089 1123
730 1124
964 1124
1004 1124
1037 1124
1054 1124
820 1125
965 1125
1052 1125
1088 1125
965 1126
966 1126
1040 1126
1088 1126
1125 1126
969 1127
985 1127
1054 1127
1108 1127
970 1128
977 1128
1088 1128
1099 1128
784 1129
971 1129
1011 1129
1038 1129
1088 1129
733 1130
974 1130
1007 1130
1055 1130
862 1131
975 1131
1073 1131
1089 1131
1107 1131
775 1132
976 1132
1014 1132
1031 1132
1054 1132
944 1133
977 1133
1088 1133
1114 1133
1128 1133
765 1134
978 1134
1025 1134
1055 1134
1120 1134
981 1135
988 1135
1001 1135
1055 1135
743 1136
984 1136
1013 1136
1089 1136
1122 1136
764 1137
985 1137
1024 1137
1054 1137
1127 1137
889 1138
986 1138
1031 1138
1054 1138
1085 1138
753 1139
987 1139
1019 1139
1068 1139
1088 1139
794 1140
988 1140
1042 1140
1055 1140
1135 1140
974 1141
989 1141
1055 1141
1087 1141
1130 1141
905 1142
990 1142
1008 1142
1089 1142
1095 1142
952 1143
991 1143
1089 1143
1116 1143
1118 1143

Faces (Indices):
17 12 56
19 20 56
12 31 56
0 41 56
56 46 17
39 48 56
48 52 56
23 9 57
57 2 27
29 2 57
57 30 23
38 14 57
34 44 57
3 50 57
50 30 57
53 29 57
24 55 57
56 24 57
57 59 38
63 59 57
61 63 57
65 62 57
66 32 57
62 71 57
57 71 66
14 72 57
57 72 34
57 73 53
77 6 56
56 41 77
56 35 78
79 1 57
32 79 57
80 56 43
83 22 57
57 55 83
89 73 57
18 8 90
90 37 18
51 37 90
90 28 54
90 0 56
90 7 60
60 51 90
90 47 67
42 69 90
91 10 5
4 15 91
25 11 91
57 1 91
91 58 4
1 68 91
74 58 91
76 91 81
91 82 25
76 85 91
85 82 91
86 45 91
84 86 91
91 88 84
64 92 91
91 92 90
56 20 93
94 74 91
36 95 90
96 87 56
56 31 98
56 98 43
90 95 99
100 35 56
80 100 56
101 40 90
22 102 57
57 102 61
5 103 91
104 49 90
67 104 90
105 19 56
56 78 105
90 106 0
70 106 90
16 107 56
107 46 56
108 21 90
99 108 90
109 88 91
110 96 56
111 26 56
56 52 111
112 47 90
69 112 90
91 113 75
103 113 91
114 7 90
13 114 90
91 68 115
91 115 81
90 49 116
91 117 97
118 94 91
119 24 56
93 119 56
11 120 91
8 121 90
121 36 90
57 122 65
123 28 90
92 123 90
124 117 91
91 45 125
125 64 91
6 126 56
56 126 39
54 127 90
90 128 42
127 128 90
56 129 110
90 130 101
90 131 13
40 131 90
9 132 57
91 75 133
133 109 91
56 134 16
56 33 134
116 135 90
135 130 90
27 136 57
136 122 57
137 3 57
15 138 91
138 124 91
26 139 56
139 129 56
140 33 56
87 140 56
90 21 141
141 70 90
44 142 57
57 142 137
143 89 57
57 132 143
144 10 91
97 144 91
145 118 91
91 120 145
106 146 0
24 149 55
29 156 2
137 157 3
58 158 4
10 159 5
77 160 6
114 161 7
18 162 8
23 163 9
144 166 10
166 159 10
25 169 11
17 170 12
131 171 13
38 172 14
4 173 15
158 173 4
134 176 16
46 177 17
177 170 17
37 178 18
178 162 18
105 181 19
19 182 20
181 182 19
108 183 21
83 184 22
186 172 165
30 191 23
191 163 23
119 192 24
192 149 24
82 193 25
193 169 25
111 194 26
2 195 27
156 195 2
123 200 28
53 201 29
201 156 29
50 202 30
202 191 30
12 203 31
170 203 12
203 170 153
66 204 32
140 205 33
72 208 34
100 209 35
121 210 36
51 211 37
211 178 37
59 212 38
212 172 38
172 212 165
126 213 39
101 214 40
0 215 41
146 215 0
215 146 147
128 216 42
98 223 43
34 224 44
208 224 34
228 215 147
86 229 45
107 230 46
230 177 46
177 230 174
112 233 47
234 194 154
155 195 235
195 156 235
39 236 48
213 236 39
236 213 187
104 237 49
173 158 239
239 158 197
174 230 241
3 242 50
157 242 3
242 157 175
242 202 50
240 242 175
202 242 240
243 236 187
60 245 51
245 211 51
211 245 196
196 245 238
48 248 52
236 248 48
207 248 243
248 236 243
73 249 53
249 201 53
201 249 221
28 250 54
200 250 28
190 250 225
250 200 225
149 253 55
221 249 254
74 256 58
256 158 58
158 256 197
63 257 59
257 212 59
7 258 60
161 258 7
258 245 60
245 258 238
187 213 260
175 157 261
153 170 262
170 177 262
262 177 174
102 263 61
163 191 265
65 266 62
259 266 188
61 267 63
218 267 199
267 257 63
257 267 218
263 267 61
267 263 199
125 270 64
122 271 65
188 271 244
271 266 65
266 271 188
149 192 272
253 149 272
71 273 66
273 204 66
47 274 67
233 274 47
156 201 276
276 201 221
235 156 276
1 277 68
42 278 69
216 278 42
141 279 70
281 279 179
62 284 71
266 284 62
284 266 259
284 273 71
14 285 72
172 285 14
285 172 186
285 208 72
247 285 186
208 285 247
89 286 73
286 249 73
249 286 254
287 176 264
191 202 288
288 202 240
265 191 288
94 291 74
291 256 74
113 292 75
81 293 76
180 293 280
294 209 164
165 212 295
212 257 295
295 257 218
227 204 296
204 273 296
41 298 77
298 160 77
215 298 41
298 215 228
160 298 297
297 298 228
35 299 78
209 299 35
299 209 294
217 299 294
79 300 1
32 300 79
204 300 32
148 300 227
300 204 227
300 277 1
148 277 300
43 303 80
223 303 43
185 303 246
303 223 246
115 304 81
304 293 81
293 304 280
225 200 305
85 306 82
306 193 82
55 307 83
307 184 83
55 253 307
246 223 308
224 208 309
309 208 247
88 310 84
76 311 85
293 311 76
311 293 180
311 306 85
312 171 289
84 314 86
314 229 86
310 314 84
159 166 315
317 311 180
306 311 317
96 319 87
109 320 88
320 310 88
310 320 283
143 321 89
321 286 89
197 256 322
256 291 322
178 211 323
323 211 196
64 324 92
226 324 189
270 324 64
324 270 189
182 181 325
325 181 198
220 182 325
199 263 326
20 327 93
182 327 20
327 182 220
118 328 94
328 291 94
36 329 95
210 329 36
268 237 330
331 292 269
110 332 96
332 319 96
169 193 334
117 335 97
336 335 290
31 340 98
203 340 31
340 223 98
223 340 308
95 341 99
329 341 95
80 344 100
164 344 185
344 209 100
209 344 164
303 344 80
344 303 185
345 161 167
258 161 345
238 258 345
346 173 239
130 347 101
347 214 101
22 348 102
184 348 22
348 184 219
348 263 102
326 348 219
263 348 326
280 304 349
147 146 350
272 192 351
352 253 272
307 253 352
5 353 103
159 353 5
67 354 104
354 237 104
274 354 67
237 354 330
322 291 355
291 328 355
355 328 302
162 178 356
301 162 356
356 178 323
189 270 357
360 310 283
314 310 360
78 361 105
361 181 105
181 361 198
198 361 217
299 361 78
361 299 217
70 362 106
362 146 106
279 362 70
362 279 281
146 362 350
350 362 281
16 363 107
176 363 16
363 230 107
230 363 241
363 176 287
241 363 287
99 364 108
364 183 108
341 364 99
364 341 333
133 365 109
365 320 109
129 366 110
255 366 222
366 332 110
332 366 255
52 367 111
367 194 111
194 367 154
154 367 207
248 367 52
367 248 207
69 368 112
368 233 112
278 368 69
233 368 282
368 278 359
282 368 359
103 369 113
269 369 151
369 292 113
292 369 269
353 369 103
369 353 151
370 169 334
341 329 371
333 341 371
13 372 114
372 161 114
161 372 167
171 372 13
167 372 312
372 171 312
68 373 115
277 373 68
373 277 148
373 304 115
349 373 148
304 373 349
49 374 116
237 374 49
150 374 268
374 237 268
124 375 117
290 375 313
375 335 117
335 375 290
145 376 118
376 328 118
328 376 302
302 376 343
93 377 119
377 192 119
327 377 93
192 377 351
378 216 251
278 216 378
359 278 378
252 229 379
229 314 379
379 314 360
380 332 255
319 332 380
338 319 380
254 286 381
286 321 381
381 321 339
11 382 120
169 382 11
382 169 370
8 383 121
162 383 8
383 210 121
383 162 301
210 383 342
342 383 301
136 384 122
244 384 206
384 271 122
271 384 244
92 385 123
385 200 123
200 385 305
305 385 226
324 385 92
385 324 226
138 386 124
313 386 168
386 375 124
375 386 313
219 184 387
184 307 387
387 307 352
388 327 220
377 327 388
351 377 388
318 183 389
183 364 389
389 364 333
193 306 390
390 306 317
334 193 390
354 274 391
330 354 391
45 393 125
229 393 45
393 229 252
393 270 125
357 393 252
270 393 357
6 394 126
160 394 6
394 213 126
213 394 260
54 395 127
250 395 54
395 250 190
358 395 190
127 396 128
396 216 128
216 396 251
251 396 358
395 396 127
396 395 358
397 160 297
394 160 397
260 394 397
398 284 259
273 284 398
296 273 398
139 399 129
222 399 275
399 366 129
366 399 222
135 400 130
400 347 130
347 400 316
40 401 131
401 171 131
214 401 40
171 401 289
401 214 337
289 401 337
337 214 402
214 347 402
402 347 316
315 166 403
9 404 132
163 404 9
75 405 133
292 405 75
405 292 331
405 365 133
392 405 331
365 405 392
33 406 134
406 176 134
205 406 33
176 406 264
116 407 135
374 407 116
407 374 150
407 400 135
27 408 136
195 408 27
408 195 155
206 408 155
408 384 136
384 408 206
409 205 231
406 205 409
264 406 409
410 163 265
404 163 410
232 404 410
142 411 137
411 157 137
261 411 152
157 411 261
274 233 412
412 233 282
391 274 412
283 320 413
320 365 413
413 365 392
15 414 138
173 414 15
168 414 346
414 173 346
414 386 138
386 414 168
26 415 139
194 415 26
415 194 234
275 415 234
415 399 139
399 415 275
87 416 140
416 205 140
205 416 231
319 416 87
231 416 338
416 319 338
21 417 141
183 417 21
417 279 141
279 417 179
179 417 318
417 183 318
44 418 142
224 418 44
418 411 142
411 418 152
132 419 143
419 321 143
339 419 232
321 419 339
404 419 132
419 404 232
97 420 144
420 166 144
335 420 97
420 335 336
166 420 403
403 420 336
120 421 145
421 376 145
376 421 343
382 421 120
329 210 422
422 210 342
371 329 422
423 382 370
343 421 423
421 382 423
424 159 315
151 353 424
353 159 424
316 400 425
425 407 150
400 407 425
426 203 153
340 203 426
308 340 426
427 224 309
152 418 427
418 224 427
147 428 228
148 429 349
150 430 425
151 431 269
152 432 261
153 433 426
154 434 234
155 435 206
164 436 294
165 437 186
167 438 345
168 439 313
174 440 262
175 441 240
179 442 281
180 443 317
185 444 164
444 436 164
186 445 247
437 445 186
187 446 243
188 447 259
189 448 226
190 449 358
196 450 323
197 451 239
198 452 325
199 453 218
206 454 244
435 454 206
207 455 154
455 434 154
217 458 198
458 452 198
218 459 295
453 459 218
219 460 326
220 461 388
221 462 276
222 463 255
225 464 190
464 449 190
449 464 457
457 464 456
226 465 305
448 465 226
465 448 456
227 466 148
466 429 148
228 467 297
428 467 228
231 468 409
232 469 339
234 470 275
434 470 234
235 471 155
471 435 155
238 472 196
472 450 196
450 472 457
239 473 346
451 473 239
456 473 451
240 474 288
441 474 240
241 475 174
475 440 174
243 476 207
446 476 243
476 455 207
244 477 188
477 447 188
454 477 244
246 478 185
478 444 185
247 479 309
445 479 247
251 480 378
252 481 357
254 482 221
482 462 221
255 483 380
463 483 255
259 484 398
447 484 259
260 485 187
485 446 187
261 486 175
432 486 261
486 441 175
262 487 153
487 433 153
440 487 262
264 488 287
265 489 410
268 490 150
490 430 150
430 490 457
269 491 331
431 491 269
456 491 431
272 492 352
275 493 222
493 463 222
470 493 275
276 494 235
462 494 276
494 471 235
280 495 180
495 443 180
443 495 456
281 496 350
442 496 281
457 496 442
282 497 412
283 498 360
287 499 241
499 475 241
488 499 287
288 500 265
474 500 288
500 489 265
289 501 312
290 502 336
294 503 217
436 503 294
503 458 217
295 504 165
504 437 165
459 504 295
296 505 227
505 466 227
297 506 397
467 506 297
301 507 342
302 508 355
305 509 225
509 464 225
464 509 456
465 509 305
456 509 465
308 510 246
510 478 246
309 511 427
479 511 309
312 512 167
512 438 167
438 512 457
501 512 312
512 501 457
313 513 290
439 513 313
456 513 439
513 502 290
502 513 456
315 514 424
316 515 402
317 516 390
443 516 317
456 516 443
318 517 179
517 442 179
442 517 457
322 518 197
518 451 197
451 518 456
323 519 356
450 519 323
457 519 450
325 520 220
452 520 325
520 461 220
326 521 199
521 453 199
460 521 326
330 522 268
522 490 268
457 490 522
331 523 392
491 523 331
523 491 456
333 524 389
334 525 370
336 526 403
502 526 336
526 502 456
337 527 289
527 501 289
457 501 527
338 528 231
528 468 231
339 529 381
469 529 339
342 530 422
507 530 342
530 507 457
343 531 302
531 508 302
456 508 531
345 532 238
438 532 345
457 532 438
532 472 238
472 532 457
346 533 168
533 439 168
439 533 456
473 533 346
533 473 456
349 534 280
429 534 349
534 429 456
534 495 280
495 534 456
350 535 147
535 428 147
428 535 457
496 535 350
535 496 457
351 536 272
536 492 272
352 537 387
492 537 352
355 538 322
508 538 355
538 508 456
538 518 322
518 538 456
356 539 301
539 507 301
507 539 457
519 539 356
457 539 519
357 540 189
540 448 189
448 540 456
481 540 357
540 481 456
358 541 251
449 541 358
541 449 457
541 480 251
480 541 457
359 542 282
542 497 282
497 542 457
360 543 379
498 543 360
543 498 456
445 437 544
454 435 544
456 429 544
459 453 544
429 466 544
544 435 471
474 441 544
544 447 477
477 454 544
544 479 445
544 462 482
484 447 544
486 432 544
441 486 544
494 462 544
471 494 544
544 500 474
489 500 544
437 504 544
544 504 459
466 505 544
511 479 544
453 521 544
544 521 460
529 469 544
436 444 545
545 434 455
457 545 428
452 458 545
545 467 428
470 434 545
440 475 545
476 446 545
455 476 545
444 478 545
483 463 545
545 446 485
545 433 487
487 440 545
545 463 493
493 470 545
545 475 499
545 499 488
545 503 436
458 503 545
545 506 467
545 478 510
545 520 452
461 520 545
468 528 545
545 492 536
537 492 545
544 537 545
370 546 423
525 546 370
456 546 525
371 547 333
547 524 333
524 547 457
378 548 359
480 548 378
457 548 480
548 542 359
542 548 457
379 549 252
549 481 252
456 481 549
543 549 379
456 549 543
380 550 338
483 550 380
550 528 338
550 483 545
545 528 550
381 551 254
551 482 254
529 551 381
482 551 544
551 529 544
387 552 219
552 460 219
537 552 387
460 552 544
552 537 544
388 553 351
461 553 388
553 536 351
553 461 545
536 553 545
389 554 318
554 517 318
517 554 457
524 554 389
457 554 524
390 555 334
516 555 390
555 516 456
555 525 334
525 555 456
391 556 330
556 522 330
522 556 457
392 557 413
523 557 392
557 523 456
397 558 260
558 485 260
506 558 397
485 558 545
558 506 545
398 559 296
484 559 398
559 505 296
559 484 544
544 505 559
402 560 337
515 560 402
560 515 457
560 527 337
527 560 457
403 561 315
561 514 315
456 514 561
526 561 403
561 526 456
409 562 264
468 562 409
562 488 264
562 468 545
562 545 488
410 563 232
563 469 232
489 563 410
544 469 563
563 489 544
412 564 391
497 564 412
457 564 497
564 556 391
556 564 457
413 565 283
565 498 283
498 565 456
557 565 413
456 565 557
422 566 371
530 566 422
457 566 530
566 547 371
547 566 457
423 567 343
567 531 343
531 567 456
546 567 423
567 546 456
424 568 151
568 431 151
431 568 456
514 568 424
568 514 456
425 569 316
430 569 425
569 430 457
569 515 316
457 515 569
426 570 308
433 570 426
570 510 308
570 433 545
510 570 545
427 571 152
571 432 152
511 571 427
544 432 571
571 511 544
456 544 600
457 456 601
456 600 601
601 608 593
592 609 600
616 594 601
595 617 600
601 634 574
600 575 635
639 587 600
601 586 640
600 653 601
653 608 601
609 653 600
656 582 601
645 656 601
583 657 600
600 657 646
600 587 660
661 586 601
662 595 600
601 594 663
666 634 601
635 667 600
646 670 600
601 671 645
651 674 601
675 652 600
601 582 676
676 616 601
677 583 600
600 617 677
678 600 573
678 639 600
679 572 601
640 679 601
652 682 600
600 682 662
683 651 601
601 663 683
600 684 592
625 684 600
593 685 601
685 624 601
686 641 601
642 687 600
544 545 688
581 589 688
579 598 688
544 688 600
600 688 573
688 597 603
573 688 610
688 615 579
585 618 688
688 621 591
598 621 688
688 589 623
688 626 606
591 628 688
576 630 688
630 585 688
606 638 688
638 615 688
688 618 644
644 633 688
648 581 688
603 648 688
688 649 610
623 655 688
665 597 688
604 665 688
688 613 673
636 681 688
545 457 689
588 580 689
689 599 578
457 601 689
601 572 689
602 596 689
572 611 689
578 614 689
619 584 689
590 620 689
620 599 689
622 588 689
689 607 627
689 629 590
689 631 577
584 631 689
689 637 607
614 637 689
689 643 619
632 643 689
689 580 647
647 602 689
689 611 650
689 654 622
689 596 664
664 605 689
672 612 689
680 636 689
545 689 688
689 636 688
600 669 690
691 668 601
624 692 601
601 692 686
693 625 600
600 687 693
694 689 627
694 672 689
695 626 688
673 695 688
688 696 604
688 681 696
605 697 689
689 697 680
698 661 601
601 668 698
660 699 600
699 669 600
700 666 601
667 701 600
702 629 689
650 702 689
628 703 688
703 649 688
659 704 601
704 671 601
600 705 658
670 705 600
689 612 706
706 632 689
688 707 613
633 707 688
641 708 601
601 708 700
709 642 600
600 701 709
601 674 710
710 691 601
675 600 711
600 690 711
712 575 600
658 712 600
601 574 713
659 601 713
577 714 689
714 654 689
688 715 576
655 715 688
572 717 611
573 718 678
574 720 713
575 721 635
576 722 630
577 723 714
578 724 614
579 725 598
580 734 647
581 735 589
582 737 676
583 738 657
584 744 631
585 745 618
747 740 723
586 749 640
587 750 660
588 755 580
755 734 580
589 756 623
735 756 589
590 757 620
591 758 628
592 759 609
593 760 685
726 765 725
594 766 663
595 767 617
596 768 664
597 769 603
598 776 621
725 776 598
725 765 776
599 777 578
777 724 578
735 782 756
782 742 756
602 787 596
787 768 596
603 788 648
769 788 603
604 789 665
605 790 697
751 752 790
606 791 638
607 792 627
608 795 593
795 760 593
795 770 760
609 796 653
759 796 609
610 797 573
797 718 573
797 774 718
611 798 650
717 798 611
717 716 798
716 785 798
612 801 706
613 802 673
614 804 637
724 804 614
615 805 579
805 725 579
805 726 725
771 726 805
616 808 594
808 766 594
617 809 677
767 809 617
618 810 644
745 810 618
745 727 810
619 811 584
811 744 584
727 812 810
620 813 599
757 813 620
813 777 599
757 783 813
813 806 777
783 806 813
621 814 591
814 758 591
776 814 621
622 816 588
816 755 588
816 793 755
623 817 655
756 817 623
756 742 817
777 818 724
806 818 777
770 820 760
624 821 692
625 822 684
626 824 606
824 791 606
627 825 694
792 825 627
826 728 809
767 826 809
827 782 735
731 828 808
808 828 766
828 815 766
628 829 703
758 829 628
629 830 590
830 757 590
630 831 585
722 831 630
831 745 585
631 832 577
832 723 577
744 832 631
832 747 723
744 800 832
800 747 832
769 833 788
632 834 643
633 835 707
772 761 835
833 837 788
634 838 574
838 720 574
838 807 720
635 839 667
721 839 635
759 840 796
758 841 829
841 836 829
636 842 681
842 762 719
843 774 797
637 845 607
845 792 607
804 845 637
804 764 845
638 846 615
791 846 638
846 805 615
846 771 805
819 771 846
791 819 846
639 850 587
850 750 587
640 851 679
749 851 640
641 852 708
642 853 687
742 855 817
856 819 791
824 856 791
643 857 619
857 811 619
857 746 811
834 857 643
644 858 633
810 858 644
812 772 858
810 812 858
858 835 633
858 772 835
645 859 656
646 860 670
861 826 767
647 864 602
734 864 647
864 787 602
864 779 787
648 865 581
865 735 581
788 865 648
865 827 735
788 837 865
837 827 865
649 866 610
866 797 610
866 843 797
854 843 866
650 867 702
798 867 650
798 785 867
785 868 867
787 869 768
779 869 787
774 870 718
870 847 718
651 871 674
748 732 871
652 872 682
755 873 734
793 873 755
850 874 750
874 863 750
653 875 608
875 795 608
796 875 653
877 754 789
654 878 622
878 816 622
655 879 715
817 879 655
855 778 879
817 855 879
656 882 582
882 737 582
882 741 737
859 882 656
657 883 646
738 883 657
883 860 646
884 799 822
658 885 712
659 886 704
660 887 699
750 887 660
750 863 887
863 881 887
661 888 586
888 749 586
888 753 749
891 856 824
662 892 595
892 767 595
892 861 767
663 893 683
766 893 663
766 815 893
815 781 893
840 894 796
796 894 875
664 895 605
768 895 664
895 790 605
895 751 790
665 896 597
896 769 597
789 896 665
789 754 896
898 861 892
666 900 634
900 838 634
667 901 701
839 901 667
668 903 698
669 904 690
876 763 904
670 906 705
860 906 670
671 907 645
907 859 645
907 784 859
672 908 612
908 801 612
908 889 801
902 889 908
673 909 695
802 909 673
910 793 816
773 910 878
878 910 816
899 911 903
674 912 710
871 912 674
871 732 912
675 913 652
913 872 652
734 914 864
914 779 864
873 914 734
676 915 616
737 915 676
915 808 616
915 731 808
677 916 583
916 738 583
728 743 916
916 743 738
809 916 677
809 728 916
917 784 907
918 833 769
754 918 896
896 918 769
678 919 639
718 919 678
718 847 919
919 850 639
679 920 572
920 717 572
851 920 679
851 849 920
680 921 636
921 842 636
681 922 696
719 823 922
842 922 681
842 719 922
729 923 721
721 923 839
924 807 838
900 924 838
844 924 900
682 925 662
872 925 682
925 892 662
925 898 892
683 926 651
781 748 926
926 871 651
926 748 871
893 926 683
893 781 926
684 927 592
927 759 592
822 927 684
822 799 927
685 928 624
760 928 685
760 820 928
928 821 624
686 929 641
786 848 929
929 852 641
929 848 852
687 930 693
853 930 687
853 890 930
890 880 930
869 931 768
931 751 895
768 931 895
932 716 717
920 932 717
849 932 920
933 800 744
811 933 744
746 933 811
934 753 888
935 890 853
724 937 804
937 764 804
818 937 724
848 938 852
839 939 901
939 862 901
923 939 839
690 940 711
763 739 940
904 940 690
904 763 940
691 941 668
780 899 941
941 903 668
941 899 903
741 942 737
942 731 915
737 942 915
943 874 850
847 943 919
919 943 850
807 944 720
860 945 906
945 905 906
872 946 925
946 898 925
947 762 842
921 947 842
897 947 921
692 948 686
821 948 692
948 929 686
948 786 929
693 949 625
949 822 625
949 884 822
880 884 949
930 949 693
930 880 949
694 950 672
825 950 694
950 908 672
950 902 908
825 936 950
936 902 950
695 951 626
951 824 626
951 891 824
909 951 695
732 953 912
814 954 758
954 841 758
955 770 795
875 955 795
894 955 875
883 956 860
956 945 860
696 957 604
957 789 604
957 877 789
823 877 957
922 957 696
922 823 957
697 958 680
790 958 697
790 752 958
752 897 958
958 921 680
958 897 921
698 959 661
959 888 661
903 959 698
903 911 959
959 934 888
911 934 959
699 960 669
881 876 960
887 960 699
887 881 960
960 904 669
960 876 904
700 961 666
803 844 961
961 900 666
961 844 900
701 962 709
901 962 701
901 862 962
963 840 759
927 963 759
799 963 927
964 783 757
730 964 830
830 964 757
820 965 928
928 965 821
966 786 948
821 966 948
965 966 821
702 967 629
967 830 629
967 730 830
867 967 702
868 730 967
867 868 967
703 968 649
829 968 703
829 836 968
836 854 968
968 866 649
968 854 866
792 969 825
969 936 825
784 971 859
971 741 882
859 971 882
704 972 671
886 972 704
972 907 671
972 917 907
886 970 972
970 917 972
705 973 658
973 885 658
906 973 705
906 905 973
733 974 802
802 974 909
862 975 962
775 976 834
976 746 857
834 976 857
977 970 886
765 978 776
776 978 814
978 954 814
706 979 632
801 979 706
979 834 632
979 775 834
707 980 613
761 733 980
980 802 613
980 733 802
835 980 707
835 761 980
981 727 745
831 981 745
708 982 700
852 982 708
938 803 982
852 938 982
982 961 700
982 803 961
709 983 642
983 853 642
983 935 853
962 983 709
975 935 983
962 975 983
743 984 738
738 984 883
984 956 883
764 985 845
845 985 792
985 969 792
889 986 801
986 775 979
801 986 979
753 987 749
749 987 851
987 849 851
794 988 722
722 988 831
988 981 831
989 891 951
909 989 951
974 989 909
990 736 885
973 990 885
905 990 973
913 991 872
991 946 872
952 991 913
710 992 691
912 992 710
992 941 691
992 780 941
953 780 992
912 953 992
711 993 675
993 913 675
940 993 711
940 739 993
739 952 993
993 952 913
712 994 575
994 721 575
994 729 721
736 729 994
885 994 712
885 736 994
713 995 659
720 995 713
995 886 659
720 944 995
995 977 886
944 977 995
714 996 654
723 996 714
723 740 996
740 773 996
996 878 654
996 773 878
715 997 576
997 722 576
997 794 722
778 794 997
879 997 715
879 778 997
932 998 716
847 870 999
726 771 1000
727 981 1001
826 1002 728
736 1003 729
868 1004 730
942 1005 731
748 1006 732
733 761 1007
990 1008 736
1008 1003 736
763 1009 739
747 1010 740
971 1011 741
742 782 1012
728 1013 743
1002 1013 728
976 1014 746
800 1015 747
1015 1010 747
781 1016 748
1016 1006 748
931 1017 751
751 1018 752
1017 1018 751
934 1019 753
754 877 1020
761 772 1021
1007 761 1021
1022 719 762
947 1022 762
876 1023 763
1023 1009 763
937 1024 764
765 726 1025
1025 726 1000
955 1026 770
771 819 1027
1000 771 1027
772 812 1028
1021 772 1028
740 1029 773
1010 1029 740
774 843 1030
986 1031 775
778 855 1032
914 1033 779
953 1034 780
815 1035 781
1035 1016 781
782 827 1036
1012 782 1036
964 1037 783
917 1038 784
716 1039 785
998 1039 716
966 1040 786
910 1041 793
794 778 1042
1042 778 1032
884 1043 799
933 1044 800
1044 1015 800
938 1045 803
783 1046 806
1037 1046 783
924 1047 807
812 727 1048
1048 727 1001
1028 812 1048
828 1049 815
1049 1035 815
806 1050 818
1046 1050 806
819 856 1051
1027 819 1051
770 1052 820
1026 1052 770
823 719 1053
1053 719 1022
56 57 1054
1010 1015 1054
1018 1017 1054
1054 1029 1010
998 1054 1039
1015 1044 1054
1046 1037 1054
1050 1046 1054
1053 1022 1054
57 91 1055
1055 1007 1021
1025 1000 1055
1000 1027 1055
1021 1028 1055
1012 1036 1055
1042 1032 1055
1055 1048 1001
1028 1048 1055
1055 1027 1051
57 1055 1054
1055 1053 1054
861 1056 826
1056 1002 826
827 837 1057
1036 827 1057
1036 1057 1055
731 1058 828
1005 1058 731
1058 1049 828
833 918 1059
836 841 1060
837 833 1061
1057 837 1061
1055 1057 1061
1061 833 1059
1061 1059 1055
963 1062 840
841 954 1063
1060 841 1063
1060 1063 1055
843 854 1064
1030 843 1064
1030 1064 1055
803 1065 844
1045 1065 803
999 1066 847
1066 999 1055
786 1067 848
1040 1067 786
987 1068 849
854 836 1069
1069 836 1060
1055 1069 1060
1064 854 1069
1064 1069 1055
855 742 1070
1070 742 1012
1032 855 1070
1070 1012 1055
1055 1032 1070
856 891 1071
1051 856 1071
1051 1071 1055
898 1072 861
1072 1056 861
939 1073 862
874 1074 863
785 1075 868
1075 1004 868
1039 1075 785
1004 1075 1054
1054 1075 1039
779 1076 869
1033 1076 779
1076 1033 1054
870 774 1077
999 870 1077
1077 774 1030
1055 999 1077
1077 1030 1055
793 1078 873
1041 1078 793
1054 1078 1041
943 1079 874
1079 1074 874
881 1080 876
1080 1023 876
877 823 1081
1020 877 1081
1081 823 1053
1020 1081 1055
1081 1053 1055
890 1082 880
863 1083 881
1074 1083 863
1083 1080 881
880 1084 884
1084 1043 884
1082 1084 880
902 1085 889
935 1086 890
1086 1082 890
891 989 1087
1071 891 1087
1071 1087 1055
90 56 1088
1006 1016 1088
1088 1016 1035
1035 1049 1088
1088 1052 1026
56 1054 1088
1088 1054 998
1088 1058 1005
1049 1058 1088
1065 1045 1088
1067 1040 1088
91 90 1089
1089 1003 1008
1089 1013 1002
1009 1023 1089
91 1089 1055
1002 1056 1089
1089 1066 1055
1056 1072 1089
1089 1074 1079
1089 1023 1080
1083 1074 1089
1080 1083 1089
1089 1043 1084
1084 1082 1089
1082 1086 1089
90 1088 1089
840 1090 894
1062 1090 840
1089 1090 1062
752 1091 897
1018 1091 752
1091 1018 1054
946 1092 898
1092 1072 898
1089 1072 1092
780 1093 899
1034 1093 780
1093 1034 1088
936 1094 902
1094 1085 902
1054 1085 1094
945 1095 905
773 1096 910
1029 1096 773
1096 1041 910
1096 1029 1054
1041 1096 1054
899 1097 911
1093 1097 899
1088 1097 1093
873 1098 914
1098 1033 914
1033 1098 1054
1078 1098 873
1098 1078 1054
970 1099 917
1099 1038 917
1038 1099 1088
918 754 1100
1100 754 1020
1055 1100 1020
1059 918 1100
1059 1100 1055
729 1101 923
1003 1101 729
1101 1003 1089
844 1102 924
1102 1047 924
1065 1102 844
1047 1102 1088
1088 1102 1065
869 1103 931
1103 1017 931
1054 1017 1103
1076 1103 869
1103 1076 1054
849 1104 932
1104 998 932
1068 1104 849
1104 1088 998
1104 1068 1088
746 1105 933
1014 1105 746
1105 1044 933
1105 1014 1054
1054 1044 1105
911 1106 934
1106 1019 934
1019 1106 1088
1097 1106 911
1106 1097 1088
975 1107 935
1107 1086 935
1089 1086 1107
969 1108 936
1108 1094 936
1094 1108 1054
818 1109 937
1109 1024 937
1050 1109 818
1024 1109 1054
1054 1109 1050
848 1110 938
1110 1045 938
1067 1110 848
1045 1110 1088
1110 1067 1088
923 1111 939
1111 1073 939
1089 1073 1111
1101 1111 923
1111 1101 1089
741 1112 942
1112 1005 942
1011 1112 741
1005 1112 1088
1112 1011 1088
847 1113 943
1066 1113 847
1113 1079 943
1113 1066 1089
1079 1113 1089
807 1114 944
1047 1114 807
1114 1047 1088
956 1115 945
1115 1095 945
1089 1095 1115
991 1116 946
1116 1092 946
1092 1116 1089
897 1117 947
1117 1022 947
1054 1022 1117
1091 1117 897
1117 1091 1054
739 1118 952
1009 1118 739
1118 1009 1089
732 1119 953
1006 1119 732
1119 1034 953
1119 1006 1088
1034 1119 1088
954 978 1120
1063 954 1120
1063 1120 1055
894 1121 955
1121 1026 955
1121 1088 1026
1089 1088 1121
1090 1121 894
1090 1089 1121
984 1122 956
1122 1115 956
1115 1122 1089
799 1123 963
1043 1123 799
1123 1062 963
1123 1043 1089
1062 1123 1089
730 1124 964
1004 1124 730
1124 1037 964
1124 1004 1054
1054 1037 1124
820 1125 965
1052 1125 820
1125 1052 1088
965 1126 966
1126 1040 966
1088 1040 1126
1125 1126 965
1126 1125 1088
985 1127 969
1127 1108 969
1108 1127 1054
977 1128 970
1128 1099 970
1088 1099 1128
784 1129 971
1129 1011 971
1038 1129 784
1088 1011 1129
1129 1038 1088
974 733 1130
1130 733 1007
1130 1007 1055
862 1131 975
1073 1131 862
1131 1073 1089
1131 1107 975
1107 1131 1089
775 1132 976
1132 1014 976
1031 1132 775
1014 1132 1054
1054 1132 1031
944 1133 977
1114 1133 944
1114 1088 1133
1133 1128 977
1088 1128 1133
978 765 1134
1134 765 1025
1055 1134 1025
1120 978 1134
1120 1134 1055
981 988 1135
1001 981 1135
1055 1001 1135
743 1136 984
1013 1136 743
1089 1136 1013
1136 1122 984
1122 1136 1089
764 1137 985
1024 1137 764
1137 1024 1054
1137 1127 985
1054 1127 1137
889 1138 986
1138 1031 986
1031 1138 1054
1085 1138 889
1138 1085 1054
753 1139 987
1019 1139 753
1139 1068 987
1088 1139 1019
1068 1139 1088
988 794 1140
1140 794 1042
1140 1042 1055
1135 988 1140
1140 1055 1135
989 974 1141
1087 989 1141
1055 1087 1141
1141 974 1130
1141 1130 1055
905 1142 990
1142 1008 990
1008 1142 1089
1095 1142 905
1142 1095 1089
952 1143 991
1143 1116 991
1116 1143 1089
1118 1143 952
1089 1143 1118
