Vertices:
-0.383351 -0.034435 -0.236275
-0.347921 -0.014721 -0.183355
0.007931 0.183289 0.348177
0.043361 0.203004 0.401097
0.354744 0.103718 0.353744
-0.176696 -0.191996 -0.440060
0.143293 0.092877 0.238746
-0.190417 -0.092812 -0.259711
0.165436 0.105198 0.271821
-0.168274 -0.080491 -0.226635
0.168274 0.080491 0.226635
-0.165436 -0.105198 -0.271821
0.190417 0.092812 0.259711
-0.143293 -0.092877 -0.238746
0.176696 0.191996 0.440060
-0.354744 -0.103718 -0.353744
-0.043361 -0.203004 -0.401097
-0.007931 -0.183289 -0.348177
0.347921 0.014721 0.183355
0.383351 0.034435 0.236275
0.042553 0.407250 0.190541
-0.270249 0.233195 -0.276686
0.382543 0.238682 0.025719
0.069741 0.064627 -0.441508
-0.305922 -0.220114 0.113342
-0.159564 -0.138675 0.331954
-0.148418 -0.298205 0.036986
-0.002060 -0.216766 0.255598
-0.123437 -0.310591 0.024876
0.022921 -0.229152 0.243488
0.034068 -0.388683 -0.051480
0.180425 -0.307243 0.167132
-0.090713 -0.097245 0.431606
-0.373062 -0.254355 0.009866
0.249276 -0.265814 0.266784
-0.033072 -0.422924 -0.154956
-0.171084 -0.093008 -0.219632
0.140095 0.080144 0.245171
-0.146103 -0.105394 -0.231742
0.165076 0.067758 0.233061
0.154137 0.163680 0.188703
-0.143587 -0.001985 -0.256002
0.179118 0.151294 0.176593
-0.118606 -0.014371 -0.268113
-0.334752 -0.203611 0.036995
-0.112881 -0.080154 0.368399
-0.177247 -0.281703 -0.039361
0.044623 -0.158245 0.292044
-0.152266 -0.294088 -0.051471
0.069604 -0.170631 0.279933
0.005238 -0.372180 -0.127827
0.227109 -0.248722 0.203577
-0.251939 -0.211584 0.215972
-0.225346 -0.196787 0.255693
-0.094435 -0.289675 0.139616
-0.067842 -0.274878 0.179338
-0.069454 -0.302061 0.127506
-0.042861 -0.287264 0.167227
0.088051 -0.380152 0.051150
0.114644 -0.365355 0.090871
0.047922 -0.432422 0.269167
-0.070334 -0.498224 0.092529
-0.130126 -0.344145 0.355482
-0.248383 -0.409947 0.178844
0.094259 0.273889 -0.047526
-0.004971 0.218673 -0.195744
0.119240 0.261503 -0.059637
0.020010 0.206288 -0.207854
-0.005457 0.058941 0.447734
-0.398662 -0.159853 -0.139589
0.334533 -0.109627 0.282912
-0.058672 -0.328422 -0.304411
-0.176847 -0.199841 -0.122258
0.089009 -0.051908 0.274848
-0.151866 -0.212227 -0.134368
0.113990 -0.064294 0.262737
0.056858 0.354443 0.274056
-0.317890 0.145919 -0.285698
0.396847 0.185875 0.109234
0.022100 -0.022649 -0.450520
0.058048 0.341752 0.289491
-0.326406 0.127827 -0.284761
0.398038 0.173184 0.124669
0.013584 -0.040741 -0.449583
0.160663 -0.308598 0.375087
-0.149562 -0.481219 -0.088290
-0.017386 -0.220321 0.461403
-0.327610 -0.392942 -0.001975
0.185176 0.384057 -0.282748
0.198425 0.391429 -0.262958
0.007127 0.472334 -0.196433
0.020376 0.479707 -0.176642
-0.393271 -0.084809 -0.205219
0.028675 0.149978 0.425034
-0.053281 -0.253377 -0.370041
0.368665 -0.018591 0.260212
0.013203 -0.169810 0.239058
-0.142580 -0.256493 0.006368
0.038184 -0.182195 0.226948
-0.117599 -0.268879 -0.005743
-0.063288 0.388340 -0.008445
-0.142473 0.344279 -0.126722
0.094216 0.310249 -0.084801
0.015031 0.266188 -0.203078
0.119197 0.297863 -0.096911
0.040012 0.253802 -0.215188
0.276702 0.219772 -0.173267
0.197517 0.175711 -0.291544
-0.112474 -0.128059 0.418234
-0.361564 -0.266663 0.046172
0.227516 -0.296628 0.253412
-0.021574 -0.435231 -0.118650
-0.071304 0.386360 -0.022954
-0.133097 0.351976 -0.115253
0.086201 0.308268 -0.099309
0.024407 0.273884 -0.191609
0.111182 0.295883 -0.111420
0.049388 0.261499 -0.203719
0.268686 0.217791 -0.187776
0.206893 0.183407 -0.280075
-0.003358 -0.189019 0.224542
-0.131501 -0.260322 0.033137
0.021623 -0.201404 0.212431
-0.106520 -0.272708 0.021026
-0.358034 -0.070077 -0.147600
-0.009237 0.124007 0.373392
-0.200529 -0.148169 -0.223956
0.148268 0.045916 0.297037
-0.175548 -0.160554 -0.236066
0.173249 0.033530 0.284926
-0.018044 -0.238646 -0.312422
0.330753 -0.044561 0.208570
-0.048445 0.120291 -0.494893
0.358661 0.346821 0.113196
-0.226494 0.208568 -0.408578
0.180613 0.435098 0.199511
-0.343510 -0.191930 0.006981
-0.095041 -0.053671 0.378116
-0.186006 -0.270021 -0.069375
0.062464 -0.131763 0.301760
-0.161025 -0.282407 -0.081485
0.087445 -0.144148 0.289650
-0.003520 -0.360498 -0.157841
0.244949 -0.222240 0.213294
-0.107252 0.077247 -0.262085
0.150176 0.220490 0.122431
-0.082270 0.064862 -0.274195
0.175157 0.208105 0.110321
-0.032747 0.450354 -0.008868
-0.148318 0.386046 -0.181494
0.307243 0.281785 -0.173690
0.191672 0.217477 -0.346316
0.113283 0.001023 0.270785
-0.179493 -0.161889 -0.166531
0.138264 -0.011363 0.258674
-0.154512 -0.174275 -0.178641
-0.189908 0.296538 -0.175743
-0.027564 0.386872 0.066748
-0.032403 0.218446 -0.252098
0.129940 0.308781 -0.009608
-0.007422 0.206060 -0.264209
0.154921 0.296395 -0.021718
0.150082 0.127969 -0.340565
0.312426 0.218304 -0.098074
-0.347248 -0.185051 -0.007763
-0.086389 -0.039899 0.381877
-0.189743 -0.263142 -0.084119
0.071115 -0.117990 0.305521
-0.164762 -0.275528 -0.096230
0.096096 -0.130376 0.293411
-0.007258 -0.353619 -0.172585
0.253601 -0.208467 0.217055
0.157994 0.366140 -0.320493
0.224075 0.402910 -0.221789
-0.020055 0.454417 -0.234178
0.046026 0.491187 -0.135473
0.153348 0.152694 0.198311
-0.148584 -0.015312 -0.252679
0.178329 0.140308 0.186201
-0.123602 -0.027698 -0.264790
-0.293331 0.135684 -0.224570
0.019187 0.309581 0.242232
-0.135826 0.057593 -0.300926
0.176691 0.231490 0.165876
-0.110845 0.045207 -0.313037
0.201672 0.219104 0.153766
0.046659 -0.032884 -0.389392
0.359177 0.141013 0.077410
0.015794 0.329042 0.215329
-0.278226 0.165439 -0.223843
0.173298 0.250951 0.138973
-0.120721 0.087347 -0.300199
0.198279 0.238565 0.126863
-0.095740 0.074961 -0.312309
0.355784 0.160474 0.050507
0.061764 -0.003130 -0.388665
-0.360170 -0.130429 -0.090282
-0.039558 0.047972 0.388611
-0.202665 -0.208521 -0.166638
0.117947 -0.030120 0.312256
-0.177684 -0.220907 -0.178748
0.142928 -0.042505 0.300145
-0.020180 -0.298998 -0.255104
0.300432 -0.120597 0.223789
0.100530 0.273631 -0.034326
-0.013298 0.210293 -0.204349
0.125511 0.261245 -0.046437
0.011683 0.197907 -0.216460
0.020318 0.264157 0.291021
-0.319726 0.074944 -0.216896
0.177822 0.186066 0.214665
-0.162221 -0.003148 -0.293252
0.202803 0.173680 0.202555
-0.137240 -0.015533 -0.305362
0.360308 0.095589 0.126199
0.020264 -0.093625 -0.381718
-0.157028 -0.474090 -0.110983
0.174320 -0.289715 0.383945
-0.335077 -0.385813 -0.024668
-0.003729 -0.201438 0.470261
0.283823 -0.098369 0.414131
-0.194988 -0.364798 -0.301062
0.105775 -0.010092 0.500446
-0.373037 -0.276521 -0.214747
-0.193505 -0.380603 -0.281839
0.273217 -0.120901 0.415297
-0.371554 -0.292326 -0.195523
0.095169 -0.032624 0.501612
-0.356194 -0.056730 -0.157456
-0.004316 0.139069 0.368139
-0.198690 -0.134821 -0.233812
0.153188 0.060978 0.291783
-0.173709 -0.147207 -0.245922
0.178169 0.048592 0.279673
-0.016204 -0.225298 -0.322278
0.335674 -0.029500 0.203317
-0.191798 -0.274666 -0.386663
0.329105 0.015184 0.391402
-0.369847 -0.186389 -0.300347
0.151056 0.103462 0.477717
0.013402 0.337872 0.201365
-0.270260 0.180031 -0.222336
0.170906 0.259781 0.125009
-0.112755 0.101940 -0.298692
0.195887 0.247395 0.112899
-0.087774 0.089554 -0.310802
0.353392 0.169304 0.036543
0.069730 0.011463 -0.387158
-0.299777 0.181598 -0.284825
0.052789 0.377779 0.241796
0.040213 0.013030 -0.449647
0.392779 0.209211 0.076974
-0.091666 -0.255897 0.110781
-0.052925 -0.234340 0.168648
-0.066685 -0.268283 0.098670
-0.027944 -0.246726 0.156538
0.020700 0.287881 0.267546
-0.307210 0.105419 -0.222247
0.178204 0.209789 0.191191
-0.149705 0.027328 -0.298603
0.203185 0.197404 0.179080
-0.124724 0.014942 -0.310713
0.360690 0.119312 0.102724
0.032780 -0.063149 -0.387069
-0.085692 0.114921 -0.256141
0.142703 0.242009 0.085007
-0.060710 0.102536 -0.268252
0.167684 0.229623 0.072897
0.293945 -0.075702 0.411827
-0.195765 -0.348195 -0.319644
0.115896 0.012575 0.498143
-0.373813 -0.259918 -0.233329
-0.125509 -0.035321 -0.494708
0.373882 0.242560 0.251223
-0.303557 0.052957 -0.408393
0.195833 0.330837 0.337539
-0.299080 -0.221168 0.128532
-0.169073 -0.148827 0.322723
-0.141576 -0.299259 0.052177
-0.011568 -0.226918 0.246367
-0.116595 -0.311645 0.040066
0.013413 -0.239304 0.234257
0.040910 -0.389736 -0.036290
0.170917 -0.317395 0.157901
-0.234378 -0.202436 0.242841
-0.243250 -0.207372 0.229589
-0.076874 -0.280527 0.166485
-0.085745 -0.285464 0.153233
-0.051893 -0.292913 0.154374
-0.060764 -0.297849 0.141123
0.105612 -0.371004 0.078019
0.096740 -0.375941 0.064767
0.022774 0.131917 0.431334
-0.395477 -0.100814 -0.193401
0.362764 -0.036652 0.266512
-0.055487 -0.269383 -0.358223
0.011606 0.233831 -0.177051
0.080936 0.272409 -0.073494
0.036587 0.221445 -0.189161
0.105917 0.260023 -0.085604
-0.084105 0.054965 -0.501639
0.369369 0.307295 0.175707
-0.262153 0.143242 -0.415323
0.191320 0.395572 0.262022
-0.071734 0.439067 -0.077745
-0.103622 0.421323 -0.125376
0.268256 0.270498 -0.242567
0.236368 0.252754 -0.290198
-0.316195 -0.282344 0.155794
-0.180294 -0.206723 0.358789
0.023794 -0.450912 -0.009028
0.159696 -0.375291 0.193967
-0.021414 0.384309 0.082054
-0.199341 0.285304 -0.183711
0.136090 0.306218 0.005699
-0.041836 0.207213 -0.260067
0.161071 0.293832 -0.006412
-0.016855 0.194827 -0.272178
0.318576 0.215741 -0.082768
0.140649 0.116736 -0.348533
0.034081 0.167876 0.417882
-0.390510 -0.068383 -0.216322
0.374071 -0.000693 0.253060
-0.050520 -0.236952 -0.381144
0.000797 0.447124 0.063629
-0.193873 0.338802 -0.227147
0.340787 0.278556 -0.101193
0.146117 0.170234 -0.391969
0.016394 0.113737 0.436766
-0.397123 -0.116359 -0.180897
0.356384 -0.054831 0.271944
-0.057133 -0.284928 -0.345719
0.301735 0.407754 -0.066549
0.059286 0.272846 -0.428691
0.123686 0.496031 0.019766
-0.118763 0.361124 -0.342376
0.043880 0.257230 -0.134409
0.051647 0.261552 -0.122806
0.068861 0.244844 -0.146519
0.076629 0.249166 -0.134917
0.343188 0.059969 0.374649
-0.185612 -0.234276 -0.415210
0.165139 0.148246 0.460965
-0.363660 -0.145999 -0.328895
-0.342251 0.091365 -0.280154
0.058727 0.314484 0.318779
-0.002261 -0.077204 -0.444976
0.398717 0.145916 0.153958
0.144129 0.355639 -0.338355
0.236412 0.406989 -0.200512
-0.033920 0.443916 -0.252039
0.058364 0.495266 -0.114197
0.046506 0.398199 0.207952
-0.280374 0.216310 -0.280303
0.386496 0.229631 0.043130
0.059616 0.047742 -0.445125
-0.078117 0.126980 -0.252849
0.139430 0.248031 0.072098
-0.053136 0.114594 -0.264959
0.164411 0.235645 0.059987
0.116022 0.331685 -0.371834
0.259957 0.411776 -0.156839
-0.062027 0.419962 -0.285518
0.081909 0.500053 -0.070524
0.153147 0.203451 0.145986
-0.120477 0.051196 -0.262722
0.178128 0.191065 0.133876
-0.095496 0.038810 -0.274832
0.353738 0.358094 0.091511
-0.035835 0.141320 -0.490388
0.175690 0.446371 0.177826
-0.213884 0.229597 -0.404073
-0.161407 0.326967 -0.148072
-0.048072 0.390031 0.021214
-0.003902 0.248876 -0.224428
0.109432 0.311939 -0.055142
0.021079 0.236490 -0.236538
0.134413 0.299554 -0.067253
0.178583 0.158399 -0.312894
0.291918 0.221462 -0.143608
0.127385 0.262439 0.032515
-0.054490 0.161237 -0.239148
0.152366 0.250053 0.020405
-0.029509 0.148851 -0.251259
-0.113973 -0.498735 0.003035
0.104601 -0.377112 0.329517
-0.292022 -0.410458 0.089350
-0.073447 -0.288835 0.415832
-0.332988 -0.280727 0.119501
-0.157488 -0.183072 0.381644
0.007001 -0.449295 -0.045321
0.182502 -0.351640 0.216822
-0.193848 -0.294027 -0.371090
0.321159 -0.007457 0.398168
-0.371896 -0.205749 -0.284774
0.143110 0.080820 0.484483
-0.060714 0.098853 -0.498275
0.362914 0.334576 0.134492
-0.238762 0.187130 -0.411960
0.184866 0.422853 0.220807
-0.100277 0.090024 -0.260765
0.148082 0.228221 0.110205
-0.075296 0.077638 -0.272876
0.173063 0.215835 0.098095
0.312636 -0.030189 0.403836
-0.195194 -0.312766 -0.354701
0.134587 0.058088 0.490151
-0.373242 -0.224489 -0.268386
-0.054068 0.017925 0.389410
-0.357714 -0.151036 -0.064141
0.103437 -0.060167 0.313054
-0.200209 -0.229127 -0.140497
0.128418 -0.072553 0.300944
-0.175228 -0.241513 -0.152607
0.285922 -0.150644 0.224588
-0.017724 -0.319604 -0.228963
-0.181490 -0.213346 -0.428113
0.349290 0.082000 0.364704
-0.359539 -0.125069 -0.341798
0.171241 0.170278 0.451019
-0.259874 0.249710 -0.272176
0.038071 0.415499 0.172861
0.080116 0.081142 -0.436998
0.378061 0.246930 0.008039
-0.123582 -0.142694 0.410287
-0.355093 -0.271515 0.064483
0.216408 -0.311262 0.245465
-0.015103 -0.440083 -0.100339
0.336454 0.037678 0.383556
-0.189051 -0.254733 -0.401382
0.158405 0.125955 0.469871
-0.367099 -0.166456 -0.315066
-0.126695 0.037986 -0.262038
0.154017 0.194185 0.157256
-0.101714 0.025601 -0.274148
0.178998 0.181799 0.145146
-0.324356 -0.212432 0.067460
-0.131289 -0.105002 0.355841
-0.166851 -0.290523 -0.008896
0.026215 -0.183094 0.279485
-0.141870 -0.302909 -0.021006
0.051196 -0.195479 0.267375
0.015634 -0.381000 -0.097362
0.208701 -0.273571 0.191019
-0.170108 -0.456644 -0.155807
0.200963 -0.250165 0.398456
-0.348157 -0.368367 -0.069492
0.022915 -0.161888 0.484771
0.136517 0.067228 0.251002
-0.173501 -0.105278 -0.212067
0.161498 0.054842 0.238891
-0.148520 -0.117664 -0.224177
-0.236111 0.235669 -0.208798
-0.000648 0.366690 0.142909
-0.078607 0.157578 -0.285153
0.156856 0.288599 0.066553
-0.053626 0.145192 -0.297264
0.181837 0.276213 0.054443
0.103879 0.067101 -0.373620
0.339341 0.198122 -0.021913
-0.367559 -0.260938 0.027951
-0.101508 -0.112897 0.425346
-0.027569 -0.429507 -0.136870
0.238481 -0.281466 0.260524
0.073918 0.270674 -0.086197
0.019815 0.240569 -0.167009
0.098899 0.258289 -0.098307
0.044796 0.228184 -0.179120
0.146828 -0.326824 0.365190
-0.141503 -0.487263 -0.065485
-0.031220 -0.238547 0.451505
-0.319551 -0.398985 0.020830
-0.349540 0.073084 -0.276495
0.058213 0.299974 0.332560
-0.009551 -0.095484 -0.441317
0.398203 0.131406 0.167738
-0.136993 0.396050 -0.168365
-0.042040 0.448885 -0.026537
0.202997 0.227482 -0.333187
0.297949 0.280317 -0.191359
0.038981 0.185565 0.409897
-0.387200 -0.051578 -0.226683
0.378971 0.016997 0.245075
-0.047210 -0.220147 -0.391505
-0.079565 0.383628 -0.037200
-0.123813 0.359007 -0.103293
0.077940 0.305537 -0.113556
0.033692 0.280915 -0.179649
0.102921 0.293151 -0.125667
0.058673 0.268530 -0.191759
0.260425 0.215060 -0.202022
0.216177 0.190438 -0.268115
0.211402 0.397719 -0.242621
0.171687 0.375620 -0.301942
0.033354 0.485996 -0.156306
-0.006361 0.463897 -0.215627
-0.163882 -0.465891 -0.133507
0.187764 -0.270221 0.391741
-0.341931 -0.377614 -0.047192
0.009716 -0.181944 0.478057
0.101850 0.318291 -0.387368
0.271107 0.412472 -0.134552
-0.076198 0.406568 -0.301052
0.093059 0.500749 -0.048236
0.087722 0.273481 -0.060593
0.003337 0.226526 -0.186637
0.112703 0.261095 -0.072703
0.028318 0.214140 -0.198747
0.132569 0.054159 0.256224
-0.175517 -0.117272 -0.203960
0.157550 0.041774 0.244113
-0.150536 -0.129657 -0.216070
-0.257836 -0.265448 0.258896
-0.247198 -0.259529 0.274786
0.082153 -0.434016 0.094074
0.092792 -0.428097 0.109964
-0.168889 -0.195245 0.370574
-0.324784 -0.281991 0.137716
0.171101 -0.363813 0.205753
0.015206 -0.450559 -0.027106
-0.288338 -0.277942 0.208756
-0.214240 -0.236711 0.319435
0.051652 -0.446510 0.043934
0.125750 -0.405279 0.154613
0.037515 -0.137781 0.256452
-0.156743 -0.245873 -0.033709
0.062496 -0.150166 0.244341
-0.131762 -0.258259 -0.045819
-0.049765 -0.030529 0.447840
-0.389911 -0.219799 -0.060230
0.290225 -0.199097 0.283018
-0.049921 -0.388367 -0.225052
-0.188438 -0.409667 -0.241661
0.250659 -0.165337 0.414210
-0.366486 -0.321390 -0.155346
0.072610 -0.077060 0.500525
-0.055538 0.389565 0.006290
-0.151917 0.335936 -0.137671
0.101966 0.311474 -0.070066
0.005587 0.257844 -0.214026
0.126948 0.299088 -0.082177
0.030568 0.245459 -0.226137
0.284452 0.220997 -0.158532
0.188073 0.167367 -0.302493
-0.395093 -0.197894 -0.093323
-0.030984 0.004711 0.450541
-0.055103 -0.366462 -0.258145
0.309006 -0.163858 0.285719
0.059256 0.265239 -0.110884
0.035972 0.252284 -0.145662
0.084237 0.252854 -0.122994
0.060953 0.239898 -0.157772
-0.077945 -0.025818 0.384893
-0.350544 -0.177503 -0.022283
0.079559 -0.103909 0.308538
-0.193040 -0.255594 -0.098639
0.104540 -0.116295 0.296427
-0.168059 -0.267980 -0.110750
0.262045 -0.194386 0.220071
-0.010554 -0.346071 -0.187105
-0.344269 -0.000179 -0.190693
0.011142 0.197586 0.340178
-0.186764 -0.078270 -0.267049
0.168646 0.119494 0.263822
-0.161783 -0.090656 -0.279159
0.193627 0.107109 0.251711
-0.004279 -0.168747 -0.355515
0.351132 0.029017 0.175356
-0.278432 -0.274666 0.225840
-0.225373 -0.245142 0.305093
0.061558 -0.443235 0.061018
0.114617 -0.413711 0.140271
0.145589 0.235400 0.097720
-0.093085 0.102592 -0.258783
0.170570 0.223014 0.085610
-0.068103 0.090207 -0.270893
0.154472 0.184451 0.168150
-0.132629 0.024697 -0.260688
0.179453 0.172066 0.156040
-0.107648 0.012312 -0.272798
-0.177128 -0.128958 -0.195331
0.128261 0.040972 0.260823
-0.152147 -0.141344 -0.207441
0.153242 0.028586 0.248713
0.087647 0.303996 -0.402046
0.281804 0.412032 -0.112037
-0.090401 0.392273 -0.315731
0.103755 0.500309 -0.025721
-0.010238 0.376954 0.112632
-0.217964 0.261367 -0.197646
0.147267 0.298862 0.036276
-0.060460 0.183275 -0.274002
0.172248 0.286477 0.024166
-0.035479 0.170890 -0.286112
0.329752 0.208385 -0.052190
0.122026 0.092798 -0.362468
-0.029925 0.192031 -0.219971
0.112215 0.271123 -0.007659
-0.004944 0.179645 -0.232081
0.137196 0.258737 -0.019769
0.000193 0.153995 0.362175
-0.353891 -0.043032 -0.166715
0.157697 0.075903 0.285819
-0.196387 -0.121123 -0.243071
0.182678 0.063518 0.273709
-0.171406 -0.133509 -0.255182
0.340183 -0.014574 0.197353
-0.013902 -0.211600 -0.331537
-0.026344 0.078380 0.384770
-0.360736 -0.107689 -0.114707
0.131161 0.000288 0.308414
-0.203231 -0.185781 -0.191063
0.156142 -0.012097 0.296303
-0.178250 -0.198166 -0.203173
0.313646 -0.090189 0.219948
-0.020746 -0.276258 -0.279529
-0.359406 -0.083041 -0.137173
-0.014557 0.108846 0.377923
-0.201902 -0.161132 -0.213528
0.142947 0.030755 0.301567
-0.176921 -0.173518 -0.225639
0.167928 0.018369 0.289456
-0.019416 -0.251609 -0.301994
0.325433 -0.059722 0.213101
0.045199 0.256070 -0.440592
0.310919 0.403927 -0.043690
-0.132850 0.344347 -0.354277
0.132870 0.492204 0.042625
0.135780 0.253453 0.059024
-0.070378 0.138738 -0.248912
0.160761 0.241067 0.046914
-0.045397 0.126352 -0.261022
-0.348162 -0.275483 0.082839
-0.134806 -0.156763 0.401525
-0.008172 -0.444051 -0.081983
0.205184 -0.325332 0.236703
-0.046379 0.171922 -0.233346
0.122660 0.265982 0.019145
-0.021398 0.159536 -0.245456
0.147641 0.253596 0.007035
-0.147641 -0.253596 -0.007035
0.021398 -0.159536 0.245456
-0.122660 -0.265982 -0.019145
0.046379 -0.171922 0.233346
-0.205184 0.325332 -0.236703
0.008172 0.444051 0.081983
0.134806 0.156763 -0.401525
0.348162 0.275483 -0.082839
0.045397 -0.126352 0.261022
-0.160761 -0.241067 -0.046914
0.070378 -0.138738 0.248912
-0.135780 -0.253453 -0.059024
-0.132870 -0.492204 -0.042625
0.132850 -0.344347 0.354277
-0.310919 -0.403927 0.043690
-0.045199 -0.256070 0.440592
-0.325433 0.059722 -0.213101
0.019416 0.251609 0.301994
-0.167928 -0.018369 -0.289456
0.176921 0.173518 0.225639
-0.142947 -0.030755 -0.301567
0.201902 0.161132 0.213528
0.014557 -0.108846 -0.377923
0.359406 0.083041 0.137173
0.020746 0.276258 0.279529
-0.313646 0.090189 -0.219948
0.178250 0.198166 0.203173
-0.156142 0.012097 -0.296303
0.203231 0.185781 0.191063
-0.131161 -0.000288 -0.308414
0.360736 0.107689 0.114707
0.026344 -0.078380 -0.384770
0.013902 0.211600 0.331537
-0.340183 0.014574 -0.197353
0.171406 0.133509 0.255182
-0.182678 -0.063518 -0.273709
0.196387 0.121123 0.243071
-0.157697 -0.075903 -0.285819
0.353891 0.043032 0.166715
-0.000193 -0.153995 -0.362175
-0.137196 -0.258737 0.019769
0.004944 -0.179645 0.232081
-0.112215 -0.271123 0.007659
0.029925 -0.192031 0.219971
-0.122026 -0.092798 0.362468
-0.329752 -0.208385 0.052190
0.035479 -0.170890 0.286112
-0.172248 -0.286477 -0.024166
0.060460 -0.183275 0.274002
-0.147267 -0.298862 -0.036276
0.217964 -0.261367 0.197646
0.010238 -0.376954 -0.112632
-0.103755 -0.500309 0.025721
0.090401 -0.392273 0.315731
-0.281804 -0.412032 0.112037
-0.087647 -0.303996 0.402046
-0.153242 -0.028586 -0.248713
0.152147 0.141344 0.207441
-0.128261 -0.040972 -0.260823
0.177128 0.128958 0.195331
0.107648 -0.012312 0.272798
-0.179453 -0.172066 -0.156040
0.132629 -0.024697 0.260688
-0.154472 -0.184451 -0.168150
0.068103 -0.090207 0.270893
-0.170570 -0.223014 -0.085610
0.093085 -0.102592 0.258783
-0.145589 -0.235400 -0.097720
-0.114617 0.413711 -0.140271
-0.061558 0.443235 -0.061018
0.225373 0.245142 -0.305093
0.278432 0.274666 -0.225840
-0.351132 -0.029017 -0.175356
0.004279 0.168747 0.355515
-0.193627 -0.107109 -0.251711
0.161783 0.090656 0.279159
-0.168646 -0.119494 -0.263822
0.186764 0.078270 0.267049
-0.011142 -0.197586 -0.340178
0.344269 0.000179 0.190693
0.010554 0.346071 0.187105
-0.262045 0.194386 -0.220071
0.168059 0.267980 0.110750
-0.104540 0.116295 -0.296427
0.193040 0.255594 0.098639
-0.079559 0.103909 -0.308538
0.350544 0.177503 0.022283
0.077945 0.025818 -0.384893
-0.060953 -0.239898 0.157772
-0.084237 -0.252854 0.122994
-0.035972 -0.252284 0.145662
-0.059256 -0.265239 0.110884
-0.309006 0.163858 -0.285719
0.055103 0.366462 0.258145
0.030984 -0.004711 -0.450541
0.395093 0.197894 0.093323
-0.188073 -0.167367 0.302493
-0.284452 -0.220997 0.158532
-0.030568 -0.245459 0.226137
-0.126948 -0.299088 0.082177
-0.005587 -0.257844 0.214026
-0.101966 -0.311474 0.070066
0.151917 -0.335936 0.137671
0.055538 -0.389565 -0.006290
-0.072610 0.077060 -0.500525
0.366486 0.321390 0.155346
-0.250659 0.165337 -0.414210
0.188438 0.409667 0.241661
0.049921 0.388367 0.225052
-0.290225 0.199097 -0.283018
0.389911 0.219799 0.060230
0.049765 0.030529 -0.447840
0.131762 0.258259 0.045819
-0.062496 0.150166 -0.244341
0.156743 0.245873 0.033709
-0.037515 0.137781 -0.256452
-0.125750 0.405279 -0.154613
-0.051652 0.446510 -0.043934
0.214240 0.236711 -0.319435
0.288338 0.277942 -0.208756
-0.015206 0.450559 0.027106
-0.171101 0.363813 -0.205753
0.324784 0.281991 -0.137716
0.168889 0.195245 -0.370574
-0.092792 0.428097 -0.109964
-0.082153 0.434016 -0.094074
0.247198 0.259529 -0.274786
0.257836 0.265448 -0.258896
0.150536 0.129657 0.216070
-0.157550 -0.041774 -0.244113
0.175517 0.117272 0.203960
-0.132569 -0.054159 -0.256224
-0.028318 -0.214140 0.198747
-0.112703 -0.261095 0.072703
-0.003337 -0.226526 0.186637
-0.087722 -0.273481 0.060593
-0.093059 -0.500749 0.048236
0.076198 -0.406568 0.301052
-0.271107 -0.412472 0.134552
-0.101850 -0.318291 0.387368
-0.009716 0.181944 -0.478057
0.341931 0.377614 0.047192
-0.187764 0.270221 -0.391741
0.163882 0.465891 0.133507
0.006361 -0.463897 0.215627
-0.033354 -0.485996 0.156306
-0.171687 -0.375620 0.301942
-0.211402 -0.397719 0.242621
-0.216177 -0.190438 0.268115
-0.260425 -0.215060 0.202022
-0.058673 -0.268530 0.191759
-0.102921 -0.293151 0.125667
-0.033692 -0.280915 0.179649
-0.077940 -0.305537 0.113556
0.123813 -0.359007 0.103293
0.079565 -0.383628 0.037200
0.047210 0.220147 0.391505
-0.378971 -0.016997 -0.245075
0.387200 0.051578 0.226683
-0.038981 -0.185565 -0.409897
-0.297949 -0.280317 0.191359
-0.202997 -0.227482 0.333187
0.042040 -0.448885 0.026537
0.136993 -0.396050 0.168365
-0.398203 -0.131406 -0.167738
0.009551 0.095484 0.441317
-0.058213 -0.299974 -0.332560
0.349540 -0.073084 0.276495
0.319551 0.398985 -0.020830
0.031220 0.238547 -0.451505
0.141503 0.487263 0.065485
-0.146828 0.326824 -0.365190
-0.044796 -0.228184 0.179120
-0.098899 -0.258289 0.098307
-0.019815 -0.240569 0.167009
-0.073918 -0.270674 0.086197
-0.238481 0.281466 -0.260524
0.027569 0.429507 0.136870
0.101508 0.112897 -0.425346
0.367559 0.260938 -0.027951
-0.339341 -0.198122 0.021913
-0.103879 -0.067101 0.373620
-0.181837 -0.276213 -0.054443
0.053626 -0.145192 0.297264
-0.156856 -0.288599 -0.066553
0.078607 -0.157578 0.285153
0.000648 -0.366690 -0.142909
0.236111 -0.235669 0.208798
0.148520 0.117664 0.224177
-0.161498 -0.054842 -0.238891
0.173501 0.105278 0.212067
-0.136517 -0.067228 -0.251002
-0.022915 0.161888 -0.484771
0.348157 0.368367 0.069492
-0.200963 0.250165 -0.398456
0.170108 0.456644 0.155807
-0.208701 0.273571 -0.191019
-0.015634 0.381000 0.097362
-0.051196 0.195479 -0.267375
0.141870 0.302909 0.021006
-0.026215 0.183094 -0.279485
0.166851 0.290523 0.008896
0.131289 0.105002 -0.355841
0.324356 0.212432 -0.067460
-0.178998 -0.181799 -0.145146
0.101714 -0.025601 0.274148
-0.154017 -0.194185 -0.157256
0.126695 -0.037986 0.262038
0.367099 0.166456 0.315066
-0.158405 -0.125955 -0.469871
0.189051 0.254733 0.401382
-0.336454 -0.037678 -0.383556
0.015103 0.440083 0.100339
-0.216408 0.311262 -0.245465
0.355093 0.271515 -0.064483
0.123582 0.142694 -0.410287
-0.378061 -0.246930 -0.008039
-0.080116 -0.081142 0.436998
-0.038071 -0.415499 -0.172861
0.259874 -0.249710 0.272176
-0.171241 -0.170278 -0.451019
0.359539 0.125069 0.341798
-0.349290 -0.082000 -0.364704
0.181490 0.213346 0.428113
0.017724 0.319604 0.228963
-0.285922 0.150644 -0.224588
0.175228 0.241513 0.152607
-0.128418 0.072553 -0.300944
0.200209 0.229127 0.140497
-0.103437 0.060167 -0.313054
0.357714 0.151036 0.064141
0.054068 -0.017925 -0.389410
0.373242 0.224489 0.268386
-0.134587 -0.058088 -0.490151
0.195194 0.312766 0.354701
-0.312636 0.030189 -0.403836
-0.173063 -0.215835 -0.098095
0.075296 -0.077638 0.272876
-0.148082 -0.228221 -0.110205
0.100277 -0.090024 0.260765
-0.184866 -0.422853 -0.220807
0.238762 -0.187130 0.411960
-0.362914 -0.334576 -0.134492
0.060714 -0.098853 0.498275
-0.143110 -0.080820 -0.484483
0.371896 0.205749 0.284774
-0.321159 0.007457 -0.398168
0.193848 0.294027 0.371090
-0.182502 0.351640 -0.216822
-0.007001 0.449295 0.045321
0.157488 0.183072 -0.381644
0.332988 0.280727 -0.119501
0.073447 0.288835 -0.415832
0.292022 0.410458 -0.089350
-0.104601 0.377112 -0.329517
0.113973 0.498735 -0.003035
0.029509 -0.148851 0.251259
-0.152366 -0.250053 -0.020405
0.054490 -0.161237 0.239148
-0.127385 -0.262439 -0.032515
-0.291918 -0.221462 0.143608
-0.178583 -0.158399 0.312894
-0.134413 -0.299554 0.067253
-0.021079 -0.236490 0.236538
-0.109432 -0.311939 0.055142
0.003902 -0.248876 0.224428
0.048072 -0.390031 -0.021214
0.161407 -0.326967 0.148072
0.213884 -0.229597 0.404073
-0.175690 -0.446371 -0.177826
0.035835 -0.141320 0.490388
-0.353738 -0.358094 -0.091511
0.095496 -0.038810 0.274832
-0.178128 -0.191065 -0.133876
0.120477 -0.051196 0.262722
-0.153147 -0.203451 -0.145986
-0.081909 -0.500053 0.070524
0.062027 -0.419962 0.285518
-0.259957 -0.411776 0.156839
-0.116022 -0.331685 0.371834
-0.164411 -0.235645 -0.059987
0.053136 -0.114594 0.264959
-0.139430 -0.248031 -0.072098
0.078117 -0.126980 0.252849
-0.059616 -0.047742 0.445125
-0.386496 -0.229631 -0.043130
0.280374 -0.216310 0.280303
-0.046506 -0.398199 -0.207952
-0.058364 -0.495266 0.114197
0.033920 -0.443916 0.252039
-0.236412 -0.406989 0.200512
-0.144129 -0.355639 0.338355
-0.398717 -0.145916 -0.153958
0.002261 0.077204 0.444976
-0.058727 -0.314484 -0.318779
0.342251 -0.091365 0.280154
0.363660 0.145999 0.328895
-0.165139 -0.148246 -0.460965
0.185612 0.234276 0.415210
-0.343188 -0.059969 -0.374649
-0.076629 -0.249166 0.134917
-0.068861 -0.244844 0.146519
-0.051647 -0.261552 0.122806
-0.043880 -0.257230 0.134409
0.118763 -0.361124 0.342376
-0.123686 -0.496031 -0.019766
-0.059286 -0.272846 0.428691
-0.301735 -0.407754 0.066549
0.057133 0.284928 0.345719
-0.356384 0.054831 -0.271944
0.397123 0.116359 0.180897
-0.016394 -0.113737 -0.436766
-0.146117 -0.170234 0.391969
-0.340787 -0.278556 0.101193
0.193873 -0.338802 0.227147
-0.000797 -0.447124 -0.063629
0.050520 0.236952 0.381144
-0.374071 0.000693 -0.253060
0.390510 0.068383 0.216322
-0.034081 -0.167876 -0.417882
-0.140649 -0.116736 0.348533
-0.318576 -0.215741 0.082768
0.016855 -0.194827 0.272178
-0.161071 -0.293832 0.006412
0.041836 -0.207213 0.260067
-0.136090 -0.306218 -0.005699
0.199341 -0.285304 0.183711
0.021414 -0.384309 -0.082054
-0.159696 0.375291 -0.193967
-0.023794 0.450912 0.009028
0.180294 0.206723 -0.358789
0.316195 0.282344 -0.155794
-0.236368 -0.252754 0.290198
-0.268256 -0.270498 0.242567
0.103622 -0.421323 0.125376
0.071734 -0.439067 0.077745
-0.191320 -0.395572 -0.262022
0.262153 -0.143242 0.415323
-0.369369 -0.307295 -0.175707
0.084105 -0.054965 0.501639
-0.105917 -0.260023 0.085604
-0.036587 -0.221445 0.189161
-0.080936 -0.272409 0.073494
-0.011606 -0.233831 0.177051
0.055487 0.269383 0.358223
-0.362764 0.036652 -0.266512
0.395477 0.100814 0.193401
-0.022774 -0.131917 -0.431334
-0.096740 0.375941 -0.064767
-0.105612 0.371004 -0.078019
0.060764 0.297849 -0.141123
0.051893 0.292913 -0.154374
0.085745 0.285464 -0.153233
0.076874 0.280527 -0.166485
0.243250 0.207372 -0.229589
0.234378 0.202436 -0.242841
-0.170917 0.317395 -0.157901
-0.040910 0.389736 0.036290
-0.013413 0.239304 -0.234257
0.116595 0.311645 -0.040066
0.011568 0.226918 -0.246367
0.141576 0.299259 -0.052177
0.169073 0.148827 -0.322723
0.299080 0.221168 -0.128532
-0.195833 -0.330837 -0.337539
0.303557 -0.052957 0.408393
-0.373882 -0.242560 -0.251223
0.125509 0.035321 0.494708
0.373813 0.259918 0.233329
-0.115896 -0.012575 -0.498143
0.195765 0.348195 0.319644
-0.293945 0.075702 -0.411827
-0.167684 -0.229623 -0.072897
0.060710 -0.102536 0.268252
-0.142703 -0.242009 -0.085007
0.085692 -0.114921 0.256141
-0.032780 0.063149 0.387069
-0.360690 -0.119312 -0.102724
0.124724 -0.014942 0.310713
-0.203185 -0.197404 -0.179080
0.149705 -0.027328 0.298603
-0.178204 -0.209789 -0.191191
0.307210 -0.105419 0.222247
-0.020700 -0.287881 -0.267546
0.027944 0.246726 -0.156538
0.066685 0.268283 -0.098670
0.052925 0.234340 -0.168648
0.091666 0.255897 -0.110781
-0.392779 -0.209211 -0.076974
-0.040213 -0.013030 0.449647
-0.052789 -0.377779 -0.241796
0.299777 -0.181598 0.284825
-0.069730 -0.011463 0.387158
-0.353392 -0.169304 -0.036543
0.087774 -0.089554 0.310802
-0.195887 -0.247395 -0.112899
0.112755 -0.101940 0.298692
-0.170906 -0.259781 -0.125009
0.270260 -0.180031 0.222336
-0.013402 -0.337872 -0.201365
-0.151056 -0.103462 -0.477717
0.369847 0.186389 0.300347
-0.329105 -0.015184 -0.391402
0.191798 0.274666 0.386663
-0.335674 0.029500 -0.203317
0.016204 0.225298 0.322278
-0.178169 -0.048592 -0.279673
0.173709 0.147207 0.245922
-0.153188 -0.060978 -0.291783
0.198690 0.134821 0.233812
0.004316 -0.139069 -0.368139
0.356194 0.056730 0.157456
-0.095169 0.032624 -0.501612
0.371554 0.292326 0.195523
-0.273217 0.120901 -0.415297
0.193505 0.380603 0.281839
0.373037 0.276521 0.214747
-0.105775 0.010092 -0.500446
0.194988 0.364798 0.301062
-0.283823 0.098369 -0.414131
0.003729 0.201438 -0.470261
0.335077 0.385813 0.024668
-0.174320 0.289715 -0.383945
0.157028 0.474090 0.110983
-0.020264 0.093625 0.381718
-0.360308 -0.095589 -0.126199
0.137240 0.015533 0.305362
-0.202803 -0.173680 -0.202555
0.162221 0.003148 0.293252
-0.177822 -0.186066 -0.214665
0.319726 -0.074944 0.216896
-0.020318 -0.264157 -0.291021
-0.011683 -0.197907 0.216460
-0.125511 -0.261245 0.046437
0.013298 -0.210293 0.204349
-0.100530 -0.273631 0.034326
-0.300432 0.120597 -0.223789
0.020180 0.298998 0.255104
-0.142928 0.042505 -0.300145
0.177684 0.220907 0.178748
-0.117947 0.030120 -0.312256
0.202665 0.208521 0.166638
0.039558 -0.047972 -0.388611
0.360170 0.130429 0.090282
-0.061764 0.003130 0.388665
-0.355784 -0.160474 -0.050507
0.095740 -0.074961 0.312309
-0.198279 -0.238565 -0.126863
0.120721 -0.087347 0.300199
-0.173298 -0.250951 -0.138973
0.278226 -0.165439 0.223843
-0.015794 -0.329042 -0.215329
-0.359177 -0.141013 -0.077410
-0.046659 0.032884 0.389392
-0.201672 -0.219104 -0.153766
0.110845 -0.045207 0.313037
-0.176691 -0.231490 -0.165876
0.135826 -0.057593 0.300926
-0.019187 -0.309581 -0.242232
0.293331 -0.135684 0.224570
0.123602 0.027698 0.264790
-0.178329 -0.140308 -0.186201
0.148584 0.015312 0.252679
-0.153348 -0.152694 -0.198311
-0.046026 -0.491187 0.135473
0.020055 -0.454417 0.234178
-0.224075 -0.402910 0.221789
-0.157994 -0.366140 0.320493
-0.253601 0.208467 -0.217055
0.007258 0.353619 0.172585
-0.096096 0.130376 -0.293411
0.164762 0.275528 0.096230
-0.071115 0.117990 -0.305521
0.189743 0.263142 0.084119
0.086389 0.039899 -0.381877
0.347248 0.185051 0.007763
-0.312426 -0.218304 0.098074
-0.150082 -0.127969 0.340565
-0.154921 -0.296395 0.021718
0.007422 -0.206060 0.264209
-0.129940 -0.308781 0.009608
0.032403 -0.218446 0.252098
0.027564 -0.386872 -0.066748
0.189908 -0.296538 0.175743
0.154512 0.174275 0.178641
-0.138264 0.011363 -0.258674
0.179493 0.161889 0.166531
-0.113283 -0.001023 -0.270785
-0.191672 -0.217477 0.346316
-0.307243 -0.281785 0.173690
0.148318 -0.386046 0.181494
0.032747 -0.450354 0.008868
-0.175157 -0.208105 -0.110321
0.082270 -0.064862 0.274195
-0.150176 -0.220490 -0.122431
0.107252 -0.077247 0.262085
-0.244949 0.222240 -0.213294
0.003520 0.360498 0.157841
-0.087445 0.144148 -0.289650
0.161025 0.282407 0.081485
-0.062464 0.131763 -0.301760
0.186006 0.270021 0.069375
0.095041 0.053671 -0.378116
0.343510 0.191930 -0.006981
-0.180613 -0.435098 -0.199511
0.226494 -0.208568 0.408578
-0.358661 -0.346821 -0.113196
0.048445 -0.120291 0.494893
-0.330753 0.044561 -0.208570
0.018044 0.238646 0.312422
-0.173249 -0.033530 -0.284926
0.175548 0.160554 0.236066
-0.148268 -0.045916 -0.297037
0.200529 0.148169 0.223956
0.009237 -0.124007 -0.373392
0.358034 0.070077 0.147600
0.106520 0.272708 -0.021026
-0.021623 0.201404 -0.212431
0.131501 0.260322 -0.033137
0.003358 0.189019 -0.224542
-0.206893 -0.183407 0.280075
-0.268686 -0.217791 0.187776
-0.049388 -0.261499 0.203719
-0.111182 -0.295883 0.111420
-0.024407 -0.273884 0.191609
-0.086201 -0.308268 0.099309
0.133097 -0.351976 0.115253
0.071304 -0.386360 0.022954
0.021574 0.435231 0.118650
-0.227516 0.296628 -0.253412
0.361564 0.266663 -0.046172
0.112474 0.128059 -0.418234
-0.197517 -0.175711 0.291544
-0.276702 -0.219772 0.173267
-0.040012 -0.253802 0.215188
-0.119197 -0.297863 0.096911
-0.015031 -0.266188 0.203078
-0.094216 -0.310249 0.084801
0.142473 -0.344279 0.126722
0.063288 -0.388340 0.008445
0.117599 0.268879 0.005743
-0.038184 0.182195 -0.226948
0.142580 0.256493 -0.006368
-0.013203 0.169810 -0.239058
-0.368665 0.018591 -0.260212
0.053281 0.253377 0.370041
-0.028675 -0.149978 -0.425034
0.393271 0.084809 0.205219
-0.020376 -0.479707 0.176642
-0.007127 -0.472334 0.196433
-0.198425 -0.391429 0.262958
-0.185176 -0.384057 0.282748
0.327610 0.392942 0.001975
0.017386 0.220321 -0.461403
0.149562 0.481219 0.088290
-0.160663 0.308598 -0.375087
-0.013584 0.040741 0.449583
-0.398038 -0.173184 -0.124669
0.326406 -0.127827 0.284761
-0.058048 -0.341752 -0.289491
-0.022100 0.022649 0.450520
-0.396847 -0.185875 -0.109234
0.317890 -0.145919 0.285698
-0.056858 -0.354443 -0.274056
-0.113990 0.064294 -0.262737
0.151866 0.212227 0.134368
-0.089009 0.051908 -0.274848
0.176847 0.199841 0.122258
0.058672 0.328422 0.304411
-0.334533 0.109627 -0.282912
0.398662 0.159853 0.139589
0.005457 -0.058941 -0.447734
-0.020010 -0.206288 0.207854
-0.119240 -0.261503 0.059637
0.004971 -0.218673 0.195744
-0.094259 -0.273889 0.047526
0.248383 0.409947 -0.178844
0.130126 0.344145 -0.355482
0.070334 0.498224 -0.092529
-0.047922 0.432422 -0.269167
-0.114644 0.365355 -0.090871
-0.088051 0.380152 -0.051150
0.042861 0.287264 -0.167227
0.069454 0.302061 -0.127506
0.067842 0.274878 -0.179338
0.094435 0.289675 -0.139616
0.225346 0.196787 -0.255693
0.251939 0.211584 -0.215972
-0.227109 0.248722 -0.203577
-0.005238 0.372180 0.127827
-0.069604 0.170631 -0.279933
0.152266 0.294088 0.051471
-0.044623 0.158245 -0.292044
0.177247 0.281703 0.039361
0.112881 0.080154 -0.368399
0.334752 0.203611 -0.036995
0.118606 0.014371 0.268113
-0.179118 -0.151294 -0.176593
0.143587 0.001985 0.256002
-0.154137 -0.163680 -0.188703
-0.165076 -0.067758 -0.233061
0.146103 0.105394 0.231742
-0.140095 -0.080144 -0.245171
0.171084 0.093008 0.219632
0.033072 0.422924 0.154956
-0.249276 0.265814 -0.266784
0.373062 0.254355 -0.009866
0.090713 0.097245 -0.431606
-0.180425 0.307243 -0.167132
-0.034068 0.388683 0.051480
-0.022921 0.229152 -0.243488
0.123437 0.310591 -0.024876
0.002060 0.216766 -0.255598
0.148418 0.298205 -0.036986
0.159564 0.138675 -0.331954
0.305922 0.220114 -0.113342
-0.069741 -0.064627 0.441508
-0.382543 -0.238682 -0.025719
0.270249 -0.233195 0.276686
-0.042553 -0.407250 -0.190541

Edges:
0 1
2 3
1 7
2 8
6 8
7 9
6 10
10 12
9 13
11 13
3 14
4 14
0 15
5 15
5 16
11 17
16 17
12 18
4 19
18 19
24 26
25 27
28 30
29 31
7 36
9 36
6 37
10 37
9 38
13 38
36 38
10 39
12 39
37 39
40 42
41 43
33 44
44 46
45 47
48 50
34 51
49 51
52 54
53 55
56 58
57 59
60 62
61 63
64 66
65 67
72 74
73 75
76 80
77 81
78 82
79 83
84 86
85 87
88 89
88 90
88 91
89 91
90 91
96 98
97 99
100 102
101 103
104 106
105 107
45 108
86 108
87 109
84 110
50 111
85 111
100 112
101 113
103 113
100 114
102 114
112 114
103 115
113 115
104 116
105 117
107 117
104 118
106 118
116 118
107 119
117 119
27 120
26 121
29 122
120 122
28 123
121 123
92 124
124 126
125 127
128 130
95 131
129 131
22 133
21 134
132 134
133 135
32 137
136 138
137 139
35 142
140 142
141 143
144 146
145 147
100 148
107 151
152 154
153 155
156 158
157 159
160 162
161 163
136 164
138 164
137 165
138 166
164 166
137 167
139 167
165 167
140 168
142 168
141 169
142 170
168 170
141 171
143 171
169 171
172 174
173 175
40 176
42 176
41 177
42 178
176 178
41 179
43 179
177 179
77 180
76 181
80 181
180 182
181 183
79 186
83 186
184 186
78 187
185 187
145 190
188 190
144 191
189 191
147 192
146 193
192 194
193 195
69 196
196 198
197 199
200 202
70 203
201 203
64 204
66 204
65 205
66 206
204 206
65 207
67 207
205 207
40 210
208 210
41 211
177 211
209 211
42 212
178 212
43 213
212 214
213 215
85 216
111 216
34 217
84 217
86 217
33 218
85 218
87 218
216 218
86 219
108 219
217 219
70 220
220 222
69 223
221 223
221 224
223 224
220 225
223 226
224 226
220 227
222 227
225 227
92 228
124 228
126 228
93 229
125 229
126 230
228 230
125 231
127 231
229 231
128 232
130 232
129 233
94 234
130 234
232 234
95 235
129 235
131 235
233 235
95 237
92 238
236 238
237 239
188 240
189 241
191 241
188 242
190 242
240 242
144 243
191 243
241 243
147 244
192 244
193 245
195 245
192 246
194 246
244 246
195 247
245 247
189 248
188 249
240 249
195 250
247 250
194 251
55 253
56 254
252 254
253 255
81 257
256 258
257 259
82 262
260 262
261 263
264 266
265 267
70 268
220 268
222 268
71 269
221 269
68 270
222 270
268 270
69 271
221 271
223 271
269 271
272 274
273 275
24 276
25 277
27 277
24 278
26 278
276 278
27 279
120 279
277 279
28 280
123 280
29 281
31 281
28 282
30 282
280 282
31 283
281 283
53 284
55 284
52 285
284 285
55 286
284 286
285 286
52 287
54 287
285 287
286 287
57 288
59 288
56 289
288 289
59 290
288 290
289 290
56 291
58 291
289 291
290 291
93 292
125 292
229 292
239 292
92 293
124 293
238 293
95 294
131 294
237 294
94 295
130 295
234 295
236 295
103 296
115 296
102 297
105 298
296 298
104 299
116 299
297 299
79 300
251 301
248 302
300 302
76 303
301 303
91 304
174 305
173 306
88 307
277 309
282 310
157 312
159 312
156 313
159 314
312 314
156 315
158 315
313 315
161 316
163 316
160 317
163 318
316 318
160 319
162 319
317 319
93 320
92 321
228 321
95 322
235 322
94 323
157 324
156 325
313 325
163 326
318 326
162 327
125 328
239 328
292 328
293 329
294 330
130 331
236 331
295 331
326 332
327 333
324 334
332 334
325 335
333 335
336 337
336 338
337 338
337 339
338 339
322 340
94 341
323 341
93 342
320 342
340 342
321 343
341 343
209 344
274 344
256 345
275 345
263 346
272 346
214 347
273 347
172 348
174 348
173 349
174 350
348 350
173 351
175 351
349 351
20 352
135 352
21 353
134 353
241 353
22 354
133 354
246 354
23 355
132 355
264 356
266 356
265 357
266 358
356 358
265 359
267 359
357 359
151 360
150 361
149 362
360 362
148 363
361 363
183 364
182 365
185 366
364 366
184 367
365 367
22 368
133 368
135 368
23 369
132 369
355 369
20 370
135 370
352 370
368 370
21 371
132 371
134 371
369 371
149 372
65 374
205 374
372 374
64 375
373 375
67 376
66 377
206 377
376 378
150 379
377 379
380 382
381 383
384 386
385 387
24 388
276 388
386 388
25 389
387 389
30 390
384 390
31 391
283 391
385 391
236 392
238 392
331 392
237 393
294 393
330 393
238 394
293 394
329 394
392 394
237 395
239 395
328 395
393 395
132 396
134 396
250 396
133 397
354 397
134 398
353 398
396 398
133 399
135 399
249 399
397 399
144 400
146 400
243 400
145 401
190 401
242 401
146 402
193 402
245 402
400 402
145 403
147 403
244 403
401 403
330 404
393 404
392 405
394 405
393 406
395 406
404 406
329 407
394 407
405 407
73 410
408 410
72 411
409 411
75 412
74 413
412 414
413 415
5 416
15 416
323 416
341 416
4 417
19 417
340 417
342 417
0 418
15 418
341 418
343 418
416 418
4 419
14 419
320 419
342 419
417 419
21 420
371 420
20 421
23 422
22 423
368 423
86 424
108 424
109 425
110 426
85 427
111 427
95 428
237 428
239 428
322 428
340 428
94 429
236 429
295 429
341 429
343 429
93 430
239 430
292 430
340 430
342 430
428 430
92 431
236 431
238 431
321 431
343 431
429 431
182 432
365 432
258 433
364 433
366 433
261 434
365 434
367 434
432 434
185 435
366 435
433 435
109 436
425 436
424 437
97 438
436 438
437 439
98 441
427 442
440 442
110 443
426 443
441 443
35 444
444 446
32 447
445 447
37 448
39 448
231 448
36 449
39 450
448 450
36 451
38 451
232 451
449 451
421 453
356 454
452 454
453 455
359 457
422 458
456 458
457 459
33 460
44 460
87 460
109 460
218 460
32 461
45 461
108 461
219 461
35 462
50 462
111 462
216 462
34 463
51 463
84 463
110 463
217 463
102 464
114 464
297 464
115 465
296 465
298 465
116 466
297 466
299 466
464 466
105 467
117 467
298 467
465 467
84 468
110 468
426 468
85 469
87 469
427 469
84 470
86 470
424 470
468 470
87 471
109 471
425 471
469 471
209 472
344 472
208 473
275 473
345 473
215 474
272 474
346 474
214 475
347 475
101 476
149 476
362 476
100 477
112 477
148 477
351 477
107 478
119 478
151 478
348 478
106 479
150 479
361 479
2 480
3 480
14 480
320 480
419 480
0 481
321 481
343 481
418 481
19 482
322 482
340 482
417 482
5 483
16 483
17 483
323 483
416 483
112 484
113 485
115 485
305 485
112 486
114 486
484 486
115 487
465 487
485 487
116 488
466 488
117 489
119 489
116 490
118 490
306 490
488 490
119 491
489 491
89 492
173 492
175 492
306 492
88 493
90 493
172 493
307 493
89 494
91 494
175 494
304 494
492 494
90 495
172 495
174 495
305 495
493 495
35 496
216 496
444 496
446 496
462 496
34 497
217 497
219 497
445 497
33 498
216 498
218 498
446 498
496 498
32 499
219 499
445 499
447 499
461 499
497 499
360 500
362 500
150 501
361 501
149 502
362 502
500 502
361 503
363 503
501 503
64 504
297 504
299 504
375 504
65 505
67 505
103 505
296 505
64 506
66 506
104 506
299 506
504 506
67 507
296 507
298 507
376 507
505 507
127 508
231 508
448 508
450 508
230 509
449 509
233 510
450 510
508 510
128 511
232 511
449 511
451 511
509 511
284 512
285 512
53 513
284 513
512 513
58 514
291 514
290 515
291 515
514 515
25 516
277 516
309 516
387 516
389 516
276 517
308 517
388 517
283 518
311 518
391 518
30 519
282 519
310 519
384 519
390 519
62 521
61 522
47 524
46 525
49 526
524 526
48 527
525 527
531 532
532 534
528 535
533 535
100 536
102 536
148 536
373 536
101 537
149 537
372 537
374 537
476 537
102 538
297 538
373 538
375 538
504 538
536 538
65 539
101 539
103 539
374 539
505 539
537 539
66 540
104 540
106 540
377 540
506 540
105 541
298 541
376 541
378 541
507 541
106 542
150 542
377 542
379 542
479 542
540 542
105 543
107 543
151 543
378 543
541 543
409 544
534 544
227 545
408 545
224 546
415 546
414 547
533 547
337 548
339 548
486 548
336 549
339 550
548 550
336 551
338 551
489 551
549 551
165 552
164 553
166 553
529 553
165 554
167 554
552 554
166 555
553 555
169 556
168 557
170 557
169 558
171 558
530 558
556 558
170 559
557 559
1 560
7 560
2 561
3 561
7 562
9 562
560 562
2 563
8 563
561 563
11 564
17 564
10 565
12 565
16 566
17 566
564 566
12 567
18 567
565 567
52 568
520 568
521 569
522 570
59 571
523 571
242 572
265 572
267 572
401 572
264 573
400 573
402 573
267 574
401 574
403 574
572 574
245 575
264 575
266 575
402 575
573 575
258 576
433 576
435 576
259 577
432 577
260 578
435 578
576 578
261 579
432 579
434 579
577 579
126 580
230 580
509 580
127 581
508 581
510 581
128 582
509 582
511 582
580 582
129 583
233 583
510 583
581 583
500 584
502 584
501 585
502 586
584 586
501 587
503 587
585 587
380 590
588 590
381 591
589 591
382 592
383 593
592 594
593 595
158 596
159 597
314 597
160 598
317 598
596 598
161 599
597 599
93 600
229 600
320 600
228 601
230 601
321 601
481 601
37 602
229 602
231 602
448 602
600 602
230 603
449 603
509 603
601 603
233 604
450 604
510 604
38 605
232 605
234 605
451 605
233 606
235 606
322 606
482 606
604 606
94 607
234 607
323 607
605 607
68 608
152 610
608 610
153 611
609 611
154 612
155 613
612 614
71 615
613 615
124 616
293 616
329 616
125 617
127 617
328 617
124 618
126 618
616 618
127 619
581 619
617 619
128 620
582 620
129 621
131 621
128 622
130 622
331 622
620 622
131 623
294 623
330 623
621 623
333 624
335 624
326 625
332 625
325 626
335 626
624 626
332 627
334 627
625 627
357 628
455 628
356 629
358 629
454 629
357 630
359 630
457 630
628 630
358 631
456 631
629 631
425 632
424 633
437 633
470 633
427 634
442 634
469 634
426 635
315 636
381 636
383 636
380 637
590 637
383 638
593 638
636 638
316 639
380 639
382 639
637 639
97 640
99 640
438 640
96 641
439 641
99 642
440 642
640 642
96 643
98 643
441 643
641 643
313 644
325 644
626 644
157 645
312 645
324 645
334 645
627 645
162 646
319 646
327 646
333 646
624 646
318 647
326 647
625 647
47 648
524 648
138 649
525 649
527 649
141 650
524 650
526 650
648 650
48 651
527 651
649 651
469 652
471 652
634 652
426 653
468 653
635 653
425 654
471 654
632 654
652 654
468 655
470 655
633 655
653 655
209 656
472 656
208 657
210 657
177 658
209 658
211 658
656 658
40 659
176 659
210 659
657 659
43 660
179 660
213 660
178 661
212 661
214 661
213 662
215 662
660 662
214 663
475 663
661 663
208 664
256 664
258 664
345 664
473 664
209 665
211 665
257 665
344 665
208 666
210 666
258 666
576 666
664 666
41 667
211 667
257 667
259 667
665 667
42 668
212 668
260 668
262 668
213 669
215 669
261 669
579 669
212 670
214 670
262 670
347 670
668 670
215 671
261 671
263 671
346 671
474 671
669 671
561 672
560 673
562 673
561 674
563 674
672 674
562 675
673 675
565 676
564 677
566 677
565 678
567 678
676 678
566 679
677 679
97 680
121 680
123 680
27 681
96 681
98 681
120 681
28 682
97 682
99 682
123 682
680 682
98 683
120 683
122 683
681 683
45 684
47 684
108 684
424 684
437 684
44 685
109 685
436 685
438 685
460 685
47 686
437 686
439 686
524 686
684 686
44 687
46 687
438 687
640 687
685 687
49 688
51 688
441 688
643 688
48 689
440 689
442 689
527 689
51 690
110 690
441 690
443 690
463 690
688 690
48 691
50 691
111 691
427 691
442 691
689 691
310 692
384 692
386 692
519 692
385 693
391 693
518 693
386 694
388 694
517 694
692 694
309 695
385 695
387 695
516 695
693 695
177 696
658 696
176 697
178 697
177 698
179 698
696 698
178 699
661 699
697 699
152 700
154 700
199 700
153 701
611 701
154 702
612 702
700 702
153 703
155 703
200 703
701 703
167 704
554 704
555 705
556 706
704 706
168 707
557 707
705 707
113 708
174 708
305 708
350 708
485 708
175 709
304 709
484 709
494 709
172 710
307 710
491 710
493 710
118 711
173 711
306 711
349 711
490 711
0 712
1 712
481 712
601 712
603 712
2 713
8 713
320 713
480 713
600 713
1 714
7 714
36 714
449 714
603 714
712 714
6 715
8 715
37 715
600 715
602 715
713 715
11 716
13 716
38 716
605 716
607 716
12 717
18 717
39 717
450 717
604 717
11 718
17 718
323 718
483 718
607 718
716 718
18 719
19 719
482 719
604 719
606 719
717 719
240 720
352 720
21 721
241 721
243 721
353 721
240 722
242 722
265 722
572 722
720 722
243 723
400 723
573 723
721 723
244 724
403 724
574 724
245 725
247 725
266 725
575 725
22 726
244 726
246 726
354 726
724 726
247 727
355 727
725 727
55 728
253 728
255 728
286 728
54 729
252 729
57 730
255 730
728 730
56 731
252 731
254 731
289 731
729 731
77 732
180 732
248 732
302 732
76 733
188 733
249 733
303 733
79 734
195 734
250 734
300 734
78 735
187 735
251 735
301 735
308 737
736 738
737 739
311 742
740 742
741 743
250 744
300 744
396 744
398 744
734 744
251 745
301 745
303 745
397 745
248 746
300 746
302 746
398 746
744 746
249 747
303 747
397 747
399 747
733 747
745 747
135 748
240 748
249 748
352 748
399 748
720 748
189 749
241 749
248 749
353 749
398 749
746 749
194 750
246 750
251 750
354 750
397 750
745 750
132 751
247 751
250 751
355 751
396 751
727 751
380 752
382 752
455 752
628 752
381 753
591 753
629 753
631 753
382 754
592 754
628 754
630 754
752 754
381 755
383 755
456 755
631 755
753 755
101 756
113 756
350 756
476 756
708 756
112 757
175 757
351 757
477 757
484 757
709 757
119 758
172 758
348 758
478 758
491 758
710 758
106 759
118 759
349 759
479 759
711 759
373 760
503 760
587 760
586 761
585 762
378 763
500 763
584 763
90 764
305 764
495 764
90 765
91 765
304 765
764 765
88 766
89 766
307 766
89 767
306 767
492 767
766 767
674 768
697 768
699 768
696 769
699 770
768 770
677 771
696 771
698 771
769 771
738 772
739 773
740 774
772 774
741 775
773 775
310 776
692 776
694 776
311 777
518 777
693 777
308 778
517 778
694 778
776 778
309 779
693 779
695 779
777 779
422 780
780 782
421 783
781 783
571 784
514 785
513 786
784 786
568 787
785 787
53 788
569 788
52 789
54 789
520 789
568 789
53 790
55 790
253 790
788 790
54 791
252 791
729 791
789 791
57 792
255 792
730 792
56 793
58 793
254 793
57 794
59 794
523 794
571 794
792 794
58 795
570 795
793 795
3 796
561 796
672 796
0 797
1 797
15 797
560 797
4 798
18 798
19 798
567 798
16 799
566 799
679 799
63 800
520 800
62 801
521 801
736 801
61 802
522 802
743 802
60 803
523 803
329 804
407 804
609 804
328 805
395 805
406 805
617 805
331 806
392 806
405 806
622 806
330 807
404 807
614 807
625 808
647 808
624 809
626 809
625 810
627 810
808 810
626 811
644 811
809 811
253 812
790 812
252 813
254 813
253 814
255 814
812 814
254 815
793 815
813 815
452 816
782 816
588 817
595 818
459 819
781 819
33 820
44 820
46 820
136 820
32 821
45 821
137 821
139 821
461 821
46 822
136 822
138 822
525 822
649 822
820 822
45 823
47 823
139 823
648 823
821 823
48 824
50 824
140 824
651 824
49 825
141 825
143 825
526 825
650 825
35 826
50 826
140 826
142 826
462 826
824 826
34 827
49 827
51 827
143 827
825 827
563 828
674 828
768 828
770 828
675 829
769 829
676 830
770 830
828 830
564 831
677 831
769 831
771 831
829 831
23 832
369 832
422 832
780 832
782 832
368 833
370 833
423 833
781 833
369 834
371 834
420 834
782 834
832 834
20 835
370 835
421 835
781 835
783 835
833 835
313 836
589 836
591 836
644 836
312 837
314 837
588 837
313 838
315 838
381 838
591 838
636 838
836 838
314 839
588 839
590 839
637 839
837 839
317 840
593 840
595 840
638 840
316 841
318 841
382 841
592 841
639 841
317 842
319 842
595 842
840 842
318 843
592 843
594 843
647 843
841 843
198 844
701 844
199 845
700 845
702 845
200 846
701 846
703 846
844 846
201 847
702 847
845 847
848 850
849 851
312 852
627 852
645 852
810 852
837 852
589 853
644 853
811 853
836 853
594 854
647 854
808 854
843 854
319 855
624 855
646 855
809 855
842 855
33 856
136 856
446 856
498 856
820 856
32 857
137 857
165 857
447 857
35 858
142 858
170 858
444 858
34 859
143 859
445 859
497 859
827 859
5 860
16 860
799 860
4 861
14 861
798 861
5 862
15 862
797 862
860 862
3 863
14 863
796 863
861 863
76 864
181 864
188 864
190 864
733 864
180 865
182 865
189 865
248 865
732 865
145 866
181 866
183 866
190 866
864 866
182 867
189 867
191 867
365 867
865 867
185 868
192 868
194 868
366 868
146 869
184 869
186 869
193 869
185 870
187 870
194 870
251 870
735 870
868 870
79 871
186 871
193 871
195 871
734 871
869 871
273 872
347 872
475 872
272 873
274 873
474 873
273 874
275 874
473 874
872 874
274 875
344 875
472 875
873 875
705 876
707 876
554 877
704 877
557 878
707 878
876 878
704 879
706 879
877 879
531 880
532 880
534 880
530 881
533 881
529 882
534 882
880 882
528 883
533 883
535 883
881 883
873 884
875 884
475 885
872 885
472 886
875 886
884 886
872 887
874 887
885 887
156 888
325 888
335 888
761 888
324 889
587 889
760 889
327 890
584 890
763 890
163 891
326 891
332 891
762 891
327 892
333 892
584 892
586 892
890 892
332 893
334 893
585 893
762 893
891 893
333 894
335 894
586 894
761 894
888 894
892 894
324 895
334 895
585 895
587 895
889 895
893 895
439 896
524 896
526 896
641 896
686 896
46 897
525 897
640 897
642 897
687 897
49 898
526 898
641 898
643 898
688 898
896 898
440 899
525 899
527 899
642 899
689 899
897 899
276 900
308 900
517 900
737 900
739 900
277 901
279 901
309 901
736 901
276 902
278 902
739 902
773 902
900 902
279 903
736 903
738 903
901 903
280 904
741 904
743 904
281 905
283 905
740 905
774 905
280 906
282 906
310 906
743 906
904 906
283 907
311 907
518 907
740 907
742 907
905 907
445 908
447 908
444 909
858 909
447 910
857 910
908 910
444 911
446 911
909 911
73 912
410 912
845 912
847 912
72 913
74 913
198 913
844 913
73 914
75 914
201 914
847 914
912 914
74 915
413 915
844 915
846 915
913 915
61 916
776 916
778 916
802 916
60 917
62 917
311 917
777 917
61 918
63 918
308 918
778 918
916 918
62 919
777 919
779 919
801 919
917 919
138 920
166 920
649 920
651 920
139 921
648 921
823 921
140 922
651 922
824 922
920 922
141 923
169 923
648 923
650 923
921 923
528 924
552 924
883 924
164 925
529 925
553 925
911 925
171 926
530 926
558 926
908 926
531 927
559 927
880 927
61 928
63 928
522 928
570 928
60 929
523 929
803 929
63 930
520 930
800 930
928 930
60 931
62 931
521 931
569 931
929 931
69 932
271 932
609 932
804 932
68 933
406 933
608 933
805 933
71 934
405 934
615 934
806 934
70 935
268 935
614 935
807 935
848 936
861 936
863 936
799 937
849 937
851 937
860 937
796 938
848 938
850 938
863 938
936 938
851 939
860 939
862 939
937 939
54 940
287 940
729 940
286 941
287 941
728 941
730 941
940 941
288 942
289 942
729 942
731 942
940 942
57 943
288 943
730 943
940 943
941 943
942 943
385 944
387 944
635 944
653 944
384 945
390 945
652 945
654 945
387 946
389 946
653 946
655 946
944 946
384 947
386 947
632 947
654 947
945 947
208 948
473 948
657 948
874 948
887 948
472 949
656 949
886 949
475 950
663 950
885 950
215 951
474 951
662 951
873 951
884 951
389 952
633 952
655 952
946 952
24 953
386 953
388 953
632 953
947 953
31 954
385 954
391 954
635 954
944 954
390 955
634 955
652 955
945 955
672 956
796 956
850 956
938 956
560 957
673 957
797 957
862 957
939 957
567 958
678 958
798 958
861 958
936 958
679 959
799 959
849 959
937 959
437 960
439 960
633 960
952 960
425 961
436 961
632 961
96 962
439 962
641 962
960 962
97 963
436 963
438 963
680 963
961 963
98 964
441 964
443 964
683 964
99 965
440 965
642 965
426 966
443 966
635 966
964 966
440 967
442 967
634 967
955 967
965 967
149 968
372 968
502 968
586 968
761 968
148 969
363 969
373 969
503 969
536 969
760 969
151 970
360 970
378 970
500 970
543 970
763 970
150 971
379 971
501 971
585 971
762 971
53 972
513 972
569 972
786 972
788 972
52 973
285 973
512 973
568 973
787 973
59 974
290 974
515 974
571 974
784 974
58 975
514 975
570 975
785 975
795 975
224 976
226 976
532 976
546 976
225 977
533 977
535 977
547 977
226 978
532 978
534 978
544 978
976 978
225 979
227 979
535 979
545 979
977 979
739 980
773 980
813 980
815 980
772 981
774 981
812 981
773 982
775 982
815 982
980 982
740 983
774 983
812 983
814 983
981 983
657 984
887 984
948 984
851 985
949 985
848 986
950 986
662 987
884 987
951 987
304 988
765 988
764 989
765 989
988 989
336 990
337 990
988 990
336 991
549 991
988 991
989 991
990 991
339 992
550 992
338 993
339 993
992 993
766 994
767 994
992 994
307 995
766 995
992 995
993 995
994 995
372 996
761 996
968 996
373 997
375 997
760 997
889 997
205 998
372 998
374 998
996 998
64 999
204 999
375 999
997 999
67 1000
207 1000
376 1000
206 1001
377 1001
379 1001
376 1002
378 1002
763 1002
890 1002
1000 1002
379 1003
762 1003
971 1003
1001 1003
71 1004
269 1004
405 1004
407 1004
934 1004
268 1005
270 1005
404 1005
807 1005
935 1005
269 1006
271 1006
407 1006
804 1006
932 1006
1004 1006
68 1007
270 1007
404 1007
406 1007
933 1007
1005 1007
82 1008
273 1008
275 1008
272 1009
346 1009
275 1010
345 1010
1008 1010
81 1011
272 1011
274 1011
1009 1011
166 1012
555 1012
705 1012
920 1012
922 1012
139 1013
167 1013
704 1013
706 1013
921 1013
140 1014
168 1014
705 1014
707 1014
922 1014
1012 1014
169 1015
556 1015
706 1015
921 1015
923 1015
1013 1015
68 1016
197 1016
608 1016
610 1016
69 1017
196 1017
198 1017
609 1017
932 1017
152 1018
197 1018
199 1018
610 1018
700 1018
1016 1018
198 1019
609 1019
611 1019
701 1019
844 1019
1017 1019
201 1020
612 1020
614 1020
702 1020
847 1020
155 1021
200 1021
202 1021
613 1021
703 1021
70 1022
201 1022
203 1022
614 1022
935 1022
1020 1022
71 1023
202 1023
613 1023
615 1023
1021 1023
465 1024
467 1024
487 1024
549 1024
114 1025
464 1025
486 1025
548 1025
550 1025
117 1026
467 1026
489 1026
549 1026
551 1026
1024 1026
464 1027
466 1027
488 1027
550 1027
1025 1027
529 1028
534 1028
544 1028
882 1028
408 1029
528 1029
535 1029
545 1029
979 1029
415 1030
531 1030
532 1030
546 1030
976 1030
530 1031
533 1031
547 1031
881 1031
528 1032
552 1032
924 1032
529 1033
553 1033
555 1033
1028 1033
552 1034
554 1034
877 1034
1032 1034
555 1035
705 1035
876 1035
1033 1035
556 1036
706 1036
879 1036
557 1037
559 1037
878 1037
530 1038
556 1038
558 1038
1031 1038
1036 1038
531 1039
559 1039
927 1039
1037 1039
849 1040
884 1040
886 1040
987 1040
848 1041
850 1041
885 1041
950 1041
986 1041
849 1042
851 1042
886 1042
949 1042
985 1042
1040 1042
850 1043
885 1043
887 1043
984 1043
1041 1043
673 1044
675 1044
985 1044
672 1045
956 1045
675 1046
769 1046
829 1046
1044 1046
672 1047
674 1047
697 1047
768 1047
1045 1047
677 1048
679 1048
698 1048
771 1048
676 1049
770 1049
830 1049
679 1050
959 1050
1048 1050
676 1051
678 1051
986 1051
1049 1051
79 1052
83 1052
300 1052
302 1052
78 1053
301 1053
735 1053
77 1054
302 1054
732 1054
1052 1054
76 1055
80 1055
301 1055
303 1055
1053 1055
78 1056
82 1056
1008 1056
1010 1056
1053 1056
83 1057
1009 1057
1052 1057
1054 1057
80 1058
1010 1058
1053 1058
1055 1058
1056 1058
77 1059
81 1059
1009 1059
1011 1059
1054 1059
1057 1059
780 1060
818 1060
781 1061
783 1061
819 1061
780 1062
782 1062
816 1062
1060 1062
783 1063
817 1063
1061 1063
608 1064
617 1064
619 1064
805 1064
933 1064
329 1065
609 1065
611 1065
616 1065
804 1065
608 1066
610 1066
619 1066
1064 1066
153 1067
611 1067
616 1067
618 1067
1065 1067
154 1068
612 1068
621 1068
623 1068
613 1069
615 1069
620 1069
330 1070
612 1070
614 1070
623 1070
807 1070
1068 1070
615 1071
620 1071
622 1071
806 1071
934 1071
1069 1071
120 1072
122 1072
279 1072
903 1072
26 1073
121 1073
278 1073
29 1074
122 1074
281 1074
1072 1074
121 1075
123 1075
280 1075
904 1075
1073 1075
77 1076
81 1076
180 1076
257 1076
259 1076
80 1077
181 1077
183 1077
256 1077
180 1078
182 1078
259 1078
432 1078
577 1078
1076 1078
183 1079
256 1079
258 1079
364 1079
433 1079
1077 1079
184 1080
261 1080
263 1080
367 1080
434 1080
185 1081
187 1081
260 1081
435 1081
578 1081
83 1082
184 1082
186 1082
263 1082
1080 1082
78 1083
82 1083
187 1083
260 1083
262 1083
1081 1083
408 1084
410 1084
528 1084
1029 1084
1032 1084
409 1085
544 1085
1028 1085
1033 1085
1035 1085
73 1086
410 1086
1032 1086
1034 1086
1084 1086
409 1087
411 1087
876 1087
1035 1087
1085 1087
412 1088
414 1088
879 1088
1036 1088
74 1089
413 1089
1037 1089
1039 1089
414 1090
547 1090
1031 1090
1036 1090
1038 1090
1088 1090
413 1091
415 1091
531 1091
1030 1091
1039 1091
1089 1091
196 1092
409 1092
411 1092
197 1093
199 1093
408 1093
545 1093
72 1094
196 1094
198 1094
411 1094
913 1094
1092 1094
199 1095
408 1095
410 1095
845 1095
912 1095
1093 1095
200 1096
413 1096
415 1096
846 1096
915 1096
75 1097
201 1097
203 1097
412 1097
914 1097
200 1098
202 1098
415 1098
546 1098
1096 1098
203 1099
412 1099
414 1099
1097 1099
581 1100
583 1100
619 1100
1066 1100
126 1101
580 1101
618 1101
129 1102
583 1102
621 1102
1100 1102
580 1103
582 1103
620 1103
1069 1103
1101 1103
570 1104
785 1104
928 1104
930 1104
975 1104
523 1105
571 1105
784 1105
786 1105
929 1105
520 1106
568 1106
785 1106
787 1106
930 1106
1104 1106
569 1107
786 1107
929 1107
931 1107
972 1107
1105 1107
21 1108
420 1108
721 1108
723 1108
20 1109
352 1109
720 1109
264 1110
573 1110
723 1110
1108 1110
265 1111
357 1111
720 1111
722 1111
1109 1111
266 1112
358 1112
725 1112
727 1112
267 1113
574 1113
724 1113
23 1114
355 1114
727 1114
1112 1114
22 1115
423 1115
724 1115
726 1115
1113 1115
24 1116
26 1116
632 1116
953 1116
961 1116
25 1117
389 1117
952 1117
960 1117
962 1117
26 1118
121 1118
680 1118
961 1118
963 1118
1116 1118
25 1119
27 1119
96 1119
681 1119
962 1119
1117 1119
28 1120
30 1120
99 1120
682 1120
965 1120
29 1121
122 1121
683 1121
964 1121
966 1121
30 1122
390 1122
955 1122
965 1122
967 1122
1120 1122
29 1123
31 1123
635 1123
954 1123
966 1123
1121 1123
40 1124
210 1124
576 1124
578 1124
666 1124
41 1125
43 1125
259 1125
577 1125
667 1125
40 1126
42 1126
260 1126
578 1126
668 1126
1124 1126
43 1127
213 1127
577 1127
579 1127
669 1127
1125 1127
309 1128
736 1128
779 1128
801 1128
901 1128
919 1128
63 1129
308 1129
737 1129
800 1129
918 1129
60 1130
311 1130
742 1130
803 1130
917 1130
310 1131
743 1131
776 1131
802 1131
906 1131
916 1131
72 1132
411 1132
876 1132
878 1132
1087 1132
73 1133
75 1133
877 1133
1034 1133
1086 1133
72 1134
74 1134
878 1134
1037 1134
1089 1134
1132 1134
75 1135
412 1135
877 1135
879 1135
1088 1135
1133 1135
420 1136
452 1136
1108 1136
1110 1136
20 1137
421 1137
453 1137
455 1137
1109 1137
264 1138
356 1138
452 1138
454 1138
1110 1138
1136 1138
357 1139
455 1139
628 1139
1109 1139
1111 1139
1137 1139
358 1140
456 1140
631 1140
1112 1140
1114 1140
267 1141
359 1141
457 1141
459 1141
1113 1141
23 1142
422 1142
456 1142
458 1142
1114 1142
1140 1142
423 1143
459 1143
1113 1143
1115 1143
1141 1143
880 1144
882 1144
909 1144
927 1144
530 1145
881 1145
908 1145
910 1145
926 1145
529 1146
882 1146
909 1146
911 1146
925 1146
1144 1146
881 1147
883 1147
910 1147
924 1147
1145 1147
656 1148
949 1148
985 1148
1044 1148
1046 1148
657 1149
659 1149
984 1149
1045 1149
656 1150
658 1150
696 1150
769 1150
1046 1150
1148 1150
176 1151
659 1151
697 1151
1045 1151
1047 1151
1149 1151
179 1152
660 1152
698 1152
1048 1152
1050 1152
661 1153
663 1153
699 1153
770 1153
1049 1153
660 1154
662 1154
987 1154
1050 1154
1152 1154
663 1155
950 1155
986 1155
1049 1155
1051 1155
1153 1155
159 1156
204 1156
206 1156
597 1156
205 1157
596 1157
598 1157
998 1157
206 1158
597 1158
599 1158
1001 1158
1156 1158
160 1159
205 1159
207 1159
598 1159
1157 1159
521 1160
569 1160
788 1160
520 1161
789 1161
791 1161
800 1161
788 1162
790 1162
812 1162
981 1162
1160 1162
252 1163
791 1163
813 1163
1161 1163
255 1164
792 1164
814 1164
793 1165
795 1165
815 1165
982 1165
523 1166
792 1166
794 1166
803 1166
1164 1166
522 1167
570 1167
795 1167
1165 1167
588 1168
810 1168
817 1168
837 1168
852 1168
589 1169
816 1169
853 1169
1062 1169
594 1170
819 1170
854 1170
1061 1170
595 1171
809 1171
818 1171
842 1171
855 1171
521 1172
736 1172
738 1172
801 1172
1160 1172
737 1173
800 1173
1129 1173
1161 1173
1163 1173
738 1174
772 1174
981 1174
1160 1174
1162 1174
1172 1174
737 1175
739 1175
813 1175
980 1175
1163 1175
1173 1175
740 1176
742 1176
814 1176
983 1176
1164 1176
741 1177
775 1177
982 1177
1165 1177
1167 1177
742 1178
803 1178
1130 1178
1164 1178
1166 1178
1176 1178
522 1179
741 1179
743 1179
802 1179
1167 1179
1177 1179
314 1180
597 1180
599 1180
637 1180
839 1180
158 1181
315 1181
596 1181
636 1181
638 1181
161 1182
316 1182
599 1182
637 1182
639 1182
1180 1182
317 1183
596 1183
598 1183
638 1183
840 1183
1181 1183
673 1184
851 1184
939 1184
957 1184
985 1184
1044 1184
850 1185
956 1185
984 1185
1043 1185
1045 1185
1149 1185
849 1186
959 1186
987 1186
1040 1186
1050 1186
1154 1186
678 1187
848 1187
936 1187
958 1187
986 1187
1051 1187
514 1188
515 1188
785 1188
787 1188
515 1189
784 1189
974 1189
1188 1189
512 1190
787 1190
973 1190
1188 1190
1189 1190
512 1191
513 1191
784 1191
786 1191
1189 1191
1190 1191
808 1192
854 1192
1061 1192
1063 1192
1170 1192
809 1193
811 1193
818 1193
1060 1193
1171 1193
808 1194
810 1194
817 1194
1063 1194
1168 1194
1192 1194
811 1195
853 1195
1060 1195
1062 1195
1169 1195
1193 1195
68 1196
197 1196
222 1196
270 1196
1016 1196
69 1197
196 1197
223 1197
226 1197
1092 1197
70 1198
203 1198
220 1198
225 1198
1099 1198
71 1199
202 1199
221 1199
269 1199
1023 1199
197 1200
222 1200
227 1200
545 1200
1093 1200
1196 1200
226 1201
409 1201
544 1201
978 1201
1092 1201
1197 1201
225 1202
414 1202
547 1202
977 1202
1099 1202
1198 1202
202 1203
221 1203
224 1203
546 1203
1098 1203
1199 1203
144 1204
191 1204
365 1204
367 1204
867 1204
145 1205
147 1205
183 1205
364 1205
866 1205
144 1206
146 1206
184 1206
367 1206
869 1206
1204 1206
147 1207
192 1207
364 1207
366 1207
868 1207
1205 1207
80 1208
256 1208
345 1208
1010 1208
1058 1208
1077 1208
81 1209
257 1209
274 1209
344 1209
665 1209
1011 1209
82 1210
262 1210
273 1210
347 1210
670 1210
1008 1210
83 1211
263 1211
346 1211
1009 1211
1057 1211
1082 1211
738 1212
772 1212
903 1212
1072 1212
1074 1212
278 1213
773 1213
775 1213
902 1213
1073 1213
281 1214
772 1214
774 1214
905 1214
1074 1214
1212 1214
741 1215
775 1215
904 1215
1073 1215
1075 1215
1213 1215
349 1216
361 1216
363 1216
479 1216
759 1216
151 1217
348 1217
350 1217
360 1217
478 1217
148 1218
349 1218
351 1218
363 1218
477 1218
1216 1218
350 1219
360 1219
362 1219
476 1219
756 1219
1217 1219
305 1220
485 1220
487 1220
764 1220
989 1220
304 1221
484 1221
709 1221
988 1221
990 1221
487 1222
549 1222
989 1222
991 1222
1024 1222
1220 1222
337 1223
484 1223
486 1223
548 1223
990 1223
1221 1223
338 1224
489 1224
491 1224
551 1224
993 1224
488 1225
550 1225
992 1225
994 1225
1027 1225
307 1226
491 1226
710 1226
993 1226
995 1226
1224 1226
306 1227
488 1227
490 1227
767 1227
994 1227
1225 1227
452 1228
454 1228
589 1228
816 1228
1169 1228
453 1229
588 1229
590 1229
817 1229
454 1230
589 1230
591 1230
629 1230
753 1230
1228 1230
380 1231
453 1231
455 1231
590 1231
752 1231
1229 1231
383 1232
456 1232
458 1232
593 1232
755 1232
457 1233
592 1233
594 1233
630 1233
754 1233
458 1234
593 1234
595 1234
818 1234
1232 1234
457 1235
459 1235
594 1235
819 1235
1170 1235
1233 1235
152 1236
610 1236
1066 1236
1100 1236
1102 1236
153 1237
155 1237
618 1237
1067 1237
1101 1237
152 1238
154 1238
621 1238
1068 1238
1102 1238
1236 1238
155 1239
613 1239
1069 1239
1101 1239
1103 1239
1237 1239
9 1240
13 1240
562 1240
675 1240
829 1240
6 1241
8 1241
563 1241
828 1241
830 1241
11 1242
13 1242
564 1242
829 1242
831 1242
1240 1242
6 1243
10 1243
565 1243
676 1243
830 1243
1241 1243
421 1244
453 1244
783 1244
817 1244
1063 1244
1229 1244
420 1245
452 1245
782 1245
816 1245
834 1245
1136 1245
423 1246
459 1246
781 1246
819 1246
833 1246
1143 1246
422 1247
458 1247
780 1247
818 1247
1060 1247
1234 1247
156 1248
158 1248
761 1248
888 1248
996 1248
157 1249
324 1249
889 1249
997 1249
999 1249
158 1250
596 1250
996 1250
998 1250
1157 1250
1248 1250
157 1251
159 1251
204 1251
999 1251
1156 1251
1249 1251
160 1252
162 1252
207 1252
1000 1252
1159 1252
161 1253
599 1253
1001 1253
1003 1253
1158 1253
162 1254
327 1254
890 1254
1000 1254
1002 1254
1252 1254
161 1255
163 1255
762 1255
891 1255
1003 1255
1253 1255
165 1256
552 1256
857 1256
910 1256
924 1256
1147 1256
136 1257
164 1257
446 1257
856 1257
911 1257
925 1257
143 1258
171 1258
445 1258
859 1258
908 1258
926 1258
170 1259
559 1259
858 1259
909 1259
927 1259
1144 1259

Faces (Indices):
9 7 36
37 6 10
13 9 38
9 36 38
10 12 39
39 37 10
89 88 91
91 88 90
113 101 103
102 100 114
100 112 114
115 113 103
117 105 107
106 104 118
104 116 118
119 117 107
164 136 138
166 164 138
139 137 167
137 165 167
168 140 142
170 168 142
143 141 171
141 169 171
176 40 42
178 176 42
43 41 179
41 177 179
80 76 181
83 79 186
204 64 66
206 204 66
67 65 207
65 205 207
41 211 177
42 212 178
216 111 85
84 217 86
218 85 87
216 85 218
219 108 86
86 217 219
221 224 223
223 224 226
227 220 222
225 220 227
228 92 124
228 124 126
230 228 126
127 125 231
125 229 231
232 128 130
234 232 130
235 95 131
131 129 235
129 233 235
241 189 191
190 188 242
188 240 242
243 191 144
243 241 191
244 192 147
245 193 195
194 192 246
192 244 246
247 245 195
188 249 240
195 250 247
220 70 268
220 268 222
222 268 270
223 69 271
271 221 223
269 221 271
277 25 27
26 24 278
24 276 278
279 27 120
279 277 27
280 28 123
281 29 31
30 28 282
28 280 282
283 281 31
284 53 55
286 284 55
285 284 286
54 52 287
52 285 287
287 285 286
288 57 59
290 288 59
289 288 290
58 56 291
56 289 291
291 289 290
292 93 229
125 292 229
92 293 124
293 92 238
95 294 131
294 95 237
295 94 234
130 295 234
115 103 296
116 104 299
312 157 159
314 312 159
158 156 315
156 313 315
316 161 163
318 316 163
162 160 319
160 317 319
321 92 228
322 95 235
156 325 313
163 326 318
328 292 125
292 328 239
331 295 130
295 331 236
337 336 338
339 337 338
323 94 341
320 93 342
172 348 174
174 348 350
351 173 175
349 173 351
353 21 134
354 22 133
356 264 266
358 356 266
267 265 359
265 357 359
133 22 368
133 368 135
23 355 369
369 355 132
20 352 370
370 352 135
135 368 370
134 21 371
371 132 134
369 132 371
65 374 205
66 377 206
24 388 276
31 391 283
236 392 238
236 331 392
393 294 237
330 294 393
394 293 238
329 293 394
238 392 394
395 237 239
239 328 395
393 237 395
132 396 134
397 354 133
398 353 134
134 396 398
399 133 135
397 133 399
400 144 146
400 243 144
145 190 401
190 242 401
146 193 402
193 245 402
402 400 146
147 145 403
403 244 147
145 401 403
404 330 393
392 405 394
406 393 395
404 393 406
407 329 394
394 405 407
5 416 15
416 323 341
417 19 4
340 417 342
418 0 15
418 341 343
15 416 418
416 341 418
419 4 14
419 320 342
417 4 419
342 417 419
21 420 371
22 423 368
108 424 86
111 427 85
237 95 428
237 428 239
95 322 428
428 322 340
94 295 429
429 295 236
341 94 429
341 429 343
93 292 430
430 292 239
342 93 430
430 340 342
239 428 430
428 340 430
238 92 431
431 236 238
92 321 431
431 321 343
429 236 431
343 429 431
365 182 432
433 364 366
367 365 434
365 432 434
366 185 435
435 433 366
109 425 436
110 426 443
448 37 39
450 448 39
38 36 451
36 449 451
33 460 44
109 460 87
460 33 218
87 460 218
108 461 45
461 108 219
111 462 50
462 111 216
34 463 51
110 463 84
463 34 217
84 463 217
102 114 464
297 102 464
465 115 296
465 296 298
466 116 299
299 297 466
297 464 466
105 117 467
298 105 467
467 465 298
468 110 84
426 110 468
85 469 87
85 427 469
470 84 86
86 424 470
468 84 470
471 109 87
425 109 471
87 469 471
344 472 209
345 473 275
346 474 272
347 475 214
149 476 362
100 477 112
148 477 100
107 478 119
151 478 107
150 479 361
480 3 2
3 480 14
14 480 419
480 320 419
321 481 343
481 0 418
343 481 418
322 482 340
482 19 417
340 482 417
16 483 5
483 16 17
5 483 416
483 323 416
485 113 115
114 112 486
112 484 486
487 115 465
487 485 115
488 116 466
489 117 119
118 116 490
116 488 490
491 489 119
173 492 175
173 306 492
88 493 90
88 307 493
494 89 91
91 304 494
492 89 494
175 492 494
495 172 174
174 305 495
90 493 495
493 172 495
444 35 496
444 496 446
35 462 496
496 462 216
217 34 497
217 497 219
218 33 498
498 216 218
496 216 498
446 496 498
447 32 499
499 445 447
32 461 499
499 461 219
219 497 499
497 445 499
360 500 362
501 150 361
502 149 362
362 500 502
503 361 363
501 361 503
504 297 299
64 375 504
505 65 67
296 103 505
66 64 506
299 104 506
64 504 506
506 504 299
298 296 507
67 376 507
507 505 67
296 505 507
127 231 508
508 231 448
508 448 450
510 508 450
128 232 511
511 232 451
451 449 511
449 509 511
285 512 284
284 513 53
512 513 284
291 514 58
290 515 291
515 514 291
277 516 25
309 516 277
516 389 25
389 516 387
388 517 276
391 518 283
282 519 30
310 519 282
519 390 30
390 519 384
536 100 102
536 148 100
537 149 372
537 372 374
101 476 537
476 149 537
538 102 297
375 373 538
504 538 297
375 538 504
538 536 102
373 536 538
103 101 539
539 374 65
505 539 65
103 539 505
101 537 539
539 537 374
540 104 106
540 377 66
506 540 66
104 540 506
541 105 298
541 376 378
507 541 298
376 541 507
542 150 379
379 377 542
106 479 542
479 150 542
542 540 106
377 540 542
107 105 543
543 151 107
105 541 543
543 541 378
548 337 339
550 548 339
338 336 551
336 549 551
553 164 166
167 165 554
165 552 554
555 553 166
557 168 170
171 169 558
169 556 558
559 557 170
560 1 7
2 3 561
562 7 9
562 560 7
8 2 563
2 561 563
564 11 17
565 12 10
17 16 566
566 564 17
18 12 567
12 565 567
572 265 267
401 242 572
573 400 402
403 401 574
574 572 267
401 572 574
266 264 575
402 245 575
264 573 575
575 573 402
576 258 433
576 433 435
578 576 435
579 261 434
434 432 579
432 577 579
230 126 580
509 230 580
581 127 508
581 508 510
582 128 511
511 509 582
509 580 582
233 129 583
510 233 583
583 581 510
500 584 502
502 584 586
587 501 503
585 501 587
314 159 597
317 160 598
229 93 600
93 320 600
601 228 230
601 321 228
481 321 601
231 229 602
448 602 37
231 602 448
229 600 602
603 230 509
449 603 509
603 601 230
604 233 510
450 604 510
605 232 234
451 605 38
232 605 451
235 233 606
606 322 235
482 322 606
233 604 606
234 94 607
94 323 607
607 605 234
124 293 616
293 329 616
617 125 127
617 328 125
126 124 618
124 616 618
619 127 581
619 617 127
620 128 582
621 129 131
130 128 622
622 331 130
128 620 622
131 294 623
294 330 623
623 621 131
333 624 335
625 326 332
626 325 335
335 624 626
627 332 334
625 332 627
629 356 358
629 454 356
359 357 630
630 457 359
357 628 630
631 629 358
633 424 437
424 633 470
634 427 442
427 634 469
636 381 383
380 590 637
383 593 638
638 636 383
382 380 639
380 637 639
640 97 99
640 438 97
642 640 99
98 96 643
643 441 98
96 641 643
325 644 313
644 325 626
312 645 157
645 324 157
324 645 334
334 645 627
319 646 162
646 327 162
327 646 333
333 646 624
326 647 318
647 326 625
524 47 648
649 525 527
526 524 650
524 648 650
527 48 651
651 649 527
469 652 471
469 634 652
653 426 468
635 426 653
654 425 471
632 425 654
471 652 654
655 468 470
470 633 655
653 468 655
209 472 656
657 208 210
211 658 177
211 209 658
209 656 658
176 659 40
659 210 40
659 657 210
179 660 43
660 213 43
212 661 178
661 212 214
215 213 662
213 660 662
214 475 663
663 661 214
664 256 258
664 345 256
208 473 664
473 345 664
665 209 211
665 344 209
210 208 666
666 258 576
208 664 666
666 664 258
667 211 41
259 257 667
667 665 211
257 665 667
668 212 42
668 260 262
669 213 215
669 261 579
214 212 670
670 347 214
212 668 670
670 668 262
263 261 671
671 346 263
215 474 671
474 346 671
671 669 215
261 669 671
673 560 562
563 561 674
561 672 674
675 673 562
677 564 566
567 565 678
565 676 678
679 677 566
680 121 123
681 96 98
120 27 681
99 97 682
123 28 682
97 680 682
682 680 123
122 120 683
683 681 98
120 681 683
684 45 47
684 108 45
424 108 684
437 424 684
685 109 436
685 436 438
44 460 685
460 109 685
439 437 686
686 47 524
686 684 47
437 684 686
46 44 687
687 438 640
44 685 687
687 685 438
688 49 51
688 441 643
689 440 442
689 48 527
690 110 443
443 441 690
51 463 690
463 110 690
690 688 51
441 688 690
50 48 691
691 111 50
427 111 691
442 427 691
48 689 691
691 689 442
384 692 386
519 310 692
384 519 692
693 391 385
518 391 693
694 388 386
517 388 694
386 692 694
695 385 387
516 309 695
387 516 695
693 385 695
177 658 696
697 176 178
179 177 698
177 696 698
178 661 699
699 697 178
700 152 154
153 611 701
154 612 702
702 700 154
155 153 703
153 701 703
167 554 704
168 557 707
708 305 174
350 708 174
485 708 113
305 708 485
494 709 175
304 709 494
493 710 172
307 710 493
711 306 173
349 711 173
490 711 118
306 711 490
1 0 712
0 481 712
712 481 601
712 601 603
713 2 8
713 480 2
320 480 713
600 320 713
7 1 714
7 714 36
36 714 449
714 603 449
1 712 714
714 712 603
715 8 6
37 715 6
602 715 37
602 600 715
715 713 8
600 713 715
716 11 13
38 716 13
605 716 38
716 605 607
717 12 18
12 717 39
39 717 450
717 604 450
17 11 718
718 483 17
323 483 718
607 323 718
11 716 718
718 716 607
18 19 719
19 482 719
719 482 606
606 604 719
719 717 18
604 717 719
721 241 243
21 353 721
721 353 241
242 240 722
242 722 572
572 722 265
240 720 722
723 243 400
573 723 400
723 721 243
724 244 403
574 724 403
725 245 247
245 725 575
575 725 266
246 244 726
22 354 726
726 354 246
244 724 726
727 725 247
728 55 253
728 253 255
286 55 728
730 728 255
731 56 254
254 252 731
289 56 731
252 729 731
732 77 180
732 248 302
733 249 188
733 76 303
734 250 195
734 79 300
735 78 187
735 251 301
396 250 744
396 744 398
250 734 744
744 734 300
301 251 745
301 745 303
302 248 746
746 300 302
744 300 746
398 744 746
399 249 747
747 397 399
249 733 747
747 733 303
303 745 747
745 397 747
249 748 240
352 748 135
135 748 399
748 249 399
240 748 720
748 352 720
241 749 189
749 248 189
353 749 241
749 353 398
248 749 746
746 749 398
246 750 194
750 251 194
354 750 246
750 354 397
251 750 745
745 750 397
250 751 247
355 751 132
132 751 396
751 250 396
247 751 727
751 355 727
752 380 382
628 455 752
381 591 753
753 629 631
382 592 754
630 628 754
754 752 382
628 752 754
383 381 755
631 456 755
381 753 755
755 753 631
113 756 101
756 476 101
708 756 113
756 708 350
175 757 351
477 757 112
757 477 351
112 757 484
709 757 175
757 709 484
172 758 348
478 758 119
758 478 348
119 758 491
710 758 172
758 710 491
118 759 106
759 479 106
711 759 118
759 711 349
503 760 587
500 763 584
495 764 90
305 764 495
90 765 91
765 304 91
764 765 90
89 766 88
766 307 88
492 767 89
306 767 492
767 766 89
768 697 699
770 768 699
698 696 771
696 769 771
692 310 776
692 776 694
311 518 777
777 518 693
308 517 778
778 517 694
694 776 778
695 309 779
779 693 695
777 693 779
789 52 54
789 568 52
520 568 789
55 53 790
55 790 253
53 788 790
791 54 729
252 791 729
791 789 54
792 57 730
255 792 730
793 56 58
56 793 254
59 57 794
794 571 59
523 571 794
57 792 794
795 793 58
3 796 561
561 796 672
797 0 1
0 797 15
560 797 1
19 798 4
798 19 18
567 798 18
16 799 566
566 799 679
801 521 62
802 522 61
804 329 407
328 805 395
395 805 406
805 328 617
331 806 392
392 806 405
806 331 622
807 330 404
808 647 625
624 809 626
810 625 627
808 625 810
811 644 626
626 809 811
253 790 812
813 252 254
255 253 814
253 812 814
254 793 815
815 813 254
820 33 44
820 44 46
821 32 137
821 137 139
461 32 821
45 461 821
138 136 822
822 46 525
138 822 649
649 822 525
822 820 46
136 820 822
47 45 823
47 823 648
45 821 823
823 821 139
824 48 50
48 824 651
825 141 143
825 49 526
141 825 650
650 825 526
826 35 142
142 140 826
462 35 826
50 462 826
826 824 50
140 824 826
827 34 51
51 49 827
49 825 827
827 825 143
563 674 828
828 674 768
828 768 770
830 828 770
564 677 831
831 677 771
771 769 831
769 829 831
832 23 369
422 23 832
780 422 832
780 832 782
368 833 370
368 423 833
834 369 371
371 420 834
832 369 834
782 832 834
835 20 370
421 20 835
783 421 835
835 781 783
370 833 835
833 781 835
836 589 591
313 644 836
837 312 314
315 313 838
838 591 381
315 838 636
636 838 381
313 836 838
838 836 591
590 588 839
590 839 637
839 837 314
588 837 839
840 593 595
593 840 638
841 316 318
841 592 382
316 841 639
639 841 382
319 317 842
317 840 842
842 840 595
594 592 843
318 647 843
843 841 318
592 841 843
845 199 700
845 700 702
846 200 703
703 701 846
701 844 846
847 845 702
852 645 312
645 852 627
627 852 810
837 852 312
853 644 811
836 853 589
644 853 836
854 647 808
843 854 594
647 854 843
855 646 319
646 855 624
624 855 809
842 855 319
33 856 498
498 856 446
856 33 820
136 856 820
32 857 137
137 857 165
857 32 447
35 858 142
142 858 170
858 35 444
34 859 497
497 859 445
859 34 827
143 859 827
860 16 5
799 16 860
4 861 14
4 798 861
862 5 15
15 797 862
860 5 862
863 3 14
796 3 863
14 861 863
181 76 864
864 188 190
76 733 864
864 733 188
865 180 182
189 248 865
865 732 180
248 732 865
183 181 866
866 190 145
181 864 866
866 864 190
191 189 867
867 182 365
867 865 182
189 865 867
868 192 194
868 185 366
869 184 186
869 193 146
187 185 870
194 251 870
870 735 187
251 735 870
185 868 870
870 868 194
186 79 871
195 193 871
79 734 871
871 734 195
871 869 186
193 869 871
872 347 273
475 347 872
272 873 274
272 474 873
874 273 275
275 473 874
872 273 874
875 344 274
472 344 875
274 873 875
876 705 707
704 554 877
707 557 878
878 876 707
706 704 879
704 877 879
532 531 880
532 880 534
534 880 882
535 528 883
883 533 535
881 533 883
873 884 875
885 475 872
886 472 875
875 884 886
887 872 874
885 872 887
888 325 156
325 888 335
760 889 587
763 890 584
891 326 163
326 891 332
892 327 333
584 892 586
890 327 892
584 890 892
332 893 334
893 762 585
332 891 893
891 762 893
894 333 335
894 761 586
335 888 894
888 761 894
892 333 894
586 892 894
895 324 334
895 585 587
889 324 895
587 889 895
334 893 895
893 585 895
896 524 526
641 439 896
439 686 896
896 686 524
525 46 897
897 640 642
46 687 897
897 687 640
526 49 898
643 641 898
49 688 898
898 688 643
898 896 526
641 896 898
527 525 899
642 440 899
440 689 899
899 689 527
525 897 899
899 897 642
276 517 900
517 308 900
900 308 737
900 737 739
901 277 279
901 309 277
278 276 902
902 739 773
276 900 902
902 900 739
738 736 903
903 901 279
736 901 903
904 741 743
905 281 283
905 740 774
282 280 906
906 310 282
280 904 906
906 904 743
283 518 907
518 311 907
907 311 742
742 740 907
907 905 283
740 905 907
445 908 447
909 858 444
910 857 447
447 908 910
911 444 446
909 444 911
73 410 912
912 845 847
913 72 74
844 198 913
75 73 914
847 201 914
73 912 914
914 912 847
74 413 915
846 844 915
915 913 74
844 913 915
776 916 778
916 802 61
60 917 62
917 311 777
918 61 63
918 308 778
916 61 918
778 916 918
919 777 779
919 801 62
62 917 919
917 777 919
166 138 920
920 138 649
920 649 651
823 139 921
648 823 921
824 140 922
651 824 922
922 920 651
169 141 923
923 141 650
650 648 923
648 921 923
528 924 883
553 925 164
529 925 553
558 926 171
530 926 558
531 927 880
61 928 63
61 522 928
522 570 928
929 803 60
523 803 929
930 800 63
520 800 930
63 928 930
931 60 62
62 521 931
521 569 931
929 60 931
69 932 271
804 932 609
68 933 608
805 933 406
71 934 615
806 934 405
70 935 268
807 935 614
861 936 863
849 937 851
937 799 860
938 848 850
938 796 863
936 848 938
863 936 938
939 860 862
851 937 939
937 860 939
54 287 940
729 54 940
287 286 941
941 286 728
941 728 730
940 287 941
288 289 942
942 289 731
731 729 942
729 940 942
57 288 943
730 57 943
943 941 730
940 941 943
943 288 942
942 940 943
385 944 387
944 635 653
945 390 384
652 945 654
946 389 387
946 653 655
387 944 946
944 653 946
947 384 386
947 632 654
945 384 947
654 945 947
948 473 208
657 948 208
473 948 874
874 948 887
472 949 656
949 472 886
475 950 663
950 475 885
951 474 215
662 951 215
474 951 873
873 951 884
633 952 655
952 389 946
655 952 946
953 388 24
388 953 386
386 953 947
953 632 947
954 391 31
391 954 385
385 954 944
954 635 944
634 955 652
955 390 945
652 955 945
796 956 672
956 796 938
850 956 938
673 957 560
957 797 560
797 957 862
862 957 939
678 958 567
958 798 567
798 958 861
861 958 936
799 959 679
959 799 937
849 959 937
960 437 439
960 633 437
952 633 960
436 425 961
425 632 961
96 962 641
962 439 641
962 960 439
438 963 97
438 436 963
97 963 680
436 961 963
441 964 98
964 441 443
98 964 683
99 965 642
965 440 642
443 426 966
426 635 966
966 964 443
442 440 967
967 634 442
955 634 967
440 965 967
149 968 372
968 149 502
586 968 502
761 968 586
148 969 363
363 969 503
969 148 536
373 969 536
760 969 373
969 760 503
151 970 360
360 970 500
970 151 543
378 970 543
763 970 378
970 763 500
150 971 379
971 150 501
585 971 501
762 971 585
513 972 53
972 513 786
53 972 788
972 569 788
52 973 285
973 512 285
568 973 52
973 568 787
59 974 290
974 515 290
571 974 59
974 571 784
514 975 58
975 514 785
58 975 795
975 570 795
224 976 226
224 546 976
533 977 535
533 547 977
978 532 534
534 544 978
226 976 978
976 532 978
979 225 227
227 545 979
977 225 979
535 977 979
773 739 980
980 813 815
981 772 774
775 773 982
773 980 982
982 980 815
774 740 983
814 812 983
983 981 774
812 981 983
984 948 657
948 984 887
987 951 662
951 987 884
304 765 988
765 764 989
988 765 989
337 990 336
336 991 549
988 989 991
990 991 336
990 988 991
339 992 550
338 993 339
993 992 339
766 767 994
307 766 995
992 993 995
995 766 994
994 992 995
372 968 996
968 761 996
997 373 375
997 760 373
889 760 997
374 998 205
374 372 998
372 996 998
204 999 64
999 375 64
999 997 375
207 1000 67
1000 376 67
377 1001 206
1001 377 379
378 376 1002
1002 763 378
890 763 1002
376 1000 1002
379 971 1003
971 762 1003
1003 1001 379
1004 71 269
405 1004 407
934 71 1004
405 934 1004
268 1005 270
1005 807 404
268 935 1005
935 807 1005
1006 269 271
1006 804 407
271 932 1006
932 804 1006
1004 269 1006
407 1004 1006
1007 68 270
1007 404 406
933 68 1007
406 933 1007
270 1005 1007
1005 404 1007
273 1008 275
1009 346 272
1010 345 275
275 1008 1010
1011 272 274
1009 272 1011
555 166 1012
705 555 1012
1012 166 920
1012 920 922
139 167 1013
1013 167 704
1013 704 706
921 139 1013
140 168 1014
1014 168 707
707 705 1014
922 140 1014
705 1012 1014
1014 1012 922
556 169 1015
706 556 1015
1015 169 923
923 921 1015
1015 1013 706
921 1013 1015
1016 68 608
1016 608 610
1017 69 196
1017 196 198
932 69 1017
609 932 1017
199 197 1018
1018 610 152
700 1018 152
199 1018 700
197 1016 1018
1018 1016 610
611 609 1019
611 1019 701
1019 198 844
701 1019 844
1019 1017 198
609 1017 1019
1020 612 614
612 1020 702
1020 201 847
702 1020 847
1021 200 202
1021 613 155
703 1021 155
200 1021 703
1022 70 203
203 201 1022
935 70 1022
614 935 1022
201 1020 1022
1022 1020 614
1023 71 615
615 613 1023
1023 1021 202
613 1021 1023
1024 465 467
1024 487 465
464 114 1025
114 486 1025
1025 486 548
1025 548 550
467 117 1026
117 489 1026
1026 489 551
551 549 1026
1026 1024 467
549 1024 1026
466 464 1027
1027 488 466
464 1025 1027
1027 1025 550
1028 544 534
529 1028 882
882 1028 534
1029 528 535
1029 545 408
979 1029 535
545 1029 979
1030 531 532
1030 546 415
976 1030 532
546 1030 976
1031 547 533
530 1031 881
881 1031 533
924 528 1032
552 924 1032
1033 529 553
1033 553 555
1028 529 1033
554 552 1034
554 1034 877
552 1032 1034
1035 555 705
876 1035 705
1035 1033 555
1036 556 706
879 1036 706
1037 557 559
557 1037 878
1038 530 558
558 556 1038
1031 530 1038
556 1036 1038
927 531 1039
559 927 1039
1039 1037 559
884 1040 886
884 987 1040
848 1041 850
1041 950 885
848 986 1041
986 950 1041
1042 849 851
1042 949 886
851 985 1042
985 949 1042
1040 849 1042
886 1040 1042
1043 885 887
887 984 1043
850 1041 1043
1041 885 1043
1044 673 675
672 956 1045
1046 675 829
769 1046 829
1046 1044 675
674 672 1047
674 1047 768
768 1047 697
672 1045 1047
1048 677 679
677 1048 771
771 1048 698
1049 676 830
770 1049 830
679 959 1050
1050 1048 679
678 676 1051
676 1049 1051
79 83 1052
300 79 1052
300 1052 302
78 735 1053
1053 735 301
77 732 1054
1054 732 302
302 1052 1054
76 80 1055
303 76 1055
1055 301 303
1053 301 1055
82 78 1056
1008 82 1056
1008 1056 1010
1056 78 1053
1052 83 1057
1052 1057 1054
1055 80 1058
1058 1053 1055
1010 1056 1058
1056 1053 1058
81 77 1059
1011 81 1059
1059 1009 1011
1059 77 1054
1057 1009 1059
1054 1057 1059
781 1061 783
781 819 1061
1062 780 782
782 816 1062
1060 780 1062
783 1061 1063
1064 617 619
1064 805 617
608 933 1064
933 805 1064
1065 609 611
616 329 1065
329 804 1065
1065 804 609
610 608 1066
608 1064 1066
1066 1064 619
1067 611 153
618 616 1067
1067 1065 611
616 1065 1067
1068 612 154
1068 621 623
1069 613 615
614 612 1070
623 330 1070
330 807 1070
1070 807 614
612 1068 1070
1070 1068 623
622 620 1071
1071 806 622
615 934 1071
934 806 1071
1071 1069 615
620 1069 1071
1072 120 122
1072 279 120
903 279 1072
121 26 1073
26 278 1073
122 29 1074
29 281 1074
1074 1072 122
123 121 1075
1075 280 123
904 280 1075
121 1073 1075
77 81 1076
180 77 1076
1076 81 257
1076 257 259
1077 80 181
1077 181 183
182 180 1078
182 1078 432
1078 259 577
432 1078 577
180 1076 1078
1078 1076 259
258 256 1079
1079 183 364
258 1079 433
433 1079 364
1079 1077 183
256 1077 1079
1080 261 263
1080 184 367
261 1080 434
434 1080 367
1081 185 187
185 1081 435
1081 260 578
435 1081 578
1082 83 186
186 184 1082
184 1080 1082
1082 1080 263
78 82 1083
187 78 1083
1083 82 262
262 260 1083
1083 1081 187
260 1081 1083
1084 408 410
1084 1029 408
528 1029 1084
1032 528 1084
409 544 1085
544 1028 1085
1085 1028 1033
1085 1033 1035
1086 410 73
1034 1032 1086
1086 1084 410
1032 1084 1086
411 409 1087
1087 1035 876
409 1085 1087
1087 1085 1035
1088 412 414
1088 1036 879
1089 413 74
1089 1037 1039
414 547 1090
547 1031 1090
1090 1031 1038
1038 1036 1090
1090 1088 414
1036 1088 1090
415 413 1091
1091 1030 415
531 1030 1091
1039 531 1091
413 1089 1091
1091 1089 1039
1092 409 411
1093 197 199
408 545 1093
198 196 1094
1094 411 72
913 1094 72
198 1094 913
196 1092 1094
1094 1092 411
410 408 1095
1095 199 845
410 1095 912
912 1095 845
1095 1093 199
408 1093 1095
1096 413 415
1096 200 846
413 1096 915
915 1096 846
1097 201 203
1097 412 75
914 1097 75
201 1097 914
202 200 1098
415 546 1098
200 1096 1098
1098 1096 415
414 412 1099
1099 1097 203
412 1097 1099
1100 581 583
1100 619 581
1066 619 1100
580 126 1101
126 618 1101
583 129 1102
129 621 1102
1102 1100 583
582 580 1103
1103 620 582
1069 620 1103
580 1101 1103
928 570 1104
928 1104 930
570 975 1104
1104 975 785
571 523 1105
784 571 1105
784 1105 786
1105 523 929
568 520 1106
787 568 1106
1106 785 787
1106 520 930
1104 785 1106
930 1104 1106
931 569 1107
1107 929 931
569 972 1107
1107 972 786
786 1105 1107
1105 929 1107
420 21 1108
1108 21 721
1108 721 723
352 20 1109
720 352 1109
264 1110 573
1110 723 573
1110 1108 723
265 1111 357
722 1111 265
722 720 1111
720 1109 1111
266 1112 358
725 1112 266
1112 725 727
267 1113 574
1113 724 574
355 23 1114
727 355 1114
1114 1112 727
423 22 1115
1115 22 726
726 724 1115
724 1113 1115
1116 24 26
1116 953 24
632 953 1116
961 632 1116
25 389 1117
389 952 1117
1117 952 960
1117 960 962
1118 26 121
680 1118 121
963 1118 680
963 961 1118
1118 1116 26
961 1116 1118
27 25 1119
27 1119 681
681 1119 96
1119 962 96
25 1117 1119
1119 1117 962
1120 28 30
28 1120 682
682 1120 99
1120 965 99
1121 29 122
683 1121 122
964 1121 683
1121 964 966
30 390 1122
390 955 1122
1122 955 967
967 965 1122
1122 1120 30
965 1120 1122
31 29 1123
1123 954 31
635 954 1123
966 635 1123
29 1121 1123
1123 1121 966
40 210 1124
1124 576 578
210 666 1124
1124 666 576
1125 41 43
577 259 1125
1125 667 41
259 667 1125
42 40 1126
578 260 1126
1126 668 42
260 668 1126
40 1124 1126
1126 1124 578
43 213 1127
579 577 1127
213 669 1127
1127 669 579
1127 1125 43
577 1125 1127
309 1128 779
801 1128 736
1128 309 901
736 1128 901
779 1128 919
1128 801 919
308 1129 737
800 1129 63
63 1129 918
1129 308 918
311 1130 742
803 1130 60
60 1130 917
1130 311 917
310 1131 776
802 1131 743
1131 310 906
743 1131 906
776 1131 916
1131 802 916
72 411 1132
1132 876 878
411 1087 1132
1132 1087 876
1133 73 75
877 1034 1133
1133 1086 73
1034 1086 1133
74 72 1134
878 1037 1134
1134 1089 74
1037 1089 1134
72 1132 1134
1134 1132 878
75 412 1135
879 877 1135
412 1088 1135
1135 1088 879
1135 1133 75
877 1133 1135
1136 420 1108
1136 1108 1110
20 421 1137
1137 421 453
1137 453 455
1109 20 1137
356 1138 264
454 1138 356
454 452 1138
1138 1110 264
452 1136 1138
1138 1136 1110
357 1139 628
1139 455 628
1111 1139 357
1111 1109 1139
1139 1137 455
1109 1137 1139
358 1140 631
1140 456 631
1112 1140 358
1140 1112 1114
359 1141 267
457 1141 359
1141 457 459
1141 1113 267
23 422 1142
1142 422 458
458 456 1142
1114 23 1142
456 1140 1142
1142 1140 1114
1143 423 1115
1115 1113 1143
1143 1141 459
1113 1141 1143
880 1144 882
880 927 1144
1145 530 881
908 1145 910
926 530 1145
908 926 1145
1146 529 882
1146 909 911
925 529 1146
911 925 1146
882 1144 1146
1144 909 1146
1147 881 883
883 924 1147
1145 881 1147
910 1145 1147
656 949 1148
949 985 1148
1148 985 1044
1148 1044 1046
1149 657 659
1149 984 657
658 656 1150
658 1150 696
696 1150 769
1150 1046 769
656 1148 1150
1150 1148 1046
1151 659 176
697 1151 176
1047 1151 697
1047 1045 1151
1151 1149 659
1045 1149 1151
1152 660 179
698 1152 179
1048 1152 698
1152 1048 1050
1153 661 663
661 1153 699
699 1153 770
1153 1049 770
662 660 1154
1154 987 662
660 1152 1154
1154 1152 1050
663 950 1155
950 986 1155
1155 986 1051
1051 1049 1155
1155 1153 663
1049 1153 1155
1156 204 206
597 159 1156
1157 596 598
205 998 1157
599 597 1158
206 1001 1158
1158 1156 206
597 1156 1158
207 205 1159
598 160 1159
205 1157 1159
1159 1157 598
569 521 1160
788 569 1160
1161 520 789
1161 789 791
800 520 1161
790 788 1162
790 1162 812
812 1162 981
788 1160 1162
1163 791 252
813 1163 252
1163 1161 791
1164 792 255
814 1164 255
1165 793 795
793 1165 815
815 1165 982
1166 523 794
794 792 1166
803 523 1166
792 1164 1166
570 522 1167
795 570 1167
1167 1165 795
817 1168 588
588 1168 837
852 1168 810
1168 852 837
853 1169 589
816 1169 1062
854 1170 594
819 1170 1061
818 1171 595
595 1171 842
855 1171 809
1171 855 842
1172 736 738
521 801 1172
1172 801 736
1160 521 1172
737 1129 1173
1129 800 1173
1173 800 1161
1173 1161 1163
1174 738 772
981 1174 772
1162 1174 981
1162 1160 1174
1174 1172 738
1160 1172 1174
739 737 1175
739 1175 980
980 1175 813
1175 1163 813
737 1173 1175
1175 1173 1163
1176 740 742
740 1176 983
983 1176 814
1176 1164 814
1177 741 775
982 1177 775
1165 1177 982
1177 1165 1167
742 1130 1178
1130 803 1178
1178 803 1166
1166 1164 1178
1178 1176 742
1164 1176 1178
743 741 1179
522 802 1179
1179 802 743
1167 522 1179
741 1177 1179
1179 1177 1167
1180 314 597
1180 597 599
839 314 1180
637 839 1180
158 315 1181
596 158 1181
1181 315 636
1181 636 638
161 316 1182
599 161 1182
1182 316 639
639 637 1182
1182 1180 599
637 1180 1182
1183 317 598
598 596 1183
840 317 1183
638 840 1183
596 1181 1183
1183 1181 638
939 1184 851
1184 957 673
957 1184 939
1184 985 851
1044 1184 673
985 1184 1044
1185 956 850
1043 1185 850
984 1185 1043
956 1185 1045
1185 984 1149
1045 1185 1149
1186 959 849
1040 1186 849
987 1186 1040
959 1186 1050
1186 987 1154
1050 1186 1154
936 1187 848
1187 958 678
958 1187 936
1187 986 848
1051 1187 678
986 1187 1051
514 515 1188
785 514 1188
785 1188 787
515 974 1189
1189 974 784
1188 515 1189
512 973 1190
1190 973 787
787 1188 1190
1188 1189 1190
513 512 1191
786 513 1191
1191 784 786
1189 784 1191
1191 512 1190
1190 1189 1191
1192 854 808
1061 1192 1063
1170 854 1192
1061 1170 1192
809 1193 811
1193 818 1060
809 1171 1193
1171 818 1193
1194 808 810
1194 817 1063
810 1168 1194
1168 817 1194
1192 808 1194
1063 1192 1194
1195 853 811
1195 1060 1062
1169 853 1195
1062 1169 1195
811 1193 1195
1193 1060 1195
68 1196 270
270 1196 222
1196 68 1016
197 1196 1016
69 1197 196
1197 69 223
226 1197 223
196 1197 1092
70 1198 203
1198 70 220
225 1198 220
203 1198 1099
71 1199 269
269 1199 221
1199 71 1023
202 1199 1023
222 1200 227
1200 545 227
1093 1200 197
545 1200 1093
1200 1196 197
1196 1200 222
1201 544 409
978 1201 226
544 1201 978
1092 1201 409
1201 1197 226
1197 1201 1092
1202 547 414
977 1202 225
547 1202 977
1099 1202 414
1202 1198 225
1198 1202 1099
221 1203 224
1203 546 224
1098 1203 202
546 1203 1098
1203 1199 202
1199 1203 221
144 191 1204
1204 365 367
191 867 1204
1204 867 365
1205 145 147
364 183 1205
1205 866 145
183 866 1205
146 144 1206
367 184 1206
1206 869 146
184 869 1206
144 1204 1206
1206 1204 367
147 192 1207
366 364 1207
192 868 1207
1207 868 366
1207 1205 147
364 1205 1207
345 1208 256
1208 345 1010
80 1208 1058
1058 1208 1010
1208 80 1077
256 1208 1077
81 1209 257
344 1209 274
257 1209 665
1209 344 665
1209 81 1011
274 1209 1011
82 1210 262
347 1210 273
262 1210 670
1210 347 670
1210 82 1008
273 1210 1008
346 1211 263
1211 346 1009
83 1211 1057
1057 1211 1009
1211 83 1082
263 1211 1082
772 738 1212
738 903 1212
1212 903 1072
1212 1072 1074
1213 773 775
278 902 1213
1213 902 773
1073 278 1213
774 772 1214
281 905 1214
1214 905 774
1074 281 1214
772 1212 1214
1214 1212 1074
775 741 1215
741 904 1215
1215 904 1075
1075 1073 1215
1215 1213 775
1073 1213 1215
361 1216 363
361 479 1216
1216 759 349
479 759 1216
348 1217 350
1217 151 360
478 151 1217
348 478 1217
1218 349 351
1218 148 363
477 148 1218
351 477 1218
1216 349 1218
363 1216 1218
1219 360 362
362 476 1219
1219 756 350
476 756 1219
350 1217 1219
1217 360 1219
1220 305 485
1220 485 487
764 305 1220
989 764 1220
709 304 1221
484 709 1221
1221 304 988
1221 988 990
991 1222 549
991 989 1222
1222 487 1024
549 1222 1024
1222 1220 487
989 1220 1222
486 484 1223
548 1223 337
486 1223 548
1223 990 337
484 1221 1223
1223 1221 990
1224 489 491
551 1224 338
489 1224 551
1224 993 338
992 1225 550
1225 992 994
1225 488 1027
550 1225 1027
710 307 1226
491 710 1226
1226 307 995
995 993 1226
1226 1224 491
993 1224 1226
1227 306 490
490 488 1227
767 306 1227
994 767 1227
488 1225 1227
1227 1225 994
1228 452 454
1228 816 452
589 1169 1228
1169 816 1228
1229 588 590
1229 817 588
591 589 1230
1230 454 629
591 1230 753
753 1230 629
1230 1228 454
589 1228 1230
455 453 1231
1231 590 380
752 1231 380
455 1231 752
453 1229 1231
1231 1229 590
1232 456 458
1232 593 383
755 1232 383
456 1232 755
1233 592 594
1233 457 630
592 1233 754
754 1233 630
595 593 1234
1234 818 595
1234 1232 458
593 1232 1234
459 457 1235
1235 819 459
594 1170 1235
1170 819 1235
457 1233 1235
1235 1233 594
152 610 1236
610 1066 1236
1236 1066 1100
1236 1100 1102
1237 153 155
1237 1067 153
618 1067 1237
1101 618 1237
154 152 1238
1238 1068 154
621 1068 1238
1102 621 1238
152 1236 1238
1238 1236 1102
155 613 1239
613 1069 1239
1239 1069 1103
1103 1101 1239
1239 1237 155
1101 1237 1239
1240 9 13
1240 562 9
675 562 1240
829 675 1240
6 8 1241
8 563 1241
1241 563 828
1241 828 830
13 11 1242
11 564 1242
1242 564 831
831 829 1242
1242 1240 13
829 1240 1242
10 6 1243
1243 565 10
676 565 1243
830 676 1243
6 1241 1243
1243 1241 830
421 1244 453
1244 421 783
1063 1244 783
817 1244 1063
453 1244 1229
1244 817 1229
816 1245 452
1245 816 782
420 1245 834
834 1245 782
1245 420 1136
452 1245 1136
819 1246 459
1246 819 781
423 1246 833
833 1246 781
1246 423 1143
459 1246 1143
422 1247 458
1247 422 780
1060 1247 780
818 1247 1060
458 1247 1234
1247 818 1234
1248 156 158
1248 888 156
761 888 1248
996 761 1248
157 324 1249
324 889 1249
1249 889 997
1249 997 999
1250 158 596
998 996 1250
1157 1250 596
998 1250 1157
1250 1248 158
996 1248 1250
159 157 1251
1251 999 204
159 1251 1156
1156 1251 204
157 1249 1251
1251 1249 999
1252 160 162
1252 1000 207
160 1252 1159
1159 1252 207
1253 161 599
1253 1001 1003
1158 1253 599
1001 1253 1158
162 327 1254
327 890 1254
1254 890 1002
1002 1000 1254
1254 1252 162
1000 1252 1254
163 161 1255
1255 891 163
762 891 1255
1003 762 1255
161 1253 1255
1255 1253 1003
165 1256 552
857 1256 165
1256 857 910
1256 924 552
1147 1256 910
924 1256 1147
164 1257 136
1257 856 136
856 1257 446
446 1257 911
925 1257 164
1257 925 911
171 1258 143
1258 859 143
859 1258 445
445 1258 908
926 1258 171
1258 926 908
170 1259 559
858 1259 170
1259 858 909
1259 927 559
1144 1259 909
927 1259 1144
