Vertices:
0.061614 0.324935 -0.738955
-0.006903 0.297199 -0.700479
0.479921 -0.398836 -0.515790
0.411403 -0.426573 -0.477314
0.139045 -0.045195 0.034543
-0.340579 -0.239350 0.303879
0.028876 0.145425 -0.024232
-0.450749 -0.048730 0.245104
0.730109 0.091215 0.282998
0.661591 0.063479 0.321474
0.392005 0.676216 0.102621
0.323488 0.648479 0.141097
-0.183295 -0.452812 0.430087
0.570400 -0.147712 0.006845
-0.571122 0.218221 0.223183
0.182574 0.523321 -0.200059
0.069045 0.128688 0.035235
-0.410579 -0.065467 0.304571
0.132069 0.019642 0.068858
-0.347556 -0.174513 0.338194
0.037174 -0.036816 -0.140827
-0.442451 -0.230971 0.128509
0.025139 -0.015994 -0.147247
-0.454485 -0.210149 0.122089
0.433731 0.069201 -0.260651
0.091142 -0.069481 -0.068269
0.351952 0.210699 -0.304280
0.009363 0.072017 -0.111898
0.139628 -0.035612 0.042488
-0.339997 -0.229767 0.311824
0.034956 0.145496 -0.013354
-0.444669 -0.048659 0.255982
-0.288948 -0.559321 0.165165
0.464748 -0.254221 -0.258077
-0.647464 0.060997 -0.026101
0.106232 0.366097 -0.449343
-0.002468 0.080873 -0.126582
-0.482093 -0.113282 0.142754
0.095667 -0.088925 -0.074227
-0.383958 -0.283080 0.195109
-0.260016 -0.554577 0.220107
0.493680 -0.249476 -0.203135
-0.641921 0.106211 0.016362
0.111775 0.411312 -0.406880
-0.602633 0.194704 0.150117
0.151063 0.499805 -0.273125
-0.200875 -0.500434 0.364454
0.552821 -0.195333 -0.058788
0.354766 0.187694 -0.315852
0.012177 0.049012 -0.123470
0.419509 0.075674 -0.281312
0.076920 -0.063008 -0.088930
0.420378 0.242048 -0.159831
0.077789 0.103366 0.032552
0.459502 0.174354 -0.138959
0.116912 0.035672 0.053424
0.396903 0.260456 -0.188364
0.054314 0.121774 0.004019
0.469006 0.135701 -0.149897
0.126417 -0.002981 0.042485
0.106066 0.082148 0.067611
-0.373559 -0.112007 0.336947
0.468298 0.140390 -0.147779
0.125709 0.001708 0.044604
0.399790 0.258925 -0.184327
0.057201 0.120243 0.008055
0.111055 -0.089477 -0.047223
-0.368569 -0.283632 0.222113
-0.001455 0.105193 -0.107247
-0.481080 -0.088962 0.162089
0.002098 0.047499 -0.142509
-0.477527 -0.146656 0.126827
0.075077 -0.078772 -0.103575
-0.404548 -0.272927 0.165761
0.417447 0.245078 -0.162865
0.074858 0.106396 0.029517
0.461149 0.169464 -0.139551
0.118560 0.030782 0.052832
0.064730 0.431791 -0.656379
-0.003788 0.404055 -0.617903
0.547415 -0.403371 -0.398868
0.478897 -0.431107 -0.360392
0.328505 0.740234 0.035689
0.259987 0.712497 0.074166
0.764765 -0.014602 0.268432
0.696247 -0.042339 0.306909
0.079643 0.118491 0.046757
-0.399982 -0.075664 0.316093
0.126591 0.037259 0.071804
-0.353033 -0.156896 0.341140
0.075543 0.278816 -0.747397
0.007025 0.251080 -0.708921
0.452141 -0.372790 -0.546483
0.383624 -0.400526 -0.508007
0.280819 0.741243 -0.048500
0.212301 0.713507 -0.010024
0.761184 -0.089904 0.207772
0.692666 -0.117640 0.246249
0.063433 0.317290 -0.741228
-0.005085 0.289554 -0.702751
0.475273 -0.395292 -0.521513
0.406755 -0.423028 -0.483036
0.470387 0.117823 -0.160326
0.127798 -0.020859 0.032057
0.385779 0.264216 -0.205464
0.043190 0.125534 -0.013081
0.428162 0.071083 -0.269212
0.085573 -0.067599 -0.076829
0.352643 0.201749 -0.309501
0.010054 0.063066 -0.117118
0.128568 0.031391 0.071094
-0.351057 -0.162764 0.340429
0.076127 0.122128 0.043116
-0.403498 -0.072027 0.312452
0.086585 0.110551 0.053395
-0.393040 -0.083604 0.322730
0.122210 0.048910 0.072401
-0.357414 -0.145245 0.341737
0.139654 -0.030578 0.046164
-0.339970 -0.224733 0.315500
0.038124 0.145093 -0.008002
-0.441500 -0.049062 0.261334
-0.189707 -0.232293 0.577635
0.563989 0.072807 0.154393
-0.432970 0.188611 0.447855
0.320726 0.493712 0.024613
0.447615 -0.367409 -0.550665
0.379097 -0.395146 -0.512188
0.078527 0.271202 -0.747572
0.010009 0.243465 -0.709095
0.766931 -0.036083 0.256805
0.698413 -0.063819 0.295282
0.315184 0.745549 0.015799
0.246666 0.717813 0.054276
0.502660 -0.411309 -0.484289
0.434142 -0.439046 -0.445813
0.055779 0.361903 -0.722699
-0.012739 0.334166 -0.684222
-0.647726 0.010703 -0.062825
0.105969 0.315803 -0.486067
-0.320609 -0.555289 0.111691
0.433087 -0.250188 -0.311551
0.085562 -0.085109 -0.089471
-0.394062 -0.279264 0.179865
-0.000961 0.064598 -0.135631
-0.480586 -0.129557 0.133705
-0.536266 -0.347790 -0.122765
0.217430 -0.042690 -0.546007
0.071537 -0.076123 -0.107968
-0.408087 -0.270278 0.161367
0.003451 0.041682 -0.144292
-0.476173 -0.152473 0.125044
0.544492 -0.406067 -0.406017
0.475974 -0.433804 -0.367540
0.062775 0.427419 -0.663011
-0.005743 0.399683 -0.624535
-0.595423 0.201972 0.168196
0.158273 0.507073 -0.255046
-0.195665 -0.489705 0.381465
0.558031 -0.184604 -0.041777
0.133150 -0.069249 0.006705
-0.346474 -0.263404 0.276041
0.013223 0.138254 -0.057276
-0.466402 -0.055901 0.212060
0.351848 0.219209 -0.298330
0.009259 0.080527 -0.105947
0.439075 0.068285 -0.251795
0.096486 -0.070397 -0.059412
0.437227 0.220212 -0.145567
0.094638 0.081530 0.046815
0.447256 0.202860 -0.140217
0.104666 0.064178 0.052165
0.058436 0.136630 0.022067
-0.421189 -0.057525 0.291403
0.136127 0.002206 0.063515
-0.343498 -0.191949 0.332851
0.054975 0.382441 -0.709325
-0.013543 0.354704 -0.670849
0.515508 -0.414394 -0.463632
0.446990 -0.442130 -0.425156
0.498216 -0.409536 -0.490924
0.429698 -0.437272 -0.452448
0.056501 0.354737 -0.726578
-0.012017 0.327000 -0.688101
-0.234459 -0.541162 0.275289
0.519237 -0.236061 -0.147953
-0.631222 0.145335 0.063617
0.122473 0.450436 -0.359625
0.457734 0.179225 -0.138596
0.115145 0.040543 0.053787
0.423285 0.238829 -0.156974
0.080696 0.100147 0.035409
0.272057 0.733160 -0.069929
0.203540 0.705424 -0.031453
0.755325 -0.103008 0.187892
0.686807 -0.130745 0.226368
0.460672 0.078179 -0.206204
0.118083 -0.060503 -0.013822
0.359982 0.252397 -0.259922
0.017393 0.113715 -0.067539
0.434541 0.224242 -0.147445
0.091952 0.085560 0.044938
0.449553 0.198268 -0.139436
0.106964 0.059586 0.052947
0.469880 0.105643 -0.170009
0.127291 -0.033039 0.022373
0.378072 0.264492 -0.218989
0.035483 0.125810 -0.026606
0.414501 0.247913 -0.166068
0.071912 0.109231 0.026314
0.462671 0.164567 -0.140370
0.120082 0.025885 0.052013
0.089992 0.106267 0.056375
-0.389632 -0.087888 0.325711
0.119817 0.054664 0.072286
-0.359808 -0.139491 0.341622
-0.377500 -0.529397 0.029047
0.376196 -0.224296 -0.394195
-0.636469 -0.081318 -0.109113
0.117227 0.223783 -0.532355
0.393211 0.100976 -0.309902
0.050622 -0.037706 -0.117519
0.368358 0.143979 -0.323161
0.025769 0.005297 -0.130779
0.396130 0.669653 0.105236
0.327613 0.641917 0.143712
0.726345 0.098302 0.281404
0.657828 0.070565 0.319881
0.034029 -0.031820 -0.142825
-0.445596 -0.225975 0.126511
0.028004 -0.021395 -0.146039
-0.451620 -0.215550 0.123297
0.366945 0.260104 -0.241967
0.024356 0.121422 -0.049584
0.466136 0.088480 -0.189049
0.123547 -0.050202 0.003334
0.131587 -0.072468 0.001602
-0.348037 -0.266623 0.270938
0.011060 0.136073 -0.062699
-0.468565 -0.058082 0.206637
0.302618 0.747505 -0.005167
0.234100 0.719769 0.033310
0.767051 -0.056075 0.242606
0.698533 -0.083811 0.281083
0.355757 0.182887 -0.317553
0.013168 0.044205 -0.125171
0.416573 0.077661 -0.285108
0.073984 -0.061021 -0.092725
0.380567 0.264644 -0.214436
0.037978 0.125962 -0.022053
0.470196 0.109565 -0.166619
0.127607 -0.029117 0.025764
-0.374023 0.136098 0.514971
0.379673 0.441198 0.091729
-0.217528 -0.134675 0.598461
0.536168 0.170426 0.175219
-0.175577 -0.325837 0.535363
0.578119 -0.020737 0.112121
-0.490565 0.219167 0.367318
0.263131 0.524268 -0.055924
0.451111 0.070259 -0.228940
0.108522 -0.068423 -0.036558
0.354154 0.238017 -0.280666
0.011565 0.099335 -0.088284
0.722452 0.105230 0.279465
0.653934 0.077493 0.317942
0.400144 0.662900 0.107515
0.331627 0.635163 0.145992
0.134552 -0.065790 0.011696
-0.345072 -0.259945 0.281032
0.015523 0.140159 -0.051805
-0.464101 -0.053996 0.217530
-0.194219 -0.212904 0.583577
0.559477 0.092197 0.160335
-0.421172 0.179779 0.462498
0.332524 0.484880 0.039256
0.360887 0.715543 0.075555
0.292369 0.687806 0.114032
0.752096 0.038656 0.284264
0.683579 0.010919 0.322741
-0.182343 -0.270533 0.563182
0.571353 0.034567 0.139940
-0.456374 0.203606 0.416987
0.297322 0.508707 -0.006255
-0.179510 -0.289289 0.554706
0.574186 0.015812 0.131464
-0.467922 0.209733 0.400840
0.285774 0.514833 -0.022402
0.383463 0.688705 0.096411
0.314945 0.660968 0.134888
0.737210 0.076637 0.285134
0.668692 0.048900 0.323610
-0.339525 0.095350 0.547030
0.414171 0.400451 0.123788
-0.240110 -0.076661 0.600068
0.513586 0.228440 0.176826
-0.424684 -0.492396 -0.028304
0.329012 -0.187295 -0.451546
-0.617365 -0.159011 -0.131099
0.136331 0.146090 -0.554341
0.379817 0.121076 -0.319265
0.037228 -0.017607 -0.126883
0.456716 -0.377893 -0.542016
0.388198 -0.405629 -0.503540
0.072737 0.286482 -0.746867
0.004219 0.258746 -0.708391
0.464967 0.085597 -0.193208
0.122378 -0.053085 -0.000825
0.365028 0.258516 -0.246525
0.022439 0.119834 -0.054142
0.534708 -0.411988 -0.427708
0.466190 -0.439724 -0.389232
0.058186 0.412510 -0.681931
-0.010332 0.384774 -0.643455
0.434434 -0.349734 -0.561395
0.365916 -0.377470 -0.522919
0.088481 0.248849 -0.745961
0.019963 0.221113 -0.707484
0.138674 -0.014660 0.055893
-0.340951 -0.208815 0.325229
0.048051 0.142139 0.007547
-0.431573 -0.052016 0.276882
-0.210940 -0.154236 0.596093
0.542756 0.150865 0.172851
-0.385745 0.148219 0.502835
0.367951 0.453320 0.079593
-0.278968 -0.558714 0.183376
0.474728 -0.253613 -0.239866
-0.646199 0.076685 -0.012540
0.107497 0.381786 -0.435782
-0.276062 -0.002646 0.589401
0.477634 0.302455 0.166159
-0.296144 0.032101 0.578688
0.457552 0.337202 0.155446
0.136861 -0.058182 0.021292
-0.342763 -0.252337 0.290628
0.020513 0.143128 -0.040779
-0.459111 -0.051027 0.228556
0.765121 -0.074146 0.226143
0.696603 -0.101882 0.264620
0.291080 0.746059 -0.026756
0.222562 0.718323 0.011721
-0.504845 -0.397712 -0.102798
0.248851 -0.092612 -0.526040
-0.564892 -0.293817 -0.134833
0.188804 0.011284 -0.558075
-0.609366 0.186538 0.132240
0.144330 0.491639 -0.291002
-0.206607 -0.510332 0.347111
0.547089 -0.205231 -0.076131
0.105165 -0.090134 -0.058185
-0.374459 -0.284289 0.211151
-0.002389 0.095961 -0.115565
-0.482014 -0.098194 0.153771
0.043689 -0.046315 -0.136072
-0.435936 -0.240470 0.133264
0.019740 -0.004878 -0.148849
-0.459885 -0.199033 0.120487
0.444868 0.207362 -0.141224
0.102279 0.068680 0.051159
0.439848 0.216049 -0.143902
0.097259 0.077366 0.048481
0.092355 -0.087939 -0.079414
-0.387269 -0.282094 0.189922
-0.002141 0.075562 -0.129828
-0.481766 -0.118593 0.139508
0.538131 -0.410381 -0.420454
0.469613 -0.438117 -0.381978
0.059499 0.417767 -0.675803
-0.009019 0.390031 -0.637326
0.443148 -0.361764 -0.554550
0.374630 -0.389500 -0.516073
0.081684 0.263657 -0.747390
0.013166 0.235921 -0.708913
-0.459821 -0.456061 -0.064683
0.293875 -0.150961 -0.487925
-0.597616 -0.217643 -0.138196
0.156080 0.087457 -0.561438
-0.512419 0.224770 0.332441
0.241277 0.529870 -0.090801
-0.173985 -0.360802 0.512994
0.579711 -0.055701 0.089752
0.467167 0.091557 -0.184993
0.124578 -0.047125 0.007389
0.368972 0.261460 -0.237381
0.026383 0.122777 -0.044998
-0.590082 -0.236998 -0.138732
0.163614 0.068103 -0.561974
-0.471330 -0.442468 -0.075378
0.282366 -0.137367 -0.498620
-0.342886 -0.547761 0.077449
0.410810 -0.242660 -0.345793
-0.644961 -0.025098 -0.083707
0.108735 0.280002 -0.506949
0.411546 0.250545 -0.169433
0.068957 0.111863 0.022950
0.464066 0.159674 -0.141414
0.121477 0.020991 0.050969
0.489150 -0.404896 -0.503723
0.420633 -0.432632 -0.465246
0.058619 0.340028 -0.733410
-0.009899 0.312291 -0.694934
0.119080 -0.086313 -0.030651
-0.360545 -0.280468 0.238685
0.001245 0.117570 -0.093515
-0.478380 -0.076585 0.175820
0.137762 -0.054052 0.025873
-0.341863 -0.248207 0.295208
0.023191 0.144184 -0.035251
-0.456434 -0.049971 0.234085
-0.186865 -0.465864 0.414322
0.566831 -0.160764 -0.008920
-0.579648 0.213745 0.204774
0.174048 0.518846 -0.218468
0.352796 0.230965 -0.288168
0.010207 0.092283 -0.095785
0.446555 0.068740 -0.238148
0.103966 -0.069942 -0.045765
0.009040 0.133624 -0.068062
-0.470585 -0.060531 0.201274
0.129868 -0.075438 -0.003601
-0.349757 -0.269593 0.265735
0.040396 -0.041652 -0.138574
-0.439228 -0.235807 0.130762
0.022382 -0.010483 -0.148184
-0.457242 -0.204638 0.121152
0.431798 0.228128 -0.149530
0.089209 0.089446 0.042853
0.451755 0.193597 -0.138882
0.109166 0.054915 0.053500
0.756754 0.023233 0.281441
0.688236 -0.004503 0.319918
0.351597 0.724253 0.065291
0.283079 0.696517 0.103768
-0.493870 -0.413257 -0.094459
0.259826 -0.108156 -0.517702
-0.573700 -0.275132 -0.137049
0.179996 0.029969 -0.560291
0.124470 0.043104 0.072240
-0.355154 -0.151051 0.341576
0.083132 0.114629 0.050186
-0.396493 -0.079526 0.319522
0.426163 0.235431 -0.154300
0.083574 0.096749 0.038083
0.455851 0.184063 -0.138461
0.113262 0.045381 0.053921
0.484551 -0.402040 -0.509855
0.416033 -0.429777 -0.471379
0.060008 0.332521 -0.736347
-0.008510 0.304784 -0.697871
-0.199270 -0.193399 0.588642
0.554426 0.111702 0.165400
-0.409349 0.170087 0.476566
0.344347 0.475188 0.053324
-0.515587 -0.381593 -0.110308
0.238109 -0.076492 -0.533550
-0.555702 -0.312185 -0.131709
0.197994 -0.007085 -0.554951
0.130395 0.025514 0.070111
-0.349229 -0.168641 0.339447
0.072591 0.125530 0.039273
-0.407034 -0.068625 0.308608
-0.174073 -0.377580 0.500742
0.579623 -0.072480 0.077500
-0.522981 0.226115 0.314601
0.230715 0.531216 -0.108641
0.352224 0.206273 -0.306985
0.009635 0.067591 -0.114603
0.430971 0.070022 -0.264974
0.088382 -0.068660 -0.072591
0.413623 0.079869 -0.288769
0.071034 -0.058813 -0.096386
0.356885 0.178040 -0.319039
0.014296 0.039358 -0.126656
-0.177864 -0.424606 0.460093
0.575832 -0.119505 0.036851
-0.552898 0.224294 0.260013
0.200798 0.529395 -0.163229
0.767199 -0.042934 0.252344
0.698682 -0.070671 0.290820
0.310897 0.746578 0.008908
0.242380 0.718842 0.047385
0.527418 -0.414082 -0.442199
0.458900 -0.441818 -0.403723
0.056224 0.401198 -0.693580
-0.012294 0.373461 -0.655103
0.298645 0.747401 -0.012317
0.230127 0.719665 0.026160
0.766634 -0.062332 0.237353
0.698116 -0.090069 0.275830
0.054938 0.138744 0.017362
-0.424687 -0.055411 0.286698
0.137147 -0.003498 0.061220
-0.342478 -0.197653 0.330556
0.358549 0.249922 -0.264258
0.015960 0.111240 -0.071875
0.458988 0.076138 -0.210674
0.116399 -0.062544 -0.018291
0.373334 0.263458 -0.228171
0.030745 0.124776 -0.035788
0.468810 0.098261 -0.177235
0.126221 -0.040421 0.015148
0.069249 0.439573 -0.642722
0.000731 0.411837 -0.604245
0.552710 -0.396931 -0.384797
0.484192 -0.424668 -0.346320
0.356249 0.720054 0.070549
0.287731 0.692318 0.109026
0.754524 0.030943 0.283027
0.686006 0.003206 0.321504
0.067690 0.301895 -0.744746
-0.000828 0.274158 -0.706269
0.465964 -0.387217 -0.532268
0.397447 -0.414953 -0.493791
0.269504 0.729768 -0.076922
0.200986 0.702032 -0.038445
0.752965 -0.106736 0.181003
0.684447 -0.134473 0.219480
0.353403 0.234576 -0.284484
0.010814 0.095894 -0.092101
0.448880 0.069379 -0.233547
0.106291 -0.069303 -0.041165
0.363225 0.256699 -0.251045
0.020636 0.118017 -0.058662
0.463665 0.082915 -0.197461
0.121076 -0.055767 -0.005078
-0.000111 0.058971 -0.138173
-0.479736 -0.135184 0.131162
0.082098 -0.083271 -0.094315
-0.397527 -0.277426 0.175021
0.055580 0.395169 -0.699072
-0.012938 0.367433 -0.660595
0.523569 -0.414564 -0.449402
0.455051 -0.442301 -0.410925
0.765990 -0.068361 0.231861
0.697472 -0.096097 0.270338
0.294796 0.746919 -0.019519
0.226278 0.719183 0.018957
0.511316 -0.413741 -0.470627
0.442799 -0.441477 -0.432150
0.055014 0.375771 -0.714062
-0.013503 0.348035 -0.675586
-0.269315 -0.557131 0.201705
0.484380 -0.252030 -0.221537
-0.644350 0.091769 0.001626
0.109346 0.396870 -0.421616
0.465329 0.154797 -0.142680
0.122740 0.016115 0.049703
0.408591 0.252968 -0.172949
0.066002 0.114286 0.019433
0.391242 0.262815 -0.196745
0.048653 0.124133 -0.004362
0.469989 0.126564 -0.154733
0.127400 -0.012118 0.037649
-0.299233 -0.558952 0.147118
0.454463 -0.253851 -0.276124
-0.648141 0.044743 -0.039024
0.105555 0.349844 -0.462266
0.064445 -0.070057 -0.116226
-0.415180 -0.264212 0.153110
0.006640 0.029959 -0.147064
-0.472984 -0.164196 0.122272
-0.266512 -0.020652 0.593427
0.487184 0.284449 0.170185
-0.306627 0.048756 0.572026
0.447069 0.353856 0.148784
-0.412865 -0.502924 -0.014848
0.340831 -0.197824 -0.438090
-0.622943 -0.139439 -0.126923
0.130753 0.165662 -0.550165
0.762205 0.000317 0.274629
0.693688 -0.027420 0.313105
0.337663 0.734877 0.048137
0.269145 0.707141 0.086613
0.366363 0.148774 -0.323257
0.023774 0.010092 -0.130874
0.396051 0.097406 -0.307419
0.053462 -0.041276 -0.115036
0.053904 -0.059156 -0.127139
-0.425721 -0.253311 0.142197
0.012565 0.012369 -0.149193
-0.467059 -0.181786 0.120143
-0.248514 -0.057705 0.598767
0.505182 0.247395 0.175525
-0.328344 0.080420 0.556178
0.425352 0.385520 0.132936
0.470617 -0.391416 -0.527010
0.402099 -0.419152 -0.488533
0.065460 0.309604 -0.743160
-0.003058 0.281867 -0.704683
0.370459 0.139240 -0.322836
0.027870 0.000558 -0.130453
0.390416 0.104709 -0.312189
0.047827 -0.033973 -0.119806
0.114653 0.065956 0.071231
-0.364971 -0.128199 0.340567
0.096639 0.097125 0.061621
-0.382985 -0.097030 0.330957
0.007168 0.130910 -0.073352
-0.472457 -0.063245 0.195984
0.127996 -0.078151 -0.008891
-0.351629 -0.272306 0.260445
0.375659 0.264097 -0.223571
0.033070 0.125415 -0.031188
0.469418 0.101872 -0.173551
0.126829 -0.036810 0.018832
-0.242566 -0.546582 0.256945
0.511130 -0.241482 -0.166297
-0.635349 0.133027 0.047396
0.118347 0.438128 -0.375846
0.113845 -0.088711 -0.041702
-0.365780 -0.282866 0.227634
-0.000726 0.109525 -0.102826
-0.480351 -0.084630 0.166510
0.135790 -0.062097 0.016562
-0.343834 -0.256252 0.285898
0.017956 0.141786 -0.046302
-0.461669 -0.052369 0.223034
0.763595 -0.007191 0.271692
0.695077 -0.034927 0.310168
0.333063 0.737733 0.042004
0.264546 0.709997 0.080481
0.358148 0.173164 -0.320305
0.015559 0.034481 -0.127922
0.410667 0.082292 -0.292286
0.068078 -0.056390 -0.099903
-0.177253 -0.307739 0.545426
0.576443 -0.002638 0.122184
-0.479328 0.214924 0.384270
0.274368 0.520025 -0.038972
-0.350884 0.109630 0.537097
0.402812 0.414731 0.113855
-0.232132 -0.095840 0.600450
0.521564 0.209261 0.177208
0.453242 0.071378 -0.224338
0.110653 -0.067305 -0.031955
0.355046 0.241280 -0.276725
0.012457 0.102598 -0.084342
-0.648228 0.027964 -0.051275
0.105468 0.333065 -0.474517
-0.309795 -0.557607 0.129278
0.443901 -0.252506 -0.293964
-0.224598 -0.115194 0.599914
0.529098 0.189907 0.176672
-0.362393 0.123224 0.526401
0.391303 0.428325 0.103159
0.740530 0.069180 0.285671
0.672012 0.041444 0.324148
0.379066 0.694601 0.092831
0.310548 0.666865 0.131308
0.762715 -0.084930 0.214084
0.694197 -0.112667 0.252561
0.284083 0.743218 -0.041264
0.215565 0.715482 -0.002788
0.139177 -0.020089 0.052875
-0.340448 -0.214244 0.322210
0.044680 0.143412 0.002461
-0.434944 -0.050743 0.271797
0.382366 0.116789 -0.317816
0.039777 -0.021894 -0.125434
0.377346 0.125475 -0.320495
0.034757 -0.013207 -0.128112
0.117296 0.060350 0.071896
-0.362329 -0.133805 0.341232
0.093347 0.101788 0.059119
-0.386278 -0.092367 0.328455
0.139425 -0.040488 0.038612
-0.340200 -0.234643 0.307947
0.031870 0.145607 -0.018768
-0.447754 -0.048548 0.250567
-0.615607 0.177495 0.114608
0.138089 0.482596 -0.308634
-0.212848 -0.519376 0.329478
0.540848 -0.214275 -0.093764
-0.257322 -0.039020 0.596552
0.496374 0.266080 0.173310
-0.317369 0.064875 0.564517
0.436327 0.369976 0.141275
0.531134 -0.413222 -0.434963
0.462616 -0.440959 -0.396486
0.057093 0.406983 -0.687862
-0.011425 0.379246 -0.649385
0.116522 -0.087655 -0.036174
-0.363102 -0.281810 0.233162
0.000174 0.113655 -0.098245
-0.479450 -0.080500 0.171091
-0.526070 -0.364938 -0.116969
0.227626 -0.059838 -0.540211
-0.546152 -0.330191 -0.127683
0.207544 -0.025091 -0.550925
-0.176015 -0.409522 0.474259
0.577681 -0.104421 0.051017
-0.543246 0.225877 0.278342
0.210450 0.530978 -0.144900
-0.436469 -0.481056 -0.041117
0.317227 -0.175956 -0.464359
-0.611274 -0.178602 -0.134375
0.142422 0.126499 -0.557617
0.088984 -0.086666 -0.084500
-0.390640 -0.280821 0.184836
-0.001638 0.070133 -0.132847
-0.481263 -0.124023 0.136489
0.733733 0.083988 0.284242
0.665215 0.056251 0.322719
0.387780 0.682571 0.099677
0.319262 0.654835 0.138153
0.764028 -0.079673 0.220213
0.695510 -0.107410 0.258689
0.287506 0.744825 -0.034010
0.218988 0.717088 0.004466
0.457186 0.074321 -0.215193
0.114597 -0.064361 -0.022811
0.357246 0.247240 -0.268511
0.014657 0.108558 -0.076128
0.749476 0.046355 0.285149
0.680959 0.018618 0.323625
0.365498 0.710730 0.080298
0.296980 0.682994 0.118774
0.442397 0.211762 -0.142453
0.099808 0.073079 0.049930
-0.204849 -0.173826 0.592817
0.548847 0.131274 0.169575
-0.397530 0.159558 0.490023
0.356166 0.464659 0.066781
-0.582103 -0.256176 -0.138349
0.171593 0.048925 -0.561591
-0.482689 -0.428188 -0.085312
0.271007 -0.123087 -0.508554
0.085004 0.256200 -0.746852
0.016486 0.228464 -0.708376
0.438751 -0.355867 -0.558130
0.370233 -0.383604 -0.519653
-0.354292 -0.542570 0.060879
0.399404 -0.237469 -0.362363
-0.642704 -0.043548 -0.092988
0.110992 0.261552 -0.516230
-0.365840 -0.536443 0.044731
0.387856 -0.231343 -0.378511
-0.639871 -0.062304 -0.101463
0.113825 0.242797 -0.524705
0.070117 0.294181 -0.745983
0.001600 0.266445 -0.707506
0.461327 -0.382706 -0.537274
0.392809 -0.410442 -0.498797
-0.401042 -0.512617 -0.000780
0.352654 -0.207516 -0.424022
-0.627995 -0.119933 -0.121858
0.125701 0.185167 -0.545100
0.121512 -0.084687 -0.025148
-0.358112 -0.278842 0.244188
0.002483 0.121262 -0.088649
-0.477142 -0.072893 0.180687
0.422069 -0.330063 -0.569234
0.353551 -0.357799 -0.530757
0.099762 0.227607 -0.741184
0.031244 0.199871 -0.702707
0.468060 0.094820 -0.181052
0.125471 -0.043862 0.011330
0.371103 0.262578 -0.232778
0.028514 0.123896 -0.040396
-0.331649 -0.552004 0.094400
0.422047 -0.246904 -0.328842
-0.646636 -0.007000 -0.073645
0.107060 0.298101 -0.496887
-0.604685 -0.198162 -0.136742
0.149010 0.106939 -0.559984
-0.448191 -0.468935 -0.053253
0.305505 -0.163834 -0.476495
0.352018 0.223272 -0.295099
0.009429 0.084590 -0.102717
0.441647 0.068193 -0.247283
0.099057 -0.070489 -0.054900
0.405641 0.255176 -0.176610
0.063052 0.116494 0.015772
0.466457 0.149950 -0.144165
0.123868 0.011268 0.048217
0.055163 0.388912 -0.704325
-0.013355 0.361176 -0.665848
0.519596 -0.414668 -0.456552
0.451078 -0.442405 -0.418075
0.125976 -0.080600 -0.014254
-0.353649 -0.274755 0.255082
0.005448 0.127941 -0.078555
-0.474176 -0.066214 0.190781
0.356078 0.244357 -0.272670
0.013489 0.105675 -0.080287
0.455269 0.072733 -0.219752
0.112680 -0.065949 -0.027369
0.109031 0.076868 0.069086
-0.370593 -0.117287 0.338422
0.103007 0.087292 0.065872
-0.376618 -0.106863 0.335208
0.095868 0.234536 -0.743123
0.027351 0.206799 -0.704646
0.426083 -0.336816 -0.566954
0.357566 -0.364552 -0.528478
0.453856 0.188858 -0.138557
0.111267 0.050176 0.053826
0.429002 0.231861 -0.151817
0.086413 0.093179 0.040566
-0.185745 -0.251519 0.570831
0.567951 0.053582 0.147589
-0.444714 0.196560 0.432672
0.308982 0.501661 0.009430
0.017219 0.000809 -0.149239
-0.462406 -0.193346 0.120097
0.047043 -0.050794 -0.133328
-0.432581 -0.244949 0.136008
0.359542 0.168270 -0.321349
0.016953 0.029588 -0.128966
0.407713 0.084924 -0.295650
0.065124 -0.053758 -0.103267
0.444142 0.068345 -0.242730
0.101553 -0.070337 -0.050347
0.352334 0.227194 -0.291709
0.009745 0.088512 -0.099326
0.372661 0.134569 -0.322282
0.030072 -0.004113 -0.129900
0.387672 0.108595 -0.314274
0.045083 -0.030087 -0.121891
0.462232 0.080440 -0.201796
0.119643 -0.058242 -0.009414
0.361542 0.254658 -0.255514
0.018953 0.115976 -0.063131
0.066889 0.435846 -0.649610
-0.001629 0.408109 -0.611134
0.550156 -0.400323 -0.391789
0.481639 -0.428059 -0.353312
0.398928 0.094008 -0.304745
0.056339 -0.044674 -0.112362
0.364480 0.153612 -0.323123
0.021891 0.014930 -0.130740
-0.190991 -0.478172 0.398102
0.562705 -0.173071 -0.025140
-0.587755 0.208325 0.186430
0.165941 0.513425 -0.236812
0.765712 -0.021900 0.264859
0.697195 -0.049636 0.303336
0.323998 0.742373 0.029206
0.255480 0.714637 0.067682
0.306706 0.747231 0.001914
0.238188 0.719494 0.040390
0.767239 -0.049604 0.247607
0.698721 -0.077340 0.286083
0.000909 0.053267 -0.140468
-0.478716 -0.140888 0.128868
0.078600 -0.081157 -0.099020
-0.401025 -0.275312 0.170315
0.374958 0.129977 -0.321501
0.032369 -0.008705 -0.129119
0.384987 0.112625 -0.316151
0.042398 -0.026057 -0.123768
0.383138 0.264552 -0.209924
0.040549 0.125870 -0.017541
0.470365 0.113628 -0.163389
0.127776 -0.025054 0.028994
0.123813 -0.082781 -0.019677
-0.355812 -0.276936 0.249658
0.003885 0.124722 -0.083658
-0.475739 -0.069433 0.185678
-0.626549 0.156868 0.080254
0.127147 0.461968 -0.342988
-0.226791 -0.534810 0.293523
0.526905 -0.229709 -0.129719
0.759439 -0.094582 0.201293
0.690921 -0.122319 0.239769
0.277722 0.738904 -0.055702
0.209204 0.711168 -0.017225
0.133584 0.013791 0.067339
-0.346040 -0.180364 0.336675
0.065498 0.131596 0.031015
-0.414126 -0.062559 0.300351
-0.285947 0.014953 0.584484
0.467748 0.320054 0.161242
0.137997 -0.009125 0.058678
-0.341628 -0.203280 0.328013
0.051473 0.140582 0.012518
-0.428151 -0.053573 0.281853
-0.501604 0.222452 0.350028
0.252091 0.527553 -0.073214
-0.174487 -0.343540 0.524543
0.579209 -0.038439 0.101301
0.766435 -0.029066 0.260980
0.697917 -0.056802 0.299457
0.319554 0.744146 0.022571
0.251036 0.716410 0.061047
0.507030 -0.412712 -0.477518
0.438512 -0.440449 -0.439041
0.055283 0.368920 -0.718524
-0.013235 0.341183 -0.680047
0.743686 0.061635 0.285853
0.675169 0.033899 0.324330
0.374598 0.700246 0.088946
0.306081 0.672510 0.127423
-0.389244 -0.521448 0.013864
0.364452 -0.216347 -0.409378
-0.632507 -0.100544 -0.115917
0.121189 0.204557 -0.539159
0.098911 -0.089620 -0.068951
-0.380713 -0.283775 0.200385
-0.002619 0.086051 -0.123117
-0.482243 -0.108104 0.146219
0.014825 0.006563 -0.149354
-0.464799 -0.187592 0.119982
0.050451 -0.055078 -0.130348
-0.429174 -0.249233 0.138988
0.060909 -0.066655 -0.120069
-0.418716 -0.260810 0.149266
0.008468 0.024082 -0.148047
-0.471157 -0.170073 0.121289
0.469570 0.131089 -0.152218
0.126981 -0.007594 0.040165
0.394052 0.261754 -0.192507
0.051462 0.123072 -0.000124
0.436435 0.068622 -0.256255
0.093846 -0.070061 -0.063872
0.351826 0.215014 -0.301393
0.009237 0.076332 -0.109010
0.346941 0.728129 0.059794
0.278423 0.700393 0.098271
0.758781 0.015547 0.279509
0.690263 -0.012189 0.317986
0.061030 0.422741 -0.669491
-0.007488 0.395005 -0.631014
0.541395 -0.408406 -0.413218
0.472877 -0.436142 -0.374742
0.370072 0.705627 0.084765
0.301555 0.677891 0.123241
0.746671 0.054021 0.285679
0.678153 0.026284 0.324155
0.010444 0.018213 -0.148757
-0.469180 -0.175942 0.120579
0.057393 -0.063018 -0.123710
-0.422232 -0.257173 0.145626
0.057449 0.347439 -0.730151
-0.011069 0.319703 -0.691674
0.493709 -0.407396 -0.497408
0.425191 -0.435133 -0.458931
0.274799 0.736208 -0.062850
0.206281 0.708472 -0.024374
0.757484 -0.098954 0.194660
0.688966 -0.126690 0.233137
0.361065 0.163373 -0.322168
0.018476 0.024691 -0.129785
0.404766 0.087759 -0.298853
0.062177 -0.050923 -0.106471
0.061959 0.134245 0.026622
-0.417666 -0.059910 0.295958
0.134938 0.007974 0.065556
-0.344687 -0.186181 0.334892
0.138491 -0.049720 0.030293
-0.341134 -0.243875 0.299629
0.025980 0.144950 -0.029730
-0.453644 -0.049205 0.239605
0.422424 0.073912 -0.277391
0.079835 -0.064770 -0.085009
0.353916 0.192447 -0.313940
0.011327 0.053765 -0.121557
0.030970 -0.026675 -0.144564
-0.448655 -0.220830 0.124772
0.353208 0.197136 -0.311821
0.010619 0.058454 -0.119438
0.425311 0.072381 -0.273354
0.082722 -0.066301 -0.080972
0.362712 0.158483 -0.322760
0.020123 0.019801 -0.130377
0.401836 0.090790 -0.301887
0.059247 -0.047893 -0.109505
0.402705 0.257163 -0.180406
0.060116 0.118481 0.011977
0.467447 0.145143 -0.145866
0.124858 0.006461 0.046516
-0.621339 0.167596 0.097265
0.132357 0.472697 -0.325977
-0.219581 -0.527541 0.311601
0.534115 -0.222441 -0.111641
-0.180293 -0.439048 0.445357
0.573403 -0.133947 0.022115
-0.562198 0.221740 0.241612
0.191498 0.526841 -0.181630
0.041369 0.144398 -0.002726
-0.438256 -0.049757 0.266610
0.139504 -0.025400 0.049629
-0.340121 -0.219555 0.318965
-0.174750 -0.393834 0.487820
0.578946 -0.088733 0.064578
-0.533266 0.226484 0.296553
0.220430 0.531585 -0.126689
0.102080 -0.090024 -0.063599
-0.377545 -0.284179 0.205737
-0.002592 0.091085 -0.119441
-0.482217 -0.103070 0.149894
0.470262 0.122138 -0.157438
0.127673 -0.016544 0.034944
0.388482 0.263636 -0.201067
0.045893 0.124954 -0.008684
0.111896 0.071466 0.070294
-0.367728 -0.122689 0.339630
0.099862 0.092289 0.063874
-0.379763 -0.101866 0.333209
0.004967 0.035830 -0.145811
-0.474658 -0.158325 0.123524
0.067990 -0.073215 -0.112189
-0.411634 -0.267370 0.157147
-0.251092 -0.551058 0.238535
0.502604 -0.245957 -0.184707
-0.638918 0.119975 0.031631
0.114778 0.425076 -0.391611
0.430208 -0.343378 -0.564339
0.361690 -0.371115 -0.525863
0.092105 0.241622 -0.744716
0.023587 0.213885 -0.706240
0.108160 -0.089952 -0.052721
-0.371465 -0.284107 0.216614
-0.002010 0.100668 -0.111496
-0.481635 -0.093488 0.157839
0.342293 0.731673 0.054072
0.273775 0.703937 0.092548
0.760599 0.007902 0.277237
0.692082 -0.019834 0.315713

Edges:
0 1
2 3
4 5
6 7
8 9
10 11
12 13
14 15
16 17
18 19
20 21
22 23
24 25
26 27
28 29
30 31
32 33
34 35
27 36
36 37
25 38
38 39
40 41
42 43
44 45
46 47
48 49
50 51
52 53
54 55
56 57
58 59
60 61
58 62
59 62
59 63
62 63
56 64
56 65
57 65
64 65
66 67
42 69
68 69
70 71
51 72
72 73
52 74
53 74
53 75
74 75
54 76
54 77
55 77
76 77
26 78
78 79
24 80
80 81
56 82
82 83
58 84
84 85
53 86
75 86
86 87
55 88
88 89
48 90
90 91
50 92
92 93
94 95
96 97
0 98
1 98
1 99
98 99
2 100
2 101
3 101
100 101
28 103
102 103
104 105
106 107
108 109
55 110
77 110
88 110
88 111
89 111
110 111
75 112
86 112
87 112
87 113
112 113
114 115
116 117
28 118
29 118
103 118
29 119
118 119
30 120
105 120
30 121
31 121
120 121
9 123
122 123
11 125
124 125
50 126
92 126
92 127
93 127
126 127
48 128
90 128
91 128
91 129
128 129
58 130
130 131
56 132
132 133
134 135
136 137
37 138
79 139
138 139
39 140
81 141
140 141
107 142
142 143
144 145
146 147
72 148
72 149
73 149
148 149
70 150
71 150
71 151
150 151
24 152
80 152
80 153
81 153
141 153
152 153
26 154
78 154
79 154
79 155
139 155
154 155
44 156
45 156
45 157
156 157
46 158
46 159
47 159
158 159
46 161
158 161
160 161
156 163
162 163
164 165
166 167
168 169
170 171
65 172
124 173
172 173
174 175
108 176
176 177
106 178
178 179
134 180
134 181
135 181
180 181
136 182
137 182
137 183
182 183
184 185
186 187
54 188
55 188
55 189
88 189
188 189
52 190
52 191
53 191
114 191
190 191
192 193
102 194
194 195
196 197
198 199
168 200
169 200
169 201
200 201
170 202
170 203
171 203
202 203
4 205
204 205
6 207
206 207
74 208
75 208
75 209
112 209
208 209
76 210
18 211
76 211
77 211
210 211
114 212
114 213
115 213
212 213
116 214
117 214
117 215
214 215
93 217
127 217
216 217
71 218
91 219
129 219
218 219
220 221
222 223
10 224
10 225
11 225
125 225
224 225
8 226
9 226
9 227
226 227
20 228
20 229
21 229
146 229
228 229
22 230
23 230
23 231
230 231
232 233
160 235
234 235
160 236
46 237
160 237
161 237
236 237
162 238
163 238
44 239
156 239
163 239
238 239
240 241
242 243
48 244
49 244
49 245
70 245
244 245
50 246
126 246
50 247
51 247
72 247
148 247
246 247
206 248
30 249
206 249
207 249
248 249
204 250
205 250
4 251
205 251
250 251
87 252
113 252
252 253
89 254
254 255
97 257
256 257
95 259
258 259
260 261
262 263
54 264
76 264
170 264
188 264
202 264
210 264
226 264
227 264
227 265
255 265
264 265
52 266
74 266
168 266
190 266
200 266
208 266
224 266
264 266
265 266
224 267
225 267
253 267
265 267
266 267
160 268
161 268
235 268
158 269
161 269
268 269
162 270
233 270
162 271
163 271
270 271
19 272
122 272
9 273
122 273
123 273
227 273
272 273
124 274
125 274
125 275
225 275
267 275
274 275
276 277
62 278
278 279
175 280
280 281
277 283
282 283
280 284
281 284
85 285
131 285
281 285
284 285
282 286
83 287
133 287
282 287
283 287
286 287
125 289
288 289
123 291
290 291
115 292
213 292
267 293
292 293
215 294
265 295
294 295
296 297
298 299
230 301
300 301
50 302
92 302
93 302
93 303
217 303
302 303
48 304
90 304
90 305
91 305
219 305
304 305
234 306
160 307
234 307
235 307
236 307
306 307
232 308
233 308
162 309
233 309
270 309
308 309
310 311
312 313
246 314
314 315
244 316
316 317
59 318
256 319
318 319
286 321
320 321
89 322
111 322
254 322
255 322
255 323
265 323
322 323
113 324
252 324
252 325
253 325
267 325
324 325
32 326
67 326
32 327
33 327
326 327
34 328
35 328
35 329
328 329
61 330
265 331
330 331
267 333
332 333
12 335
334 335
14 337
336 337
257 339
338 339
259 341
340 341
342 343
23 344
344 345
44 346
44 347
45 347
346 347
46 348
47 348
237 348
47 349
348 349
32 351
350 351
165 352
34 353
328 353
352 353
221 354
342 355
354 355
356 357
170 358
171 358
264 358
171 359
358 359
168 360
266 360
60 361
168 361
169 361
360 361
25 362
38 362
38 363
39 363
362 363
36 364
37 364
109 364
37 365
138 365
364 365
310 366
311 366
311 367
366 367
312 368
312 369
313 369
368 369
126 370
246 370
126 371
127 371
217 371
370 371
48 372
128 372
129 372
244 372
129 373
372 373
374 375
376 377
31 378
121 378
193 379
378 379
119 380
380 381
234 382
235 382
235 383
268 383
382 383
232 384
232 385
233 385
336 385
384 385
376 386
376 387
377 387
386 387
374 388
375 388
375 389
388 389
363 390
179 391
390 391
145 392
177 393
392 393
208 394
209 394
224 394
266 394
16 395
209 395
394 395
210 396
264 396
18 397
210 397
211 397
396 397
398 399
400 401
402 403
263 404
186 405
404 405
334 406
335 406
12 407
335 407
406 407
336 408
336 409
337 409
408 409
12 410
13 410
335 410
13 411
410 411
14 412
271 412
14 413
15 413
412 413
68 415
414 415
66 417
416 417
199 418
238 418
239 418
44 419
239 419
346 419
418 419
236 420
236 421
237 421
348 421
420 421
20 422
21 422
354 422
21 423
342 423
354 423
355 423
422 423
22 424
356 424
357 424
22 425
23 425
344 425
357 425
424 425
200 426
201 426
266 426
201 427
426 427
202 428
264 428
202 429
203 429
214 429
428 429
62 430
281 431
430 431
64 432
283 433
432 433
342 434
355 434
342 435
343 435
434 435
344 436
345 436
357 436
425 436
345 437
436 437
88 438
89 438
116 438
189 438
89 439
116 439
117 439
254 439
438 439
53 440
86 440
114 440
115 440
191 440
86 441
87 441
115 441
440 441
190 442
266 442
114 443
190 443
191 443
212 443
442 443
188 444
189 444
264 444
116 445
189 445
438 445
444 445
2 446
3 446
398 446
3 447
398 447
399 447
446 447
0 448
400 448
401 448
0 449
1 449
401 449
448 449
19 450
272 450
227 451
265 451
272 451
273 451
450 451
17 452
274 452
275 452
267 453
275 453
452 453
21 454
342 454
343 454
423 454
343 455
454 455
23 456
231 456
344 456
344 457
345 457
456 457
18 458
19 458
77 458
110 458
211 458
19 459
110 459
111 459
450 459
458 459
16 460
112 460
113 460
209 460
395 460
16 461
17 461
113 461
324 461
460 461
29 462
119 462
380 462
381 462
381 463
462 463
31 464
378 464
378 465
379 465
464 465
26 466
27 466
108 466
312 466
368 466
27 467
36 467
108 467
109 467
364 467
466 467
24 468
106 468
107 468
310 468
366 468
24 469
25 469
107 469
362 469
468 469
246 470
148 471
246 471
247 471
470 471
244 472
245 472
70 473
150 473
245 473
472 473
5 474
474 475
409 476
476 477
58 478
130 478
130 479
131 479
285 479
478 479
56 480
132 480
133 480
133 481
287 481
480 481
106 482
391 483
482 483
108 484
466 484
393 485
484 485
240 486
241 486
241 487
486 487
242 488
242 489
243 489
488 489
57 490
65 490
172 490
173 490
173 491
282 491
490 491
63 492
174 492
174 493
175 493
280 493
284 493
492 493
198 494
199 494
199 495
494 495
196 496
196 497
197 497
496 497
408 499
498 499
334 501
406 501
500 501
164 502
198 502
262 502
414 502
494 502
35 503
43 503
139 503
187 503
329 503
502 503
24 504
166 504
196 504
260 504
416 504
496 504
33 505
41 505
185 505
327 505
349 505
504 505
64 506
276 506
277 506
432 506
277 507
283 507
432 507
433 507
506 507
62 508
278 508
430 508
431 508
278 509
279 509
281 509
431 509
508 509
219 511
510 511
50 512
512 513
104 514
192 514
193 514
206 514
232 514
248 514
308 514
384 514
498 514
502 514
15 515
45 515
157 515
193 515
347 515
379 515
413 515
465 515
477 515
502 515
503 515
514 515
102 516
194 516
196 516
204 516
234 516
250 516
306 516
382 516
500 516
504 516
505 516
13 517
47 517
159 517
194 517
195 517
349 517
381 517
411 517
463 517
475 517
505 517
516 517
262 518
263 518
414 518
502 518
263 519
414 519
415 519
518 519
260 520
416 520
417 520
504 520
66 521
260 521
261 521
417 521
520 521
308 522
309 522
514 522
162 523
238 523
309 523
522 523
306 524
516 524
236 525
306 525
307 525
420 525
524 525
49 526
144 526
145 526
145 527
526 527
142 528
142 529
143 529
216 529
528 529
108 530
484 530
485 530
393 531
485 531
530 531
106 532
482 532
391 533
482 533
483 533
532 533
338 534
339 534
488 534
339 535
488 535
489 535
534 535
340 536
486 536
487 536
259 537
340 537
341 537
487 537
536 537
178 538
178 539
179 539
391 539
538 539
108 540
176 540
177 540
177 541
393 541
540 541
40 542
41 542
67 542
326 542
41 543
326 543
327 543
505 543
542 543
42 544
69 544
328 544
329 544
42 545
43 545
329 545
503 545
544 545
226 546
264 546
396 546
396 547
397 547
546 547
10 548
224 548
394 548
395 548
16 549
395 549
548 549
94 550
340 550
536 550
320 551
550 551
96 552
338 552
534 552
552 553
32 554
33 554
351 554
33 555
505 555
554 555
34 556
34 557
35 557
503 557
556 557
296 559
558 559
298 561
560 561
330 562
331 562
265 563
331 563
562 563
332 564
267 565
332 565
333 565
564 565
149 566
296 566
296 567
297 567
566 567
298 568
299 568
561 568
299 569
568 569
58 570
62 570
281 571
285 571
570 571
56 572
64 572
287 573
572 573
222 574
222 575
223 575
574 575
220 576
221 576
221 577
576 577
374 579
388 579
578 579
575 580
376 581
580 581
294 582
265 583
294 583
295 583
582 583
213 584
292 584
293 584
267 585
293 585
584 585
100 586
512 586
513 586
100 587
101 587
513 587
586 587
98 588
99 588
510 588
99 589
510 589
511 589
588 589
222 590
223 590
223 591
356 591
590 591
220 592
220 593
221 593
354 593
422 593
592 593
171 594
203 594
582 595
594 595
201 596
427 596
564 597
596 597
199 598
418 598
419 598
495 598
346 599
419 599
598 599
197 600
420 600
420 601
421 601
600 601
206 602
207 602
498 602
514 602
6 603
207 603
498 603
499 603
602 603
204 604
500 604
501 604
516 604
204 605
205 605
406 605
501 605
604 605
184 606
185 606
403 606
185 607
505 607
606 607
186 608
405 608
186 609
187 609
503 609
608 609
66 610
67 610
261 610
521 610
40 611
67 611
542 611
610 611
68 612
415 612
519 612
42 613
68 613
69 613
612 613
268 614
269 614
334 614
383 614
269 615
334 615
335 615
410 615
614 615
233 616
270 616
336 616
337 616
385 616
14 617
270 617
271 617
337 617
412 617
616 617
58 618
84 618
85 618
570 618
85 619
285 619
570 619
571 619
618 619
56 620
82 620
572 620
573 620
82 621
83 621
287 621
573 621
620 621
472 622
473 622
150 623
473 623
622 623
470 624
470 625
471 625
558 625
624 625
256 626
284 626
285 626
319 626
243 627
256 627
257 627
285 627
339 627
489 627
535 627
626 627
258 628
259 628
286 628
321 628
241 629
259 629
286 629
287 629
481 629
487 629
537 629
628 629
115 630
292 630
441 630
267 631
292 631
293 631
630 631
117 632
215 632
294 632
295 632
265 633
295 633
632 633
260 634
261 634
504 634
261 635
402 635
634 635
262 636
502 636
262 637
263 637
404 637
636 637
37 638
138 638
139 638
556 638
139 639
503 639
556 639
557 639
638 639
140 640
554 640
555 640
140 641
141 641
505 641
555 641
640 641
117 642
254 642
439 642
632 642
633 642
254 643
255 643
265 643
633 643
642 643
87 644
252 644
253 644
441 644
630 644
253 645
267 645
630 645
631 645
644 645
290 646
123 647
290 647
291 647
646 647
288 648
289 648
125 649
289 649
648 649
96 650
97 650
552 650
97 651
257 651
650 651
94 652
550 652
94 653
95 653
259 653
652 653
318 654
553 654
256 655
318 655
319 655
654 655
320 656
321 656
551 656
258 657
321 657
628 657
656 657
300 658
301 658
228 659
301 659
658 659
300 660
22 661
230 661
300 661
301 661
660 661
203 662
214 662
215 662
429 662
594 662
215 663
294 663
582 663
594 663
595 663
662 663
212 664
427 664
596 664
597 664
212 665
213 665
584 665
597 665
664 665
4 666
5 666
28 666
251 666
5 667
28 667
29 667
666 667
6 668
30 668
31 668
207 668
249 668
6 669
7 669
31 669
464 669
668 669
346 670
599 670
346 671
347 671
503 671
515 671
670 671
348 672
349 672
421 672
601 672
349 673
505 673
672 673
562 674
563 674
582 674
595 674
265 675
563 675
582 675
583 675
674 675
564 676
584 676
585 676
597 676
665 676
267 677
564 677
565 677
585 677
676 677
106 678
310 678
468 678
482 678
483 678
310 679
311 679
483 679
678 679
312 680
313 680
466 680
484 680
313 681
484 681
485 681
680 681
261 682
402 682
610 682
611 682
635 682
40 683
402 683
403 683
611 683
682 683
263 684
404 684
405 684
519 684
612 684
405 685
608 685
612 685
613 685
684 685
21 686
146 686
229 686
454 686
455 686
146 687
147 687
455 687
686 687
146 688
147 688
231 688
456 688
147 689
456 689
457 689
688 689
5 690
474 690
667 690
474 691
475 691
517 691
690 691
7 692
476 692
477 692
477 693
515 693
692 693
296 694
297 694
559 694
297 695
694 695
298 696
298 697
299 697
696 697
107 698
142 698
143 698
362 698
469 698
143 699
362 699
363 699
390 699
698 699
109 700
144 700
364 700
365 700
144 701
145 701
365 701
392 701
700 701
8 702
290 702
291 702
8 703
9 703
123 703
291 703
702 703
10 704
11 704
288 704
11 705
125 705
288 705
289 705
704 705
338 706
552 706
650 706
651 706
257 707
338 707
339 707
651 707
706 707
340 708
341 708
550 708
652 708
259 709
341 709
652 709
653 709
708 709
496 710
504 710
496 711
497 711
710 711
494 712
495 712
502 712
495 713
712 713
278 714
279 714
279 715
714 715
276 716
276 717
277 717
716 717
264 718
266 718
358 718
359 718
360 718
60 719
359 719
360 719
361 719
718 719
111 720
322 720
323 720
450 720
459 720
265 721
323 721
450 721
451 721
720 721
17 722
324 722
452 722
453 722
461 722
267 723
324 723
325 723
453 723
722 723
357 724
386 724
436 724
437 724
386 725
387 725
437 725
724 725
388 726
389 726
434 726
389 727
434 727
435 727
726 727
244 728
316 728
372 728
373 728
316 729
317 729
373 729
728 729
246 730
314 730
315 730
370 730
315 731
370 731
371 731
730 731
143 732
390 732
391 732
699 732
135 733
181 733
391 733
399 733
447 733
539 733
732 733
145 734
392 734
527 734
137 735
183 735
392 735
393 735
401 735
449 735
541 735
734 735
143 736
216 736
529 736
732 736
733 736
3 737
101 737
216 737
217 737
447 737
513 737
587 737
733 737
736 737
218 738
219 738
527 738
734 738
1 739
99 739
219 739
449 739
511 739
589 739
734 739
735 739
738 739
48 740
304 740
510 740
511 740
219 741
304 741
305 741
511 741
740 741
50 742
302 742
303 742
512 742
217 743
303 743
512 743
513 743
737 743
742 743
73 744
149 744
566 744
566 745
567 745
744 745
151 746
568 746
569 746
569 747
746 747
402 748
403 748
711 748
184 749
403 749
606 749
748 749
404 750
637 750
186 751
404 751
405 751
750 751
220 752
300 752
576 752
592 752
624 752
658 752
660 752
147 753
297 753
343 753
375 753
389 753
435 753
455 753
567 753
687 753
695 753
727 753
745 753
752 753
222 754
472 754
574 754
590 754
622 754
660 754
752 754
147 755
299 755
345 755
377 755
387 755
437 755
457 755
569 755
689 755
697 755
725 755
752 755
753 755
754 755
382 756
383 756
500 756
516 756
334 757
383 757
500 757
501 757
614 757
756 757
384 758
498 758
499 758
514 758
336 759
384 759
385 759
408 759
499 759
758 759
39 760
140 760
141 760
363 760
390 760
141 761
311 761
367 761
390 761
391 761
483 761
679 761
760 761
138 762
365 762
392 762
393 762
701 762
138 763
139 763
313 763
369 763
393 763
485 763
681 763
762 763
376 764
377 764
581 764
696 764
377 765
696 765
697 765
755 765
764 765
374 766
694 766
695 766
374 767
375 767
695 767
753 767
766 767
164 768
502 768
164 769
165 769
352 769
768 769
166 770
167 770
504 770
167 771
350 771
770 771
10 772
288 772
548 772
549 772
648 772
704 772
549 773
772 773
8 774
226 774
290 774
546 774
646 774
702 774
174 775
546 775
547 775
774 775
108 776
176 776
530 776
531 776
176 777
177 777
393 777
531 777
776 777
106 778
178 778
179 778
532 778
179 779
391 779
532 779
533 779
778 779
197 780
497 780
600 780
600 781
601 781
780 781
495 782
598 782
599 782
713 782
599 783
670 783
782 783
502 784
636 784
712 784
713 784
636 785
637 785
713 785
750 785
784 785
504 786
634 786
635 786
710 786
402 787
635 787
710 787
711 787
748 787
786 787
60 788
359 788
719 788
60 789
61 789
330 789
562 789
788 789
60 790
61 790
169 790
361 790
61 791
332 791
790 791
244 792
472 792
754 792
569 793
747 793
754 793
755 793
792 793
470 794
624 794
752 794
753 794
745 795
753 795
794 795
264 796
428 796
444 796
445 796
116 797
214 797
428 797
429 797
445 797
796 797
266 798
426 798
427 798
442 798
212 799
427 799
442 799
443 799
664 799
798 799
122 800
123 800
175 800
280 800
123 801
279 801
280 801
281 801
509 801
715 801
800 801
124 802
173 802
282 802
283 802
491 802
124 803
125 803
277 803
283 803
649 803
717 803
802 803
223 804
356 804
591 804
356 805
357 805
386 805
724 805
804 805
221 806
354 806
355 806
577 806
355 807
434 807
726 807
806 807
622 808
623 808
754 808
560 809
623 809
808 809
624 810
752 810
558 811
624 811
625 811
810 811
416 812
504 812
770 812
771 812
350 813
416 813
417 813
771 813
812 813
414 814
415 814
502 814
768 814
68 815
415 815
768 815
769 815
814 815
590 816
591 816
754 816
356 817
424 817
591 817
816 817
592 818
752 818
20 819
422 819
592 819
593 819
818 819
196 820
197 820
516 820
524 820
197 821
420 821
524 821
525 821
600 821
820 821
198 822
502 822
514 822
522 822
523 822
198 823
199 823
238 823
418 823
523 823
822 823
26 824
78 824
502 824
503 824
78 825
79 825
139 825
503 825
824 825
24 826
80 826
81 826
504 826
81 827
141 827
504 827
505 827
641 827
826 827
576 828
577 828
752 828
577 829
578 829
828 829
574 830
754 830
574 831
575 831
580 831
830 831
158 832
269 832
410 832
411 832
615 832
158 833
159 833
411 833
517 833
832 833
156 834
157 834
163 834
271 834
412 834
157 835
412 835
413 835
515 835
834 835
58 836
84 836
84 837
85 837
285 837
836 837
56 838
82 838
83 838
83 839
287 839
838 839
240 840
480 840
481 840
240 841
241 841
481 841
629 841
840 841
242 842
243 842
478 842
243 843
285 843
478 843
479 843
627 843
842 843
49 844
70 844
245 844
526 844
527 844
70 845
71 845
218 845
527 845
738 845
844 845
51 846
72 846
73 846
528 846
73 847
216 847
528 847
529 847
846 847
660 848
754 848
816 848
817 848
22 849
424 849
660 849
661 849
817 849
848 849
658 850
659 850
752 850
818 850
20 851
228 851
659 851
818 851
819 851
850 851
104 852
105 852
248 852
514 852
30 853
105 853
120 853
248 853
249 853
852 853
102 854
250 854
251 854
516 854
28 855
102 855
103 855
251 855
666 855
854 855
497 856
711 856
748 856
749 856
780 856
184 857
749 857
780 857
781 857
856 857
713 858
750 858
782 858
783 858
785 858
750 859
751 859
783 859
858 859
186 860
187 860
751 860
859 860
187 861
503 861
860 861
184 862
781 862
857 862
184 863
185 863
505 863
862 863
96 864
96 865
97 865
864 865
94 866
95 866
95 867
866 867
18 868
397 868
547 868
18 869
19 869
122 869
272 869
868 869
16 870
17 870
549 870
773 870
17 871
274 871
452 871
870 871
61 872
330 872
332 872
333 872
791 872
265 873
267 873
330 873
331 873
333 873
872 873
59 874
63 874
318 874
319 874
492 874
284 875
319 875
492 875
493 875
626 875
874 875
57 876
320 876
490 876
491 876
282 877
286 877
320 877
321 877
491 877
876 877
121 878
258 878
378 878
379 878
95 879
193 879
258 879
259 879
379 879
867 879
878 879
256 880
257 880
380 880
655 880
97 881
195 881
257 881
380 881
381 881
517 881
865 881
880 881
58 882
130 882
131 882
836 882
131 883
285 883
836 883
837 883
882 883
56 884
132 884
838 884
839 884
132 885
133 885
287 885
839 885
884 885
134 886
135 886
538 886
135 887
538 887
539 887
733 887
886 887
136 888
540 888
541 888
136 889
137 889
541 889
735 889
888 889
646 890
123 891
646 891
647 891
801 891
890 891
648 892
649 892
772 892
649 893
803 893
892 893
73 894
216 894
217 894
744 894
847 894
217 895
315 895
371 895
731 895
744 895
745 895
795 895
894 895
71 896
151 896
218 896
746 896
747 896
129 897
218 897
219 897
317 897
373 897
729 897
747 897
896 897
38 898
39 898
167 898
39 899
140 899
640 899
898 899
27 900
36 900
36 901
37 901
556 901
638 901
900 901
223 902
575 902
580 902
581 902
804 902
376 903
386 903
581 903
804 903
805 903
902 903
577 904
578 904
806 904
807 904
829 904
388 905
578 905
579 905
726 905
807 905
904 905
558 906
811 906
558 907
559 907
694 907
766 907
906 907
560 908
561 908
298 909
561 909
696 909
908 909
58 910
242 910
478 910
488 910
534 910
552 910
553 910
842 910
58 911
59 911
318 911
553 911
654 911
910 911
56 912
57 912
240 912
480 912
486 912
536 912
550 912
840 912
57 913
320 913
550 913
551 913
876 913
912 913
24 914
25 914
166 914
504 914
25 915
38 915
166 915
167 915
898 915
914 915
26 916
164 916
165 916
502 916
824 916
26 917
27 917
165 917
900 917
916 917
64 918
432 918
433 918
283 919
433 919
918 919
62 920
430 920
281 921
430 921
431 921
920 921
26 922
154 922
155 922
368 922
466 922
139 923
155 923
368 923
369 923
763 923
922 923
24 924
152 924
366 924
367 924
468 924
141 925
152 925
153 925
367 925
761 925
924 925
716 926
892 926
893 926
716 927
717 927
803 927
893 927
926 927
714 928
715 928
890 928
715 929
801 929
890 929
891 929
928 929
580 930
831 930
908 930
909 930
580 931
581 931
696 931
764 931
909 931
930 931
578 932
579 932
906 932
374 933
579 933
766 933
906 933
907 933
932 933
182 934
183 934
400 934
183 935
400 935
401 935
735 935
934 935
180 936
398 936
399 936
180 937
181 937
399 937
733 937
936 937
192 938
866 938
867 938
192 939
193 939
867 939
879 939
938 939
194 940
195 940
864 940
195 941
864 941
865 941
881 941
940 941
754 942
808 942
809 942
560 943
809 943
908 943
942 943
752 944
810 944
810 945
811 945
906 945
932 945
944 945
172 946
773 946
870 946
871 946
124 947
172 947
173 947
274 947
871 947
946 947
174 948
175 948
547 948
775 948
868 948
122 949
175 949
800 949
868 949
869 949
948 949
4 950
205 950
406 950
407 950
605 950
4 951
5 951
407 951
474 951
950 951
6 952
7 952
408 952
499 952
603 952
7 953
408 953
409 953
476 953
692 953
952 953
2 954
50 954
51 954
100 954
446 954
512 954
586 954
51 955
528 955
846 955
954 955
0 956
48 956
98 956
510 956
588 956
740 956
48 957
49 957
144 957
526 957
956 957
228 958
230 958
231 958
301 958
659 958
146 959
228 959
229 959
231 959
688 959
958 959
0 960
108 960
109 960
136 960
182 960
400 960
448 960
540 960
888 960
934 960
956 960
109 961
144 961
700 961
956 961
957 961
960 961
106 962
134 962
178 962
180 962
398 962
446 962
538 962
886 962
936 962
954 962
955 962
106 963
107 963
142 963
528 963
955 963
962 963
754 964
830 964
942 964
943 964
830 965
831 965
908 965
930 965
943 965
964 965
752 966
828 966
829 966
944 966
578 967
829 967
932 967
944 967
945 967
966 967
64 968
276 968
506 968
716 968
772 968
773 968
892 968
926 968
64 969
65 969
172 969
773 969
946 969
968 969
62 970
63 970
278 970
646 970
714 970
774 970
890 970
928 970
63 971
174 971
492 971
774 971
775 971
970 971
670 972
783 972
859 972
860 972
861 972
503 973
670 973
671 973
861 973
972 973
601 974
672 974
673 974
781 974
862 974
505 975
673 975
862 975
863 975
974 975
12 976
407 976
474 976
475 976
951 976
12 977
13 977
475 977
517 977
976 977
14 978
15 978
337 978
409 978
476 978
15 979
476 979
477 979
515 979
978 979
105 980
120 980
656 980
657 980
120 981
121 981
258 981
657 981
878 981
980 981
118 982
119 982
553 982
654 982
119 983
380 983
654 983
655 983
880 983
982 983
29 984
462 984
463 984
667 984
690 984
463 985
517 985
690 985
691 985
984 985
7 986
464 986
669 986
692 986
693 986
464 987
465 987
515 987
693 987
986 987
167 988
350 988
771 988
898 988
899 988
350 989
351 989
554 989
640 989
899 989
988 989
165 990
352 990
353 990
900 990
917 990
34 991
353 991
556 991
900 991
901 991
990 991
96 992
102 992
103 992
194 992
552 992
864 992
940 992
103 993
118 993
552 993
553 993
982 993
992 993
94 994
104 994
192 994
514 994
550 994
551 994
866 994
938 994
104 995
105 995
551 995
656 995
980 995
994 995
171 996
359 996
594 996
595 996
788 996
562 997
595 997
674 997
788 997
789 997
996 997
169 998
201 998
596 998
790 998
791 998
332 999
564 999
596 999
597 999
791 999
998 999
150 1000
151 1000
560 1000
623 1000
809 1000
151 1001
560 1001
561 1001
568 1001
746 1001
1000 1001
148 1002
471 1002
558 1002
559 1002
625 1002
148 1003
149 1003
296 1003
559 1003
566 1003
1002 1003
40 1004
403 1004
606 1004
607 1004
683 1004
40 1005
41 1005
505 1005
607 1005
1004 1005
42 1006
43 1006
608 1006
613 1006
685 1006
43 1007
503 1007
608 1007
609 1007
1006 1007
246 1008
314 1008
470 1008
794 1008
795 1008
314 1009
315 1009
795 1009
895 1009
1008 1009
244 1010
316 1010
317 1010
792 1010
317 1011
747 1011
792 1011
793 1011
897 1011
1010 1011
66 1012
350 1012
351 1012
417 1012
813 1012
32 1013
66 1013
67 1013
326 1013
351 1013
1012 1013
68 1014
69 1014
352 1014
769 1014
815 1014
69 1015
328 1015
352 1015
353 1015
544 1015
1014 1015
64 1016
572 1016
918 1016
919 1016
283 1017
287 1017
572 1017
573 1017
919 1017
1016 1017
62 1018
570 1018
571 1018
920 1018
281 1019
571 1019
920 1019
921 1019
1018 1019

Faces (Indices):
62 58 59
63 62 59
57 56 65
56 64 65
74 52 53
75 74 53
55 54 77
54 76 77
53 86 75
0 98 1
1 98 99
3 101 2
2 101 100
77 110 55
110 88 55
89 88 111
88 110 111
86 112 75
112 86 87
113 112 87
118 28 29
28 118 103
119 118 29
31 30 121
30 120 121
92 126 50
93 127 92
92 127 126
48 128 90
90 128 91
91 128 129
73 72 149
72 148 149
150 70 71
151 150 71
24 80 152
81 153 80
141 153 81
80 153 152
26 154 78
78 154 79
79 155 139
79 154 155
44 156 45
45 156 157
159 46 47
158 46 159
46 158 161
135 181 134
134 181 180
136 182 137
137 182 183
188 54 55
55 88 189
189 188 55
53 52 191
52 190 191
200 168 169
201 200 169
171 170 203
170 202 203
208 74 75
75 112 209
209 208 75
77 76 211
76 210 211
115 114 213
114 212 213
214 116 117
215 214 117
217 127 93
91 129 219
11 225 10
225 11 125
10 225 224
8 226 9
9 226 227
21 20 229
20 228 229
230 22 23
231 230 23
237 46 161
161 160 237
160 236 237
238 162 163
156 44 239
163 156 239
239 238 163
244 48 49
245 244 49
50 126 246
51 50 247
247 72 51
148 72 247
50 246 247
207 206 249
206 248 249
250 204 205
205 4 251
251 250 205
87 252 113
76 54 264
264 54 188
202 170 264
210 76 264
226 264 227
227 264 265
266 52 74
190 52 266
266 168 200
74 208 266
264 266 265
225 267 224
224 267 266
266 267 265
268 160 161
160 268 235
161 158 269
269 268 161
163 162 271
162 270 271
273 123 9
273 122 123
227 273 9
272 122 273
124 274 125
275 225 125
267 225 275
125 274 275
280 284 281
281 284 285
287 282 283
286 282 287
213 292 115
302 92 50
302 93 92
93 303 217
303 93 302
90 304 48
305 90 91
305 91 219
304 90 305
307 160 235
235 234 307
236 160 307
234 306 307
308 232 233
270 162 309
233 270 309
309 308 233
111 322 89
322 254 89
254 322 255
265 255 323
255 322 323
252 324 113
325 252 253
267 325 253
324 252 325
327 32 33
326 32 327
34 328 35
35 328 329
347 44 45
346 44 347
46 348 47
348 46 237
47 348 349
328 34 353
358 170 171
264 170 358
359 358 171
360 168 266
169 168 361
168 360 361
362 38 25
39 38 363
38 362 363
364 36 37
37 138 365
365 364 37
366 311 310
367 311 366
369 312 313
368 312 369
126 370 246
127 371 126
371 127 217
126 371 370
372 128 48
128 372 129
244 372 48
129 372 373
121 378 31
382 234 235
235 268 383
383 382 235
233 232 385
232 384 385
387 376 377
386 376 387
374 388 375
375 388 389
394 208 209
208 394 266
266 394 224
395 394 209
264 396 210
397 18 211
211 210 397
210 396 397
406 334 335
335 12 407
407 406 335
337 336 409
336 408 409
12 410 13
410 12 335
13 410 411
413 14 15
412 14 413
418 238 239
239 44 419
44 346 419
419 418 239
237 236 421
421 348 237
236 420 421
422 20 21
423 342 355
355 354 423
423 422 21
354 422 423
424 356 357
23 22 425
425 344 23
22 424 425
425 424 357
426 200 201
200 426 266
427 426 201
428 202 264
203 202 429
202 428 429
342 434 355
435 342 343
434 342 435
344 436 345
436 344 425
357 436 425
345 436 437
438 88 89
88 438 189
117 116 439
89 254 439
439 438 89
116 438 439
440 86 53
440 114 115
191 440 53
114 440 191
87 86 441
86 440 441
441 440 115
442 190 266
443 114 191
191 190 443
212 114 443
190 442 443
444 188 189
188 444 264
438 116 445
189 438 445
445 444 189
446 3 2
399 447 398
447 3 446
398 447 446
400 448 401
449 0 1
448 0 449
401 448 449
272 450 19
265 451 227
451 273 227
451 272 273
450 272 451
274 452 275
453 267 275
275 452 453
342 454 343
21 454 423
454 342 423
343 454 455
23 456 231
344 456 23
457 344 345
456 344 457
458 18 19
458 110 77
18 458 211
211 458 77
111 110 459
19 450 459
459 458 19
110 458 459
460 112 113
112 460 209
460 16 395
209 460 395
17 16 461
113 324 461
16 460 461
461 460 113
29 462 119
462 380 119
380 462 381
381 462 463
378 464 31
465 378 379
464 378 465
466 26 27
312 368 466
27 36 467
109 108 467
36 364 467
467 364 109
467 466 27
108 466 467
468 106 107
366 310 468
25 24 469
469 362 25
24 468 469
469 468 107
471 148 247
247 246 471
246 470 471
472 244 245
70 150 473
245 70 473
473 472 245
130 478 58
479 130 131
285 479 131
478 130 479
132 56 480
480 133 132
133 481 287
481 133 480
108 484 466
486 241 240
487 241 486
489 242 243
488 242 489
65 490 57
172 490 65
490 172 173
491 490 173
175 174 493
493 280 175
284 280 493
174 492 493
494 198 199
495 494 199
197 196 497
196 496 497
334 406 501
502 198 494
503 35 329
496 196 504
505 327 33
506 277 276
432 506 64
277 507 283
283 507 433
433 507 432
507 277 506
432 507 506
278 508 62
62 508 430
430 508 431
509 278 279
431 509 281
508 278 509
431 508 509
514 193 192
248 206 514
514 232 308
384 232 514
157 515 45
515 347 45
515 379 193
413 15 515
465 379 515
502 503 515
514 515 193
514 502 515
516 102 194
516 204 250
306 234 516
516 234 382
504 196 516
504 516 505
159 47 517
517 194 195
47 349 517
13 411 517
381 463 517
517 349 505
517 516 194
516 517 505
518 262 263
262 518 502
502 518 414
415 414 519
519 518 263
414 518 519
520 416 417
520 260 504
416 520 504
261 260 521
417 66 521
260 520 521
521 520 417
522 308 309
308 522 514
162 238 523
309 162 523
523 522 309
524 306 516
525 236 307
307 306 525
420 236 525
306 524 525
526 144 145
527 526 145
143 142 529
142 528 529
530 484 108
484 530 485
485 531 393
485 530 531
106 482 532
533 483 391
483 533 482
482 533 532
338 534 339
535 488 489
339 534 535
534 488 535
536 487 486
537 341 259
341 537 340
340 537 536
537 487 536
179 539 178
539 179 391
178 539 538
540 176 108
176 540 177
177 541 393
177 540 541
40 542 41
326 542 67
543 326 327
41 543 505
543 327 505
41 542 543
542 326 543
42 544 69
328 544 329
545 42 43
545 43 503
329 545 503
544 42 545
329 544 545
226 546 264
546 396 264
397 396 547
396 546 547
224 548 10
394 548 224
548 394 395
395 16 549
549 548 395
340 536 550
534 338 552
32 554 33
554 32 351
33 555 505
33 554 555
557 34 35
557 35 503
556 34 557
330 562 331
265 331 563
331 562 563
565 333 267
565 332 333
564 332 565
567 296 297
566 296 567
298 568 299
568 298 561
299 568 569
58 62 570
285 571 281
56 572 64
223 222 575
222 574 575
576 220 221
577 576 221
388 374 579
265 583 295
583 294 295
582 294 583
584 292 213
292 584 293
267 293 585
293 584 585
586 513 512
101 587 100
100 587 586
587 513 586
98 588 99
589 510 511
99 588 589
588 510 589
590 222 223
591 590 223
221 220 593
593 354 221
422 354 593
220 592 593
203 594 171
201 596 427
418 598 199
598 418 419
199 598 495
419 346 599
599 598 419
421 420 601
420 600 601
602 206 207
206 602 514
514 602 498
207 6 603
499 498 603
603 602 207
498 602 603
604 500 501
604 204 516
500 604 516
205 204 605
501 406 605
204 604 605
605 604 501
184 606 185
185 607 505
185 606 607
186 608 405
609 186 187
609 187 503
608 186 609
610 66 67
66 610 521
521 610 261
542 40 611
67 542 611
611 610 67
612 68 415
519 612 415
613 42 69
69 68 613
68 612 613
614 268 269
268 614 383
335 334 615
615 410 335
615 614 269
334 614 615
616 270 233
616 336 337
385 616 233
336 616 385
271 270 617
337 14 617
14 412 617
617 412 271
270 616 617
617 616 337
618 84 58
84 618 85
618 58 570
85 619 285
619 571 285
619 570 571
85 618 619
618 570 619
82 620 56
620 572 56
620 573 572
83 621 82
621 83 287
287 573 621
82 621 620
621 573 620
622 472 473
473 150 623
623 622 473
471 470 625
470 624 625
284 626 285
256 626 319
627 256 257
257 339 627
489 243 627
339 535 627
627 535 489
626 256 627
285 626 627
258 628 259
286 628 321
629 286 287
287 481 629
241 487 629
629 537 259
487 537 629
259 628 629
628 286 629
292 630 115
115 630 441
631 293 267
631 292 293
630 292 631
117 632 215
632 294 215
294 632 295
295 633 265
295 632 633
634 260 261
504 260 634
635 634 261
636 262 502
263 262 637
637 404 263
262 636 637
638 138 37
138 638 139
639 503 139
639 557 503
639 556 557
139 638 639
638 556 639
554 640 555
641 140 141
555 641 505
640 140 641
555 640 641
439 642 117
254 642 439
642 632 117
632 642 633
643 254 255
643 255 265
633 643 265
642 254 643
633 642 643
644 252 87
252 644 253
441 644 87
630 644 441
253 645 267
645 631 267
645 630 631
253 644 645
644 630 645
123 647 291
647 290 291
646 290 647
648 289 288
289 649 125
649 289 648
96 650 97
650 96 552
651 257 97
97 650 651
94 652 550
95 653 94
653 95 259
94 653 652
655 256 319
319 318 655
318 654 655
656 320 321
320 656 551
628 258 657
321 628 657
657 656 321
658 300 301
659 658 301
22 230 661
661 230 301
301 300 661
300 660 661
662 214 215
429 662 203
214 662 429
662 594 203
215 294 663
294 582 663
663 582 595
595 594 663
663 662 215
594 662 663
596 664 427
664 596 597
213 212 665
665 584 213
212 664 665
665 664 597
666 4 5
4 666 251
29 28 667
667 666 5
28 666 667
668 30 31
668 6 207
30 668 249
249 668 207
7 6 669
31 464 669
6 668 669
669 668 31
346 670 599
671 346 347
671 347 515
503 671 515
670 346 671
348 672 349
672 348 421
601 672 421
349 673 505
349 672 673
562 674 563
582 674 595
563 675 265
675 583 265
675 582 583
563 674 675
674 582 675
584 676 585
564 676 597
676 584 665
597 676 665
565 267 677
677 564 565
267 585 677
676 564 677
585 676 677
468 678 106
310 678 468
678 482 106
678 483 482
311 679 310
310 679 678
679 483 678
312 680 313
466 680 312
484 680 466
681 484 485
313 680 681
680 484 681
610 682 261
682 610 611
261 682 635
682 402 635
403 402 683
611 40 683
402 682 683
683 682 611
404 684 263
684 404 405
263 684 519
684 612 519
405 608 685
613 612 685
685 684 405
612 684 685
229 686 21
146 686 229
686 454 21
454 686 455
687 146 147
686 146 687
455 686 687
146 688 147
456 688 231
689 456 457
147 688 689
688 456 689
474 690 5
5 690 667
691 474 475
691 475 517
690 474 691
476 692 477
477 693 515
477 692 693
296 694 297
694 296 559
297 694 695
697 298 299
696 298 697
142 698 107
698 142 143
107 698 469
698 362 469
363 362 699
699 390 363
699 698 143
362 698 699
364 700 109
700 364 365
145 144 701
701 392 145
144 700 701
701 700 365
290 702 291
703 8 9
9 123 703
123 291 703
702 8 703
291 702 703
704 11 10
125 11 705
705 289 125
289 705 288
705 11 704
288 705 704
552 338 706
706 650 552
650 706 651
707 339 257
707 338 339
651 707 257
706 338 707
651 706 707
708 341 340
708 340 550
550 652 708
259 341 709
709 653 259
653 709 652
709 341 708
652 709 708
710 496 504
497 496 711
496 710 711
712 494 495
494 712 502
713 712 495
278 714 279
279 714 715
277 717 276
276 717 716
264 718 266
358 718 264
718 358 359
718 360 266
719 60 361
361 360 719
719 718 359
360 718 719
720 322 111
322 720 323
459 720 111
450 720 459
323 721 265
721 451 265
721 450 451
323 720 721
720 450 721
722 452 17
452 722 453
461 722 17
324 722 461
723 325 267
723 324 325
453 723 267
722 324 723
453 722 723
724 436 357
436 724 437
725 386 387
724 386 725
437 724 725
388 726 389
727 434 435
389 726 727
726 434 727
316 728 244
728 372 244
372 728 373
729 316 317
728 316 729
373 728 729
246 730 314
730 315 314
246 370 730
371 731 370
731 315 730
370 731 730
390 732 391
143 732 699
732 390 699
181 135 733
447 399 733
733 539 391
391 732 733
392 734 145
145 734 527
137 183 735
735 392 393
401 449 735
393 541 735
734 392 735
529 736 143
216 736 529
736 732 143
732 736 733
101 3 737
737 216 217
3 447 737
587 101 737
737 513 587
737 447 733
736 216 737
733 736 737
218 738 219
734 738 527
739 1 99
449 1 739
739 511 219
99 589 739
589 511 739
735 449 739
739 734 735
219 738 739
738 734 739
304 740 48
510 740 511
219 741 305
741 304 305
511 741 219
740 304 741
511 740 741
50 742 302
742 303 302
512 742 50
303 743 217
513 743 512
217 743 737
743 513 737
743 303 742
512 743 742
149 744 73
566 744 149
745 566 567
744 566 745
568 746 569
569 746 747
748 402 403
606 184 749
403 606 749
749 748 403
750 404 637
751 186 405
405 404 751
404 750 751
220 576 752
752 592 220
752 300 658
660 300 752
375 389 753
435 343 753
343 455 753
567 297 753
687 147 753
753 455 687
297 695 753
389 727 753
753 727 435
567 753 745
574 222 754
222 590 754
622 754 472
754 660 752
387 377 755
345 437 755
457 345 755
299 569 755
147 689 755
755 689 457
697 299 755
725 387 755
755 437 725
753 147 755
753 755 752
755 754 752
756 382 383
756 516 382
756 500 516
757 334 501
501 500 757
614 334 757
383 614 757
757 756 383
500 756 757
758 498 499
758 384 514
498 758 514
759 336 385
385 384 759
408 336 759
499 408 759
384 758 759
759 758 499
760 140 39
140 760 141
363 760 39
390 760 363
311 367 761
761 390 391
391 483 761
761 679 311
483 679 761
141 760 761
760 390 761
138 762 365
392 762 393
365 762 701
762 392 701
763 138 139
763 369 313
763 485 393
313 681 763
681 485 763
762 138 763
393 762 763
376 764 377
764 376 581
765 696 697
377 765 755
755 765 697
377 764 765
764 696 765
694 766 695
767 374 375
753 767 375
695 767 753
766 374 767
695 766 767
768 164 502
165 164 769
769 352 165
164 768 769
770 166 167
166 770 504
771 770 167
548 772 10
772 548 549
772 648 288
10 772 704
772 288 704
773 772 549
8 774 226
774 546 226
290 646 774
8 702 774
702 290 774
547 546 775
546 774 775
108 176 776
776 530 108
530 776 531
777 176 177
777 177 393
393 531 777
776 176 777
531 776 777
778 178 106
778 179 178
532 778 106
391 179 779
779 533 391
533 779 532
779 179 778
532 779 778
497 780 197
780 600 197
601 600 781
600 780 781
598 782 495
782 598 599
495 782 713
599 670 783
783 782 599
502 784 636
712 784 502
784 712 713
637 636 785
785 750 637
636 784 785
785 784 713
634 786 504
786 634 635
786 710 504
635 402 787
711 710 787
402 748 787
787 748 711
787 786 635
710 786 787
788 60 719
359 788 719
61 60 789
789 330 61
562 330 789
60 788 789
790 60 61
60 790 361
361 790 169
791 790 61
472 792 244
754 792 472
569 747 793
755 569 793
793 754 755
792 754 793
624 470 794
752 624 794
794 753 752
753 795 745
795 753 794
264 796 428
444 796 264
796 444 445
116 214 797
797 214 429
429 428 797
445 116 797
428 796 797
797 796 445
426 798 266
798 426 427
266 798 442
799 212 443
443 442 799
664 212 799
427 664 799
799 798 427
442 798 799
122 800 123
280 800 175
801 280 281
509 279 801
281 509 801
801 279 715
123 800 801
800 280 801
124 802 173
282 802 283
173 802 491
802 282 491
803 124 125
803 277 283
125 649 803
717 277 803
802 124 803
283 802 803
223 804 591
804 356 591
357 356 805
805 724 357
386 724 805
356 804 805
354 806 221
806 354 355
221 806 577
355 434 807
434 726 807
807 806 355
808 622 623
622 808 754
809 808 623
810 624 752
811 558 625
625 624 811
624 810 811
504 812 416
770 812 504
812 770 771
417 416 813
771 350 813
416 812 813
813 812 771
814 414 415
502 414 814
768 502 814
415 68 815
769 768 815
815 814 415
768 814 815
816 590 591
754 590 816
356 424 817
591 356 817
817 816 591
818 592 752
20 422 819
819 422 593
593 592 819
592 818 819
820 196 197
196 820 516
516 820 524
821 420 525
525 524 821
197 600 821
600 420 821
821 820 197
524 820 821
822 198 502
514 822 502
522 822 514
822 522 523
199 198 823
823 418 199
238 418 823
523 238 823
198 822 823
823 822 523
824 26 78
503 502 824
825 78 79
139 825 79
503 825 139
824 78 825
503 824 825
24 826 80
826 81 80
504 826 24
827 141 81
504 505 827
641 141 827
505 641 827
827 81 826
504 827 826
828 576 577
576 828 752
829 828 577
754 830 574
575 574 831
831 580 575
574 830 831
158 832 269
410 832 411
269 832 615
832 410 615
833 158 159
517 833 159
411 833 517
832 158 833
411 832 833
156 834 157
834 156 163
271 834 163
412 834 271
835 412 413
157 835 515
835 413 515
157 834 835
834 412 835
84 836 58
837 84 85
285 837 85
836 84 837
56 838 82
838 83 82
83 839 287
839 83 838
840 481 480
241 841 240
629 841 241
481 841 629
240 841 840
841 481 840
242 842 243
843 479 285
843 478 479
243 843 627
627 843 285
243 842 843
842 478 843
49 844 245
844 70 245
526 844 49
844 526 527
71 70 845
845 218 71
738 218 845
527 738 845
70 844 845
845 844 527
72 846 51
846 72 73
847 216 529
529 528 847
847 846 73
528 846 847
848 660 754
816 848 754
848 816 817
424 22 849
849 22 661
661 660 849
817 424 849
660 848 849
849 848 817
850 658 659
752 658 850
850 818 752
228 20 851
659 228 851
851 20 819
819 818 851
851 850 659
818 850 851
852 104 105
104 852 514
852 248 514
120 30 853
105 120 853
853 30 249
249 248 853
853 852 105
248 852 853
854 250 251
854 102 516
250 854 516
855 28 103
103 102 855
666 28 855
251 666 855
102 854 855
855 854 251
711 856 497
748 856 711
856 748 749
856 780 497
749 184 857
781 780 857
857 856 749
780 856 857
782 858 713
858 782 783
713 858 785
858 750 785
751 750 859
750 858 859
859 858 783
186 860 187
860 186 751
859 860 751
503 187 861
187 860 861
184 862 857
857 862 781
863 184 185
863 185 505
862 184 863
865 96 97
864 96 865
866 95 94
867 95 866
868 18 397
547 868 397
19 18 869
869 272 19
122 272 869
18 868 869
870 16 17
16 870 549
549 870 773
17 452 871
452 274 871
871 870 17
330 872 61
332 872 333
61 872 791
872 332 791
267 873 265
873 331 265
873 330 331
333 873 267
872 330 873
333 872 873
59 874 63
318 874 59
874 318 319
874 492 63
875 284 493
493 492 875
626 284 875
319 626 875
875 874 319
492 874 875
490 876 57
876 490 491
282 286 877
877 286 321
321 320 877
491 282 877
320 876 877
877 876 491
878 378 121
378 878 379
259 95 879
879 258 259
379 879 193
95 867 879
878 258 879
379 878 879
256 880 257
880 256 655
257 881 97
881 380 381
517 195 881
381 517 881
97 881 865
257 880 881
880 380 881
882 130 58
130 882 131
58 836 882
131 883 285
883 837 285
883 836 837
131 882 883
882 836 883
132 884 56
884 838 56
884 839 838
133 885 132
885 133 287
287 839 885
132 885 884
885 839 884
886 135 134
539 887 538
135 887 733
887 539 733
887 135 886
538 887 886
540 888 541
889 136 137
735 889 137
541 889 735
888 136 889
541 888 889
891 647 123
891 646 647
801 891 123
890 646 891
892 649 648
892 648 772
649 893 803
893 649 892
216 894 217
744 894 73
73 894 847
894 216 847
895 371 217
315 731 895
731 371 895
895 744 745
745 795 895
217 894 895
894 744 895
71 896 151
218 896 71
896 746 151
746 896 747
219 129 897
897 218 219
129 373 897
897 729 317
897 373 729
896 218 897
747 896 897
898 38 39
39 140 899
140 640 899
899 898 39
900 36 27
37 36 901
901 638 37
556 638 901
36 900 901
575 902 223
580 902 575
902 580 581
902 804 223
376 386 903
581 376 903
903 386 805
805 804 903
903 902 581
804 902 903
806 904 577
904 806 807
577 904 829
904 578 829
905 388 579
579 578 905
726 388 905
807 726 905
578 904 905
905 904 807
906 558 811
559 558 907
907 694 559
766 694 907
558 906 907
908 560 561
561 298 909
298 696 909
909 908 561
58 478 910
242 488 910
488 534 910
910 534 552
910 552 553
910 842 242
478 842 910
59 58 911
911 318 59
654 318 911
553 654 911
58 910 911
911 910 553
912 56 57
56 912 480
912 486 240
536 486 912
550 536 912
912 240 840
480 912 840
913 320 551
551 550 913
57 876 913
876 320 913
913 912 57
550 912 913
914 24 25
914 504 24
504 914 166
25 38 915
167 166 915
38 898 915
915 898 167
915 914 25
166 914 915
916 164 165
164 916 502
916 26 824
502 916 824
27 26 917
917 900 27
26 916 917
917 916 165
918 432 64
918 433 432
433 919 283
919 433 918
430 920 62
921 431 281
921 430 431
920 430 921
922 154 26
154 922 155
466 922 26
368 922 466
155 923 139
923 368 369
139 923 763
923 369 763
155 922 923
922 368 923
924 24 152
924 367 366
468 24 924
366 468 924
925 153 141
153 925 152
761 925 141
367 925 761
152 925 924
925 367 924
926 893 892
717 927 716
927 717 803
803 893 927
716 927 926
927 893 926
714 928 715
715 929 801
929 891 801
929 890 891
715 928 929
928 890 929
930 580 831
930 908 909
581 580 931
931 764 581
696 764 931
909 696 931
580 930 931
931 930 909
932 578 579
579 374 933
374 766 933
933 766 907
907 906 933
933 932 579
906 932 933
182 934 183
935 400 401
183 935 735
935 401 735
183 934 935
934 400 935
936 399 398
181 937 180
937 181 733
733 399 937
180 937 936
937 399 936
938 867 866
193 939 192
193 879 939
879 867 939
192 939 938
939 867 938
194 940 195
941 864 865
881 195 941
881 941 865
195 940 941
940 864 941
808 942 754
942 808 809
809 560 943
560 908 943
943 942 809
944 810 752
811 810 945
945 906 811
932 906 945
810 944 945
870 946 773
946 870 871
947 124 173
173 172 947
274 124 947
871 274 947
172 946 947
947 946 871
948 174 175
174 948 775
775 948 547
948 868 547
800 122 949
175 800 949
949 122 869
869 868 949
949 948 175
868 948 949
950 4 205
950 406 407
605 950 205
406 950 605
5 4 951
951 474 5
4 950 951
951 950 407
952 6 7
952 408 499
6 952 603
603 952 499
409 408 953
953 476 409
7 692 953
692 476 953
953 952 7
408 952 953
954 50 51
954 2 100
446 2 954
954 512 50
100 586 954
586 512 954
51 846 955
846 528 955
955 954 51
98 0 956
588 98 956
956 510 588
48 740 956
740 510 956
49 48 957
957 526 49
144 526 957
48 956 957
958 230 231
230 958 301
958 228 659
301 958 659
959 146 229
229 228 959
688 146 959
231 688 959
228 958 959
959 958 231
960 108 109
960 182 136
0 448 960
960 448 400
960 540 108
136 888 960
888 540 960
934 182 960
400 934 960
956 0 960
109 700 961
700 144 961
961 144 957
957 956 961
961 960 109
956 960 961
106 178 962
134 180 962
398 446 962
178 538 962
886 134 962
962 538 886
962 180 936
936 398 962
962 446 954
962 954 955
107 106 963
963 142 107
528 142 963
955 528 963
106 962 963
963 962 955
964 830 754
942 964 754
964 942 943
831 830 965
965 930 831
908 930 965
943 908 965
830 964 965
965 964 943
828 966 752
966 828 829
752 966 944
829 578 967
578 932 967
967 932 945
945 944 967
967 966 829
944 966 967
64 506 968
506 276 968
968 276 716
968 772 773
968 892 772
716 926 968
926 892 968
65 64 969
969 172 65
946 172 969
773 946 969
64 968 969
969 968 773
970 62 63
970 278 62
714 278 970
774 646 970
646 890 970
928 714 970
970 890 928
63 492 971
492 174 971
971 174 775
775 774 971
971 970 63
774 970 971
670 972 783
783 972 859
972 860 859
860 972 861
973 671 503
973 670 671
861 973 503
972 670 973
861 972 973
974 672 601
672 974 673
781 974 601
862 974 781
505 673 975
863 505 975
975 862 863
673 974 975
974 862 975
12 976 407
474 976 475
407 976 951
976 474 951
977 12 13
517 977 13
475 977 517
976 12 977
475 976 977
14 978 15
978 14 337
409 978 337
476 978 409
979 476 477
515 15 979
979 477 515
15 978 979
978 476 979
980 120 105
980 656 657
121 120 981
657 258 981
981 878 121
258 878 981
120 980 981
981 980 657
982 118 119
982 654 553
119 380 983
655 654 983
380 880 983
983 880 655
983 982 119
654 982 983
984 462 29
462 984 463
667 984 29
690 984 667
463 985 517
517 985 691
985 690 691
463 984 985
984 690 985
669 986 7
464 986 669
986 692 7
692 986 693
987 464 465
987 465 515
515 693 987
986 464 987
693 986 987
167 988 771
988 350 771
898 988 167
988 898 899
351 350 989
989 554 351
640 554 989
899 640 989
350 988 989
989 988 899
352 990 165
990 352 353
165 990 917
990 900 917
353 34 991
34 556 991
991 556 901
901 900 991
991 990 353
900 990 991
992 102 103
102 992 194
552 96 992
96 864 992
194 992 940
992 864 940
103 118 993
553 552 993
118 982 993
993 982 553
993 992 103
552 992 993
104 514 994
514 192 994
994 94 550
994 550 551
866 94 994
994 192 938
938 866 994
105 104 995
551 656 995
995 980 105
656 980 995
104 994 995
995 994 551
171 996 359
594 996 171
996 594 595
996 788 359
674 562 997
595 674 997
997 562 789
789 788 997
997 996 595
788 996 997
169 998 201
998 596 201
790 998 169
998 790 791
332 564 999
999 564 597
597 596 999
791 332 999
596 998 999
999 998 791
1000 150 151
150 1000 623
1000 560 809
623 1000 809
561 560 1001
1001 568 561
151 746 1001
746 568 1001
1001 1000 151
560 1000 1001
1002 148 471
1002 558 559
625 1002 471
558 1002 625
149 148 1003
559 296 1003
1003 566 149
296 566 1003
148 1002 1003
1003 1002 559
1004 606 403
606 1004 607
40 1004 683
683 1004 403
1005 40 41
505 1005 41
607 1005 505
1004 40 1005
607 1004 1005
42 1006 43
1006 42 613
608 1006 685
685 1006 613
503 43 1007
1007 609 503
1007 608 609
43 1006 1007
1006 608 1007
1008 246 314
470 246 1008
794 470 1008
1008 795 794
315 1009 314
895 1009 315
795 1009 895
314 1009 1008
1009 795 1008
244 1010 316
316 1010 317
792 1010 244
793 747 1011
1011 792 793
1011 897 317
747 897 1011
317 1010 1011
1010 792 1011
1012 350 351
1012 66 417
350 1012 813
813 1012 417
67 66 1013
32 326 1013
1013 326 67
351 32 1013
66 1012 1013
1013 1012 351
1014 68 69
1014 352 769
68 1014 815
815 1014 769
1015 328 353
353 352 1015
69 544 1015
544 328 1015
1015 1014 69
352 1014 1015
572 1016 64
64 1016 918
1016 919 918
283 1017 287
1017 573 287
573 1017 572
919 1017 283
572 1017 1016
1017 919 1016
62 1018 570
570 1018 571
920 1018 62
571 1019 281
281 1019 921
1019 920 921
571 1018 1019
1018 920 1019
