Vertices:
-0.329728 0.295733 0.086275
-0.158365 0.390472 0.045540
-0.352556 0.339760 0.092638
-0.181194 0.434499 0.051903
-0.355235 0.341790 0.060526
-0.327667 0.295687 0.093466
-0.355018 0.342073 0.058050
-0.193990 0.431098 0.019772
-0.332122 0.297916 0.051669
-0.171094 0.386941 0.013391
-0.468209 -0.339975 -0.305449
0.388604 0.133720 -0.509125
-0.581791 -0.120920 -0.273794
0.275022 0.352776 -0.477470
-0.350499 0.339721 0.099829
-0.331249 0.295927 0.078953
-0.354081 0.339960 0.085316
-0.620458 -0.021999 -0.206392
0.236355 0.451697 -0.410067
-0.403386 -0.440646 -0.266889
0.453427 0.033050 -0.470564
-0.186450 -0.626563 0.213316
0.670363 -0.152867 0.009640
-0.587656 0.147209 0.325130
0.269157 0.620905 0.121454
-0.203212 -0.509862 0.414215
0.653601 -0.036166 0.210539
-0.480254 0.024444 0.491425
0.376559 0.498139 0.287749
-0.192796 0.431596 0.021910
-0.227630 0.382142 0.164715
-0.248937 0.370362 0.169781
-0.204215 0.336984 0.158190
-0.225523 0.325204 0.163255
-0.360215 -0.161977 0.562831
0.496598 0.311719 0.359155
-0.274815 -0.326682 0.539030
0.581999 0.147013 0.335354
-0.300126 0.314563 -0.012391
-0.221949 0.357784 -0.030974
-0.323422 0.359493 -0.005898
-0.245245 0.402714 -0.024482
-0.485297 0.010873 0.438646
0.371516 0.484568 0.234970
-0.223197 -0.494617 0.365600
0.633616 -0.020921 0.161924
-0.420864 -0.081782 0.494208
0.435949 0.391914 0.290533
-0.253670 -0.404234 0.447612
0.603143 0.069461 0.243936
-0.668672 0.159471 0.012834
0.188141 0.633167 -0.190842
-0.260116 -0.628476 -0.101029
0.596697 -0.154781 -0.304705
-0.154772 0.387976 0.070032
-0.320836 0.296166 0.109507
-0.177636 0.432071 0.076404
-0.343699 0.340261 0.115879
-0.336983 -0.225147 0.513646
0.519830 0.248548 0.309970
-0.317775 -0.262192 0.508293
0.539038 0.211504 0.304617
-0.263033 -0.597679 -0.041678
0.593780 -0.123984 -0.245353
-0.638715 0.126865 0.063023
-0.291176 0.319005 -0.019591
0.218098 0.600561 -0.140652
-0.232259 0.351578 -0.033597
-0.179616 0.434195 0.059205
-0.228684 -0.607968 0.078895
0.628129 -0.134272 -0.124781
-0.612949 0.133132 0.185988
-0.317260 0.296606 0.115699
-0.154642 0.386510 0.077043
0.243864 0.606828 -0.017687
-0.156784 0.390162 0.052842
-0.515114 0.069702 0.450035
0.341699 0.543397 0.246359
-0.191958 -0.553541 0.359973
0.664855 -0.079845 0.156297
-0.329512 0.299874 0.037023
-0.179018 0.383076 0.001249
-0.352473 0.344157 0.043422
-0.201979 0.427358 0.007648
-0.562405 0.099011 0.319257
0.294408 0.572706 0.115581
-0.211163 -0.578401 0.221367
0.645650 -0.104705 0.017692
-0.630764 -0.031497 -0.271837
0.226049 0.442199 -0.475513
-0.424637 -0.429037 -0.329284
0.432176 0.044659 -0.532960
-0.292910 0.318136 -0.018337
-0.230303 0.352748 -0.033219
-0.316251 0.363153 -0.011832
-0.253645 0.397765 -0.026714
-0.227064 -0.480948 0.381123
0.629749 -0.007252 0.177447
-0.474758 -0.003242 0.450154
0.382055 0.470453 0.246478
-0.625315 -0.007152 -0.192294
0.231498 0.466543 -0.395970
-0.392643 -0.455886 -0.257139
0.464170 0.017809 -0.460815
-0.238827 0.347679 -0.034469
-0.285239 0.322020 -0.023437
-0.262206 0.392767 -0.027954
-0.308618 0.367108 -0.016921
-0.557079 -0.174840 -0.295243
0.299734 0.298856 -0.498919
-0.499647 -0.285605 -0.311249
0.357166 0.188091 -0.514925
-0.243130 0.345154 -0.034717
-0.281262 0.324073 -0.025652
-0.266523 0.390271 -0.028197
-0.304655 0.369190 -0.019132
-0.645958 0.096841 -0.037275
0.210855 0.570536 -0.240951
-0.303052 -0.564493 -0.132841
0.553761 -0.090797 -0.336517
-0.210121 -0.652588 0.053211
0.646693 -0.178892 -0.150465
-0.640986 0.178386 0.173292
-0.349074 0.339771 0.103900
0.215827 0.652081 -0.030384
-0.178902 0.433852 0.063448
-0.341362 0.350394 0.016305
-0.221710 0.416545 -0.012138
-0.318234 0.305790 0.009859
-0.198582 0.371940 -0.018583
-0.492042 0.040231 0.478554
0.364772 0.513927 0.274878
-0.198887 -0.525150 0.396853
0.657926 -0.051455 0.193177
-0.271007 0.307207 0.155612
-0.170975 0.362510 0.131833
-0.294223 0.351981 0.162082
-0.194191 0.407284 0.138303
-0.529493 -0.230147 -0.307821
0.327320 0.243549 -0.511497
-0.232971 -0.424059 0.488582
0.623842 0.049636 0.284906
-0.419975 -0.063401 0.540699
0.436838 0.410295 0.337023
-0.189371 -0.566572 0.340547
0.667442 -0.092877 0.136872
-0.526340 0.083311 0.434459
0.330473 0.557007 0.230783
-0.284417 -0.306339 0.545946
0.572396 0.167356 0.342271
-0.348654 -0.182451 0.563849
0.508159 0.291245 0.360173
-0.326614 0.301542 0.027572
-0.185027 0.379819 -0.006085
-0.349626 0.345924 0.033986
-0.208040 0.424201 0.000329
-0.211662 -0.552727 0.278976
0.645151 -0.079032 0.075300
-0.535360 0.071561 0.369189
0.321453 0.545257 0.165513
-0.217002 -0.520000 0.332627
0.639811 -0.046304 0.128952
-0.505925 0.037221 0.413149
0.350888 0.510917 0.209473
-0.250601 0.314257 0.161974
-0.273932 0.359254 0.168476
-0.637250 -0.013739 -0.257821
0.219563 0.459957 -0.461497
-0.412511 -0.447172 -0.320455
0.444302 0.026523 -0.524130
-0.207363 0.396057 0.152651
-0.319900 0.361285 -0.008967
-0.249420 0.400250 -0.025720
-0.296580 0.316310 -0.015466
-0.226100 0.355275 -0.032220
-0.184032 0.351061 0.146149
-0.228609 -0.648362 -0.014737
0.628204 -0.174666 -0.218413
-0.656264 0.176419 0.104449
0.200549 0.650115 -0.099227
-0.154639 0.386988 0.074927
-0.255192 0.312537 0.160967
-0.278500 0.357490 0.167463
-0.185008 -0.610210 0.257413
0.671805 -0.136514 0.053738
-0.568543 0.129480 0.364303
0.288271 0.603176 0.160627
-0.318388 0.296457 0.113852
-0.177517 0.431111 0.081303
-0.341266 0.340581 0.120228
-0.641230 0.122621 0.042569
0.215583 0.596316 -0.161107
-0.270290 -0.592781 -0.060811
0.586523 -0.119085 -0.264487
-0.371946 -0.141689 0.560667
0.484867 0.332006 0.356991
-0.265594 -0.346802 0.531027
0.591219 0.126894 0.327351
-0.180837 0.353645 0.143291
-0.204146 0.398598 0.149787
-0.165272 0.368500 0.122394
-0.281835 0.304057 0.150102
-0.287198 0.321019 -0.022242
-0.231713 0.379689 0.166194
-0.244519 0.372610 0.169238
-0.208292 0.334520 0.159667
-0.221098 0.327440 0.162711
-0.310568 0.366091 -0.015729
-0.236685 0.348945 -0.034251
-0.260055 0.394017 -0.027738
-0.245285 0.343899 -0.034745
-0.268685 0.389028 -0.028224
-0.185985 -0.590146 0.299965
0.670828 -0.116451 0.096289
-0.548036 0.108110 0.400867
0.308777 0.581806 0.197191
-0.314326 0.297027 0.120133
-0.279238 0.325127 -0.026675
-0.302638 0.370257 -0.020154
-0.202253 0.369736 -0.021207
-0.315642 0.307049 0.005747
-0.225411 0.414398 -0.014753
-0.338799 0.351711 0.012201
-0.204940 0.425842 0.003905
-0.351162 0.345002 0.038664
-0.181954 0.381511 -0.002501
-0.328176 0.300671 0.032258
-0.154811 0.385217 0.082212
-0.578286 0.138812 0.345019
0.278527 0.612508 0.141343
-0.185427 -0.618861 0.235531
0.671386 -0.145166 0.031855
-0.320635 0.304610 0.014110
-0.195017 0.374059 -0.015751
-0.343733 0.349158 0.020547
-0.218115 0.418607 -0.009314
-0.425033 -0.408685 -0.283615
0.431781 0.065011 -0.487291
-0.609324 -0.053257 -0.232254
0.247489 0.420439 -0.435930
-0.354469 0.340063 0.082858
-0.183957 0.434331 0.042325
-0.331634 0.296025 0.076494
-0.161123 0.390293 0.035961
-0.233241 -0.608555 0.058361
0.623573 -0.134859 -0.145314
-0.618464 0.134392 0.165721
-0.156260 0.389925 0.055850
0.238349 0.608088 -0.037954
-0.326672 0.295712 0.096359
-0.260381 0.335309 -0.033172
-0.264653 0.332947 -0.032156
-0.283805 0.380484 -0.026644
-0.288077 0.378123 -0.025628
-0.230007 0.323038 0.163561
-0.200250 0.339489 0.156487
-0.253413 0.368178 0.170084
-0.223656 0.384629 0.163010
-0.199624 0.402370 0.145135
-0.285306 0.355001 0.165502
-0.176354 0.357490 0.138649
-0.262035 0.310121 0.159017
-0.292032 0.301449 0.143281
-0.160760 0.374023 0.112076
-0.315101 0.345940 0.149711
-0.183829 0.418514 0.118506
-0.648649 0.020070 -0.227143
0.208164 0.493766 -0.430819
-0.388409 -0.481831 -0.299671
0.468404 -0.008136 -0.503347
-0.309825 0.297759 0.126092
-0.155433 0.383116 0.089391
-0.332762 0.341996 0.132485
-0.178370 0.427353 0.095784
-0.267059 0.362056 0.169552
-0.212482 0.392229 0.156578
-0.243697 0.317000 0.163041
-0.189120 0.347173 0.150067
-0.355501 0.340842 0.070461
-0.332644 0.296760 0.064091
-0.229655 0.380912 0.165483
-0.246722 0.371477 0.169540
-0.206237 0.335748 0.158956
-0.223304 0.326313 0.163013
-0.187379 -0.578784 0.320528
0.669434 -0.105089 0.116852
-0.537324 0.096125 0.418056
0.319489 0.569821 0.214380
-0.185194 -0.600630 0.278909
0.671619 -0.126934 0.075234
-0.558451 0.119238 0.382934
0.298362 0.592934 0.179259
-0.348631 0.346496 0.031303
-0.209907 0.423191 -0.001674
-0.193109 -0.643792 0.145232
0.663704 -0.170096 -0.058444
-0.613303 0.166599 0.262338
0.243510 0.640295 0.058662
-0.210742 0.393503 0.155323
-0.180094 0.434337 0.056763
-0.351243 0.339716 0.097448
-0.157264 0.390307 0.050401
-0.328414 0.295686 0.091085
-0.158986 0.390491 0.043127
-0.181814 0.434519 0.049490
-0.173583 0.385798 0.009205
-0.331490 0.298498 0.046741
-0.196498 0.429993 0.015591
-0.354405 0.342693 0.053128
-0.188435 0.433206 0.030743
-0.165579 0.389124 0.024373
-0.306806 0.311313 -0.005661
-0.213834 0.362713 -0.027761
-0.330049 0.356141 0.000817
-0.237077 0.407542 -0.021283
-0.525782 0.060845 0.384557
0.331031 0.534541 0.180882
-0.212908 -0.542569 0.297361
0.643905 -0.068873 0.093685
-0.251169 0.369262 0.169962
-0.227758 0.324112 0.163438
-0.282837 -0.335161 0.485561
0.573976 0.138535 0.281885
-0.377923 -0.151776 0.512061
0.478890 0.321919 0.308385
-0.269353 0.361100 0.169253
-0.311373 0.297497 0.124143
-0.225627 0.383382 0.163890
-0.202217 0.338233 0.157366
-0.334299 0.341712 0.130532
-0.182337 0.420507 0.114154
-0.318936 0.344987 0.146626
-0.159297 0.376071 0.107733
-0.295895 0.300551 0.140204
-0.290199 0.376958 -0.025027
-0.266776 0.331785 -0.031555
-0.306652 0.368138 -0.018053
-0.283265 0.323035 -0.024571
-0.281660 0.381679 -0.027057
-0.258237 0.336506 -0.033585
-0.304671 -0.265187 0.556452
0.552142 0.208509 0.352776
-0.326155 -0.223753 0.562439
0.530658 0.249942 0.358764
-0.259761 0.310904 0.159725
-0.178101 0.428068 0.093400
-0.264362 0.391519 -0.028107
-0.240975 0.346415 -0.034625
-0.155175 0.383852 0.087011
-0.177806 0.356214 0.140242
-0.541474 -0.229345 -0.356358
0.315339 0.244350 -0.560034
-0.600558 0.127856 0.225844
0.256255 0.601552 0.022169
-0.221069 -0.604031 0.120083
0.635744 -0.130335 -0.083593
-0.489311 -0.303910 -0.310339
0.367502 0.169786 -0.514015
-0.565665 -0.156652 -0.289059
0.291148 0.317044 -0.492735
-0.346940 -0.206646 0.514789
0.509873 0.267050 0.311114
-0.308572 -0.280643 0.504096
0.548241 0.193053 0.300421
-0.330296 0.295781 0.083844
-0.353125 0.339809 0.090206
-0.570783 0.106518 0.301475
0.286030 0.580214 0.097800
-0.212077 -0.585287 0.201506
0.644736 -0.111591 -0.002170
-0.194892 0.406623 0.139277
-0.293018 0.352373 0.162603
-0.608358 -0.087653 -0.308185
0.248455 0.386043 -0.511860
-0.460948 -0.371951 -0.349267
0.395866 0.101745 -0.552943
-0.256778 -0.366648 0.521957
0.600035 0.107047 0.318281
-0.383817 -0.121638 0.557362
0.472996 0.352057 0.353686
-0.666451 0.165219 0.035547
0.190362 0.638915 -0.168129
-0.251560 -0.634945 -0.080081
0.605253 -0.161249 -0.283757
-0.660239 0.173704 0.081412
0.196574 0.647399 -0.122264
-0.235787 -0.644900 -0.036881
0.621026 -0.171205 -0.240557
-0.324103 0.295860 0.102776
-0.616300 -0.068500 -0.297051
0.240513 0.405196 -0.500726
-0.448885 -0.391379 -0.343708
0.407928 0.082316 -0.547384
-0.632123 0.132634 0.104171
0.224690 0.606330 -0.099505
-0.249770 -0.604776 -0.002389
0.607043 -0.131081 -0.206065
-0.346948 0.339920 0.109143
-0.353075 -0.529155 -0.261088
0.503738 -0.055459 -0.464764
-0.661613 0.065897 -0.175100
0.195200 0.539593 -0.378776
-0.214601 0.330914 0.161453
-0.238025 0.376090 0.167981
-0.399249 -0.116179 0.505139
0.457564 0.357517 0.301463
-0.267454 -0.370361 0.468408
0.589359 0.103335 0.264732
-0.400426 -0.464785 -0.310575
0.456387 0.008911 -0.514251
-0.643216 0.003465 -0.242911
0.213597 0.477160 -0.446586
-0.347921 0.339843 0.106848
-0.178472 0.433524 0.066568
-0.325079 0.295791 0.100483
-0.155631 0.389472 0.060202
-0.210955 -0.562101 0.260151
0.645858 -0.088405 0.056475
-0.544672 0.081510 0.353156
0.312141 0.555206 0.149480
-0.340783 -0.523214 -0.195566
0.516030 -0.049518 -0.399242
-0.642057 0.057826 -0.111602
0.214756 0.531521 -0.315278
-0.178189 0.433220 0.069024
-0.651722 0.178107 0.127479
-0.354899 0.342208 0.056920
0.205091 0.651803 -0.076197
-0.194550 0.430858 0.018803
-0.221928 -0.650801 0.007697
0.634885 -0.177105 -0.195978
-0.332618 0.297171 0.059115
-0.355489 0.341280 0.065489
-0.155343 0.389160 0.062657
-0.342507 0.340412 0.118073
-0.519455 -0.270765 -0.360061
0.337358 0.202931 -0.563737
-0.562368 -0.188001 -0.348101
0.294445 0.285695 -0.551777
-0.154681 0.387501 0.072486
-0.177551 0.431609 0.078860
-0.182191 0.381382 -0.002789
-0.328061 0.300737 0.031887
-0.308232 0.298041 0.128003
-0.446712 -0.375016 -0.296512
0.410101 0.098679 -0.500188
-0.596393 -0.086340 -0.254796
0.260420 0.387356 -0.458472
-0.578806 0.113172 0.283197
0.278007 0.586868 0.079521
-0.213529 -0.591307 0.181396
0.643284 -0.117611 -0.022280
-0.319637 0.296303 0.111697
-0.298585 0.350601 0.160034
-0.191742 0.409669 0.134637
-0.275398 0.305882 0.153572
-0.168556 0.364951 0.128174
-0.331180 0.342299 0.134399
-0.414192 -0.424899 -0.275721
0.442621 0.048797 -0.479397
-0.615123 -0.037380 -0.219723
0.241690 0.436316 -0.423398
-0.177955 0.432876 0.071488
-0.345920 0.340015 0.111416
-0.155104 0.388805 0.065120
-0.323069 0.295945 0.105047
-0.636905 0.033820 -0.145764
0.219908 0.507515 -0.349440
-0.361051 -0.498197 -0.222644
0.495762 -0.024501 -0.426320
-0.495695 0.024372 0.426301
0.361118 0.498068 0.222625
-0.219841 -0.507645 0.349422
0.636972 -0.033949 0.145746
-0.167661 0.388370 0.019898
-0.190531 0.432478 0.026272
-0.187451 0.433511 0.033019
-0.355416 0.340651 0.072946
-0.164600 0.389441 0.026650
-0.332565 0.296580 0.066578
-0.178689 0.426606 0.098148
-0.155740 0.382347 0.091752
-0.241623 -0.436445 0.423380
0.615190 0.037251 0.219704
-0.442554 -0.048926 0.479378
0.414259 0.424770 0.275703
-0.336054 0.353107 0.008244
-0.229211 0.412176 -0.017154
-0.312867 0.308389 0.001782
-0.206024 0.367458 -0.023616
-0.643217 0.117482 0.022261
0.213596 0.591177 -0.181415
-0.277940 -0.586997 -0.079540
0.578873 -0.113301 -0.283216
-0.260353 -0.387485 0.458454
0.596460 0.086211 0.254778
-0.410034 -0.098809 0.500169
0.446779 0.374887 0.296493
-0.157041 0.379700 0.099095
-0.302912 0.299054 0.133771
-0.177604 0.383809 0.003182
-0.353043 0.343763 0.045826
-0.330094 0.299504 0.039431
-0.294378 -0.285824 0.551758
0.562435 0.187872 0.348083
-0.337291 -0.203060 0.563718
0.519522 0.270636 0.360043
-0.634818 0.176976 0.195960
-0.337995 0.341077 0.125401
0.221995 0.650672 -0.007716
-0.177646 0.429727 0.087284
-0.205024 -0.651932 0.076178
0.651789 -0.178236 -0.127498
-0.214689 -0.531651 0.315259
0.642124 -0.057955 0.111584
-0.515963 0.049389 0.399223
0.340850 0.523085 0.195547
-0.200554 0.428067 0.009576
-0.312074 -0.555335 -0.149499
0.544739 -0.081639 -0.353175
-0.645791 0.088276 -0.056494
0.211022 0.561971 -0.260169
-0.355063 0.340321 0.077912
-0.185615 0.434002 0.037632
-0.332222 0.296269 0.071546
-0.162774 0.389950 0.031266
-0.213530 -0.477290 0.446568
0.643283 -0.003594 0.242892
-0.456320 -0.009040 0.514232
0.400493 0.464656 0.310557
-0.589292 -0.103464 -0.264751
0.267521 0.370232 -0.468427
-0.457497 -0.357646 -0.301482
0.399316 0.116050 -0.505158
-0.262523 0.334121 -0.032694
-0.285947 0.379297 -0.026166
-0.195133 -0.539722 0.378757
0.661680 -0.066026 0.175081
-0.503671 0.055330 0.464745
0.353142 0.529025 0.261070
-0.606976 0.130951 0.206046
0.249837 0.604647 0.002370
-0.224623 -0.606459 0.099486
0.632190 -0.132763 -0.104190
-0.407861 -0.082446 0.547366
0.448952 0.391250 0.343690
-0.240446 -0.405325 0.500708
0.616367 0.068371 0.297032
-0.355270 0.340477 0.075431
-0.332424 0.296416 0.069064
-0.620959 0.171075 0.240538
0.235854 0.644771 0.036862
-0.196507 -0.647528 0.122245
0.660306 -0.173833 -0.081430
-0.605186 0.161120 0.283738
0.251627 0.634816 0.080062
-0.190295 -0.639044 0.168110
0.666518 -0.165348 -0.035566
-0.472929 -0.352187 -0.353705
0.383884 0.121509 -0.557381
-0.599968 -0.107176 -0.318299
0.256845 0.366519 -0.521975
-0.395799 -0.101874 0.552925
0.461015 0.371822 0.349249
-0.248388 -0.386172 0.511842
0.608425 0.087523 0.308166
-0.234181 0.409252 -0.019888
-0.332307 0.355002 0.003437
-0.644669 0.111462 0.002151
0.212144 0.585157 -0.201524
-0.285963 -0.580343 -0.097818
0.570850 -0.106647 -0.301494
-0.548174 -0.193182 -0.300439
0.308639 0.280513 -0.504115
-0.509806 -0.267179 -0.311132
0.347007 0.206517 -0.514808
-0.197810 0.429387 0.013554
-0.291081 -0.317173 0.492716
0.565732 0.156523 0.289041
-0.367435 -0.169915 0.513996
0.489378 0.303781 0.310320
-0.174884 0.385172 0.007165
-0.186512 0.433776 0.035311
-0.329100 0.295701 0.088692
-0.219892 0.359031 -0.030260
-0.163667 0.389716 0.028944
-0.635677 0.130206 0.083575
0.221136 0.603902 -0.120101
-0.256188 -0.601681 -0.022187
0.600625 -0.127986 -0.225863
-0.351928 0.339729 0.095054
-0.315272 -0.244480 0.560015
0.541541 0.229216 0.356339
-0.260203 0.365035 0.170088
-0.236816 0.319931 0.163571
-0.217922 0.388410 0.160037
-0.194535 0.343307 0.153519
-0.530591 -0.250071 -0.358782
0.326222 0.223624 -0.562458
-0.552075 -0.208638 -0.352795
0.304738 0.265058 -0.556471
-0.154913 0.388410 0.067582
-0.273014 0.386554 -0.028088
-0.249603 0.341405 -0.034612
-0.157791 0.390411 0.047966
-0.180620 0.434439 0.054329
-0.177770 0.432492 0.073952
-0.242337 0.373755 0.168879
-0.233788 0.378481 0.166846
-0.218914 0.328582 0.162351
-0.210366 0.333308 0.160319
-0.211274 0.422443 -0.003072
-0.347872 0.346923 0.029399
-0.188233 0.378007 -0.009494
-0.324832 0.302488 0.022978
-0.301848 0.313721 -0.010781
-0.478823 -0.322048 -0.308404
0.377990 0.151647 -0.512080
-0.573909 -0.138664 -0.281904
0.282904 0.335032 -0.485580
-0.314384 0.364114 -0.013184
-0.298555 0.372433 -0.022017
-0.275145 0.327284 -0.028542
-0.643838 0.068744 -0.093704
0.212975 0.542440 -0.297379
-0.330964 -0.534670 -0.180900
0.525849 -0.060975 -0.384576
-0.266548 0.308619 0.157428
-0.173576 0.360020 0.135327
-0.289792 0.353448 0.163906
-0.196820 0.404848 0.141805
-0.154968 0.384552 0.084618
-0.312874 0.297252 0.122155
-0.177883 0.428747 0.091005
-0.335790 0.341447 0.128541
-0.331083 0.298816 0.044290
-0.354009 0.343031 0.050679
-0.182483 0.434497 0.047086
-0.353632 0.339876 0.087770
-0.159653 0.390467 0.040723
-0.330803 0.295846 0.081408
-0.255775 0.396517 -0.027118
-0.243444 -0.640424 -0.058681
0.613370 -0.166729 -0.262356
-0.663637 0.169967 0.058425
0.193176 0.643663 -0.145250
-0.320496 0.344614 0.145281
-0.181772 0.421308 0.112305
-0.298295 -0.593063 -0.179277
0.558518 -0.119367 -0.382953
-0.671552 0.126805 -0.075252
0.185261 0.600501 -0.278928
-0.319422 -0.569950 -0.214399
0.537391 -0.096254 -0.418075
-0.669367 0.104959 -0.116871
0.187446 0.578655 -0.320547
-0.312487 0.365095 -0.014485
-0.257910 0.395268 -0.027459
-0.289126 0.320040 -0.020996
-0.234549 0.350213 -0.033970
-0.277346 0.384100 -0.027698
-0.294405 0.374669 -0.023643
-0.253927 0.338937 -0.034225
-0.270987 0.329505 -0.030170
-0.330619 0.299150 0.041855
-0.176226 0.384507 0.005154
-0.353556 0.343387 0.048248
-0.199163 0.428744 0.011547
-0.321981 0.296047 0.107289
-0.468337 0.008006 0.503328
0.388476 0.481702 0.299652
-0.208097 -0.493895 0.430800
0.648716 -0.020200 0.227124
-0.344838 0.340129 0.113659
-0.322837 0.303510 0.018486
-0.191565 0.376084 -0.012719
-0.345906 0.348001 0.024915
-0.214634 0.420575 -0.006290
-0.241128 0.405147 -0.023001
-0.326809 0.357778 -0.002634
-0.217857 0.360267 -0.029487
-0.303538 0.312897 -0.009119
-0.277203 0.326196 -0.027637
-0.247446 0.342647 -0.034710
-0.300609 0.371336 -0.021114
-0.270852 0.387787 -0.028187
-0.212472 0.332104 0.160915
-0.216744 0.329742 0.161931
-0.235895 0.377279 0.167443
-0.240168 0.374917 0.168459
-0.238282 -0.608217 0.037936
0.618531 -0.134522 -0.165740
-0.623506 0.134730 0.145296
-0.161302 0.390262 0.035424
0.233307 0.608425 -0.058380
-0.331714 0.296049 0.075933
-0.172318 0.386389 0.011283
-0.349697 0.339743 0.102188
-0.179186 0.434012 0.061656
-0.326863 0.295705 0.095825
-0.156352 0.389974 0.055292
-0.247422 -0.420568 0.435911
0.609391 0.053128 0.232236
-0.431714 -0.065140 0.487273
0.425100 0.408556 0.283597
-0.288038 0.302429 0.146163
-0.162420 0.371878 0.116302
-0.311136 0.346977 0.152600
-0.185519 0.416426 0.122739
-0.671319 0.145036 -0.031874
0.185494 0.618732 -0.235549
-0.278461 -0.612637 -0.141362
0.578353 -0.138941 -0.345037
-0.179950 0.424170 0.105141
-0.326172 0.343330 0.139899
-0.156965 0.379839 0.098734
-0.303187 0.298999 0.133493
-0.166321 0.367332 0.124360
-0.279709 0.304645 0.151314
-0.189478 0.411994 0.130814
-0.302867 0.349307 0.157768
-0.232266 0.321984 0.163624
-0.255666 0.367113 0.170145
-0.198313 0.340755 0.155552
-0.221713 0.385884 0.162074
-0.308710 -0.581935 -0.197210
0.548103 -0.108240 -0.400886
-0.670761 0.116321 -0.096308
0.186052 0.590017 -0.299984
-0.190892 0.345880 0.151272
-0.264768 0.363030 0.169791
-0.214262 0.390952 0.157785
-0.331836 0.298199 0.049197
-0.241401 0.317956 0.163277
-0.224014 0.356535 -0.031626
-0.279503 0.382887 -0.027410
-0.292309 0.375807 -0.024366
-0.256082 0.337718 -0.033937
-0.268888 0.330638 -0.030893
-0.247323 0.401487 -0.025131
-0.200401 0.370850 -0.019919
-0.316964 0.306408 0.007789
-0.591152 -0.127023 -0.327370
0.265661 0.346673 -0.531045
-0.484800 -0.332136 -0.357010
0.372013 0.141560 -0.560685
-0.586456 0.118956 0.264468
0.270357 0.592651 0.060792
-0.215516 -0.596445 0.161089
0.641297 -0.122750 -0.042587
-0.168764 0.387933 0.017701
-0.191643 0.432056 0.024077
-0.355392 0.341526 0.063003
-0.288204 -0.603305 -0.160646
0.568610 -0.129610 -0.364322
-0.671738 0.136385 -0.053756
0.185075 0.610080 -0.257432
-0.332514 0.297403 0.056626
-0.200482 -0.650244 0.099208
0.656331 -0.176548 -0.104467
-0.628137 0.174537 0.218394
0.228676 0.648233 0.014718
-0.298368 0.315427 -0.013954
-0.321677 0.360380 -0.007458
-0.276217 0.358362 0.167999
-0.205737 0.397327 0.151246
-0.252897 0.313387 0.161500
-0.182417 0.352352 0.144746
-0.444235 -0.026653 0.524112
0.412578 0.447043 0.320436
-0.219496 -0.460086 0.461478
0.637317 0.013609 0.257802
-0.350821 -0.511046 -0.209492
0.505992 -0.037351 -0.413168
-0.639744 0.046175 -0.128970
0.217069 0.519870 -0.332646
-0.294760 0.317213 -0.016927
-0.318091 0.362210 -0.010425
-0.321386 -0.545386 -0.165532
0.535427 -0.071691 -0.369208
-0.645084 0.078903 -0.075319
0.211729 0.552598 -0.278995
-0.299617 0.299735 0.136939
-0.158031 0.378013 0.103282
-0.322630 0.344117 0.143353
-0.181043 0.422395 0.109696
-0.508092 -0.291374 -0.360192
0.348721 0.182321 -0.563868
-0.572329 -0.167485 -0.342289
0.284484 0.306210 -0.545965
-0.228199 0.354011 -0.032751
-0.251530 0.399008 -0.026249
-0.330406 -0.557136 -0.230802
0.526407 -0.083440 -0.434478
-0.667375 0.092747 -0.136890
0.189438 0.566443 -0.340566
-0.436771 -0.410424 -0.337042
0.420042 0.063272 -0.540718
-0.623775 -0.049766 -0.284925
0.233038 0.423930 -0.488601
-0.327253 -0.243678 0.511478
0.529560 0.230018 0.307803
-0.309918 0.309810 -0.002024
-0.209887 0.365113 -0.025802
-0.333134 0.354584 0.004447
-0.233102 0.409888 -0.019332
-0.657859 0.051325 -0.193196
0.198954 0.525021 -0.396871
-0.364705 -0.514056 -0.274896
0.492109 -0.040360 -0.478572
-0.307054 0.348099 0.155288
-0.187403 0.414249 0.126846
-0.283927 0.303494 0.148843
-0.164275 0.369645 0.120400
-0.215760 -0.652211 0.030365
0.641053 -0.178515 -0.173310
-0.646626 0.178763 0.150446
-0.354714 0.340149 0.081055
0.210188 0.652459 -0.053230
-0.184542 0.434230 0.040602
-0.553694 0.090668 0.336498
0.303119 0.564363 0.132823
-0.210788 -0.570666 0.240932
0.646025 -0.096970 0.037256
-0.196407 0.342028 0.154563
-0.234539 0.320947 0.163627
-0.219801 0.387145 0.161082
-0.257933 0.366064 0.170147
-0.357099 -0.188220 0.514906
0.499714 0.285476 0.311230
-0.299667 -0.298985 0.498900
0.557146 0.174711 0.295224
-0.192695 0.344592 0.152421
-0.239107 0.318933 0.163454
-0.216073 0.389681 0.158937
-0.262485 0.364022 0.169969
-0.464103 -0.017938 0.460796
0.392710 0.455757 0.257120
-0.231431 -0.466673 0.395952
0.625382 0.007023 0.192276
-0.183196 0.434435 0.044701
-0.381988 -0.470583 -0.246497
0.474825 0.003113 -0.450173
-0.629682 0.007123 -0.177466
0.227131 0.480819 -0.381142
-0.160364 0.390401 0.038338
-0.248298 0.315151 0.162389
-0.185692 0.349763 0.147507
-0.271640 0.360168 0.168895
-0.209034 0.394781 0.154013
-0.339970 0.340769 0.122360
-0.432109 -0.044788 0.532941
0.424704 0.428908 0.329266
-0.225982 -0.442328 0.475495
0.630831 0.031368 0.271819
-0.645583 0.104576 -0.017710
0.211230 0.578271 -0.221386
-0.294341 -0.572835 -0.115600
0.562472 -0.099140 -0.319276
-0.306593 0.298341 0.129875
-0.156098 0.381543 0.094100
-0.329553 0.342623 0.136274
-0.179059 0.425825 0.100499
-0.664788 0.079716 -0.156316
0.192025 0.553411 -0.359992
-0.341632 -0.543527 -0.246378
0.515181 -0.069831 -0.450054
-0.177533 0.430574 0.083745
-0.243797 -0.606957 0.017669
0.613016 -0.133261 -0.186007
-0.628062 0.134143 0.124762
-0.332374 0.297617 0.054473
-0.169756 0.387522 0.015816
0.228751 0.607839 -0.078914
-0.218031 -0.600690 0.140634
0.638782 -0.126995 -0.063042
-0.593713 0.123855 0.245335
-0.246173 0.315994 0.162720
0.263100 0.597550 0.041659
-0.187257 0.348567 0.148715
-0.538971 -0.211633 -0.304636
0.317842 0.262063 -0.508311
-0.519763 -0.248678 -0.309989
0.337050 0.225018 -0.513664
-0.166598 0.388767 0.022125
-0.332662 0.296958 0.061600
-0.189461 0.432862 0.028497
-0.355525 0.341052 0.067972
-0.596630 0.154651 0.304686
0.260183 0.628347 0.101011
-0.188074 -0.633296 0.190823
0.668739 -0.159601 -0.012852
-0.603076 -0.069591 -0.243955
0.253737 0.404105 -0.447631
-0.435882 -0.392043 -0.290551
0.420931 0.081652 -0.494227
-0.633549 0.020792 -0.161943
0.223264 0.494487 -0.365619
-0.371449 -0.484698 -0.234989
0.485364 -0.011002 -0.438665
-0.257480 0.311710 0.160375
-0.179303 0.354931 0.141792
-0.280776 0.356639 0.166868
-0.202599 0.399860 0.148284
-0.581932 -0.147143 -0.335373
0.274882 0.326553 -0.539049
-0.496531 -0.311848 -0.359174
0.360282 0.161848 -0.562850
-0.275182 0.385323 -0.027925
-0.296490 0.373543 -0.022859
-0.251767 0.340166 -0.034450
-0.273075 0.328386 -0.029385
-0.376492 -0.498269 -0.287768
0.480321 -0.024573 -0.491444
-0.653534 0.036037 -0.210558
0.203279 0.509733 -0.414233
-0.269090 -0.621034 -0.121473
0.587723 -0.147338 -0.325149
-0.670296 0.152738 -0.009659
0.186517 0.626434 -0.213334
-0.453360 -0.033179 0.470546
0.403453 0.440517 0.266870
-0.236288 -0.451826 0.410049
0.620525 0.021870 0.206373
-0.274955 -0.352905 0.477451
0.581858 0.120791 0.273776
-0.388537 -0.133850 0.509106
0.468276 0.339846 0.305430
-0.338627 0.340976 0.124453
-0.177599 0.430002 0.086174
-0.315731 0.296819 0.118072
-0.154703 0.385845 0.079793

Edges:
0 2
1 3
4 6
6 8
7 9
10 11
12 13
5 14
15 16
17 18
19 20
21 22
23 24
25 26
27 28
7 29
30 32
31 33
34 35
36 37
38 40
39 41
27 42
42 43
26 45
44 45
46 47
48 49
50 51
52 53
54 56
55 57
58 59
60 61
62 63
38 64
64 65
39 66
66 67
69 70
55 71
71 72
54 74
73 74
68 75
76 77
78 79
80 82
81 83
24 85
84 85
21 86
86 87
88 89
90 91
64 92
65 92
66 93
67 93
92 94
93 95
25 96
44 96
26 97
44 97
45 97
96 97
27 98
42 98
43 98
28 99
43 99
98 99
17 100
18 100
18 101
100 101
19 102
19 103
20 103
102 103
104 106
105 107
108 109
110 111
112 114
113 115
116 117
118 119
69 120
120 121
14 122
122 123
3 124
68 124
74 124
124 125
126 128
127 129
27 130
42 130
27 131
28 131
43 131
99 131
130 131
25 132
26 132
44 132
96 132
26 133
45 133
132 133
134 136
135 137
138 139
48 140
49 141
140 141
46 142
47 143
142 143
78 144
79 144
79 145
144 145
76 146
76 147
77 147
146 147
36 148
36 149
37 149
148 149
34 150
35 150
35 151
150 151
152 154
153 155
156 157
158 159
78 160
144 160
79 161
160 161
76 162
77 163
147 163
162 163
164 165
88 166
89 166
18 167
89 167
166 167
19 168
90 168
90 169
91 169
168 169
64 173
171 173
66 174
172 174
170 175
176 177
82 178
154 178
83 179
155 179
73 180
74 180
181 182
87 184
183 184
84 185
185 186
71 187
72 187
180 188
187 189
64 190
105 190
113 190
51 191
66 191
67 191
104 191
112 191
190 191
52 192
62 192
63 192
63 193
192 193
34 194
34 195
35 195
194 195
36 196
37 196
37 197
196 197
198 199
105 202
107 202
190 202
203 205
204 206
107 207
202 207
104 208
106 208
191 208
106 209
208 209
112 210
191 210
112 211
114 211
210 211
156 212
157 213
212 213
158 214
159 215
214 215
113 217
190 217
113 218
115 218
217 218
66 219
64 220
127 221
219 221
126 222
220 222
81 223
83 223
155 223
179 223
82 224
154 224
178 224
81 225
223 225
80 226
82 226
154 226
224 226
23 228
24 228
84 228
185 228
24 229
85 229
185 229
186 229
228 229
21 230
86 230
183 230
184 230
21 231
22 231
87 231
184 231
230 231
128 232
127 233
129 233
126 234
128 234
232 234
127 235
233 235
90 236
91 237
169 237
236 237
88 238
166 238
89 239
238 239
15 240
16 240
15 242
240 242
241 243
69 244
70 244
120 244
70 245
121 245
244 245
0 246
5 246
71 246
122 246
125 247
1 248
74 248
75 248
124 248
247 248
71 249
123 249
246 249
190 250
191 250
190 251
250 252
251 253
254 256
255 257
258 260
259 261
262 264
263 265
17 266
100 266
101 267
266 267
102 268
20 269
103 269
268 269
270 272
271 273
274 276
275 277
278 279
30 280
32 280
203 280
31 281
204 281
206 281
32 282
203 282
205 282
280 282
31 283
33 283
206 283
281 283
144 284
145 284
212 284
145 285
157 285
212 285
213 285
284 285
146 286
158 286
214 286
215 286
146 287
147 287
215 287
286 287
156 288
183 288
212 288
213 288
183 289
184 289
213 289
288 289
185 290
186 290
214 290
159 291
186 291
214 291
215 291
290 291
152 292
154 292
178 292
153 293
155 293
179 293
294 295
31 296
165 296
182 296
204 296
256 296
259 296
274 296
281 296
30 297
170 297
199 297
203 297
257 297
258 297
275 297
280 297
296 297
275 298
297 298
68 299
124 299
5 300
14 300
122 300
68 301
75 301
248 301
299 301
5 302
246 302
300 302
1 303
3 303
3 304
124 304
303 304
179 307
305 307
178 308
306 308
309 310
64 311
66 312
311 313
312 314
146 315
158 315
159 315
286 315
159 316
215 316
287 316
315 316
156 317
212 317
284 317
145 318
156 318
157 318
285 318
317 318
31 319
254 319
256 319
296 319
31 320
33 320
254 320
319 320
196 321
37 322
197 322
321 322
34 323
194 323
195 324
323 324
274 325
296 325
270 326
272 326
30 327
255 327
257 327
297 327
30 328
32 328
255 328
327 328
272 329
326 329
263 330
265 330
264 331
263 332
330 332
262 333
264 333
331 333
253 334
190 335
251 335
253 335
334 335
105 336
107 336
115 336
105 337
113 337
115 337
190 337
336 337
250 338
252 338
191 339
250 339
338 339
60 340
61 341
340 341
58 342
59 343
342 343
259 344
261 344
273 345
104 346
106 346
114 346
104 347
112 347
114 347
191 347
346 347
271 348
273 348
345 348
258 349
260 349
138 350
139 351
350 351
201 352
262 352
296 352
333 352
200 353
263 353
332 353
295 355
354 355
110 356
110 357
111 357
356 357
108 358
109 358
109 359
358 359
58 360
342 360
58 361
59 361
151 361
360 361
60 362
61 362
148 362
61 363
341 363
362 363
0 364
0 365
2 365
364 365
23 366
84 366
228 366
24 367
84 367
85 367
366 367
21 368
86 368
87 368
22 369
87 369
231 369
368 369
135 370
137 370
297 370
134 371
136 371
12 372
372 373
11 375
374 375
196 376
197 376
321 376
197 377
376 377
194 378
194 379
195 379
324 379
378 379
50 380
51 380
190 380
51 381
66 381
191 381
380 381
52 382
62 382
192 382
52 383
53 383
193 383
382 383
64 384
126 384
178 384
222 384
234 384
292 384
127 385
179 385
221 385
235 385
314 385
176 386
177 386
63 387
177 387
386 387
71 388
372 389
373 389
373 390
389 390
374 391
374 392
375 392
391 392
8 393
80 393
152 393
178 393
226 393
306 393
9 394
81 394
179 394
225 394
305 394
385 394
176 395
386 395
177 396
395 396
388 397
398 399
400 401
296 403
297 403
402 403
378 404
404 405
377 407
406 407
19 408
102 408
168 408
268 408
269 408
20 409
168 409
169 409
269 409
408 409
17 410
166 410
167 410
266 410
18 411
101 411
167 411
266 411
267 411
410 411
122 412
123 412
397 412
125 413
247 413
71 414
123 414
249 414
388 414
397 414
412 414
74 415
247 415
248 415
413 415
156 416
157 416
183 416
288 416
157 417
213 417
289 417
416 417
158 418
214 418
290 418
158 419
159 419
186 419
291 419
418 419
420 421
422 423
413 424
415 424
4 425
6 425
178 425
278 425
393 425
6 426
8 426
178 426
308 426
425 426
7 427
29 427
179 427
307 427
309 427
7 428
9 428
307 428
427 428
176 429
176 430
177 430
396 430
429 430
425 432
431 432
74 433
415 433
424 433
55 434
57 434
189 434
110 435
435 436
109 438
437 438
54 439
74 439
180 439
188 439
54 440
56 440
188 440
439 440
153 441
155 441
223 441
225 441
394 441
152 442
154 442
226 442
393 442
270 443
374 444
391 444
392 445
444 445
389 446
373 447
390 447
446 447
23 448
366 448
366 449
367 449
448 449
368 450
369 450
22 451
369 451
450 451
55 452
71 452
187 452
189 452
434 452
136 453
135 454
137 454
134 455
136 455
453 455
135 456
454 456
270 457
272 457
443 457
19 458
20 458
90 458
168 458
236 458
20 459
169 459
236 459
237 459
409 459
458 459
17 460
166 460
238 460
239 460
410 460
17 461
18 461
89 461
167 461
239 461
460 461
424 462
433 462
388 463
397 463
74 464
433 464
462 464
71 465
388 465
463 465
400 466
401 467
466 467
398 468
399 469
468 469
42 470
130 470
162 470
163 470
42 471
43 471
77 471
163 471
470 471
44 472
45 472
78 472
160 472
45 473
133 473
160 473
161 473
472 473
427 475
474 475
309 476
427 476
278 477
425 477
309 478
310 478
476 478
278 479
279 479
477 479
271 480
273 480
271 481
480 481
482 483
484 485
222 486
384 486
219 487
221 487
385 487
64 488
220 488
222 488
486 488
66 489
219 489
487 489
50 490
190 490
380 490
51 491
190 491
191 491
490 491
52 492
192 492
193 492
53 493
193 493
383 493
492 493
48 494
140 494
406 494
407 494
48 495
49 495
407 495
494 495
46 496
47 496
404 496
47 497
143 497
404 497
405 497
496 497
352 499
81 500
83 500
394 500
82 501
178 501
80 502
82 502
393 502
501 502
60 503
148 503
340 503
341 503
362 503
148 504
149 504
341 504
363 504
503 504
150 505
151 505
342 505
360 505
59 506
151 506
342 506
343 506
361 506
505 506
57 507
71 507
122 507
189 507
246 507
397 507
412 507
434 507
463 507
216 508
507 508
56 509
74 509
124 509
125 509
188 509
413 509
424 509
440 509
462 509
227 510
509 510
69 511
120 511
70 512
120 512
121 512
245 512
511 512
144 513
160 513
161 513
284 513
317 513
79 514
145 514
161 514
317 514
318 514
513 514
76 515
146 515
162 515
315 515
316 515
147 516
162 516
163 516
287 516
316 516
515 516
83 517
179 517
500 517
118 518
119 518
119 519
518 519
116 520
116 521
117 521
520 521
425 522
427 523
522 524
523 525
482 526
526 527
485 529
528 529
12 530
13 530
372 530
389 530
446 530
13 531
373 531
446 531
447 531
530 531
10 532
374 532
444 532
445 532
10 533
11 533
375 533
392 533
445 533
532 533
190 534
250 534
251 534
252 534
251 535
252 535
253 535
534 535
44 536
78 536
132 536
133 536
472 536
78 537
79 537
133 537
161 537
473 537
536 537
76 538
77 538
130 538
162 538
470 538
43 539
77 539
130 539
131 539
471 539
538 539
71 540
72 540
216 540
270 540
326 540
352 540
443 540
499 540
74 541
227 541
271 541
348 541
353 541
481 541
498 541
509 541
69 542
354 542
355 542
511 542
69 543
70 543
355 543
542 543
46 544
142 544
143 544
496 544
143 545
405 545
497 545
544 545
140 546
406 546
494 546
49 547
140 547
141 547
495 547
546 547
425 548
477 548
522 548
524 548
477 549
479 549
524 549
548 549
136 550
264 550
296 550
331 550
352 550
371 550
453 550
540 550
137 551
265 551
297 551
330 551
353 551
370 551
454 551
294 552
295 552
354 552
295 553
355 553
543 553
552 553
296 554
297 554
297 555
449 555
554 555
294 556
450 556
294 557
295 557
556 557
10 558
374 558
375 558
532 558
11 559
375 559
558 559
12 560
372 560
13 561
372 561
373 561
531 561
560 561
378 562
404 562
496 562
544 562
545 562
378 563
379 563
405 563
545 563
562 563
376 564
377 564
406 564
546 564
377 565
407 565
495 565
546 565
547 565
564 565
312 566
314 566
385 566
313 567
384 567
50 568
490 568
490 569
491 569
568 569
492 570
493 570
53 571
493 571
570 571
108 572
437 572
108 573
109 573
438 573
572 573
110 574
111 574
435 574
111 575
436 575
574 575
179 576
305 576
307 576
36 577
196 577
321 577
37 578
149 578
321 578
322 578
577 578
34 579
150 579
323 579
324 579
35 580
195 580
324 580
579 580
305 581
394 581
576 581
427 582
476 582
523 582
525 582
0 583
2 583
246 583
302 583
39 584
41 584
66 584
476 585
478 585
525 585
582 585
64 586
128 586
152 586
178 586
220 586
232 586
384 586
393 586
66 587
129 587
153 587
233 587
385 587
394 587
441 587
62 588
386 588
395 588
396 588
62 589
63 589
177 589
387 589
396 589
588 589
2 590
122 590
300 590
302 590
583 590
58 591
340 591
342 591
343 591
61 592
340 592
341 592
343 592
591 592
296 593
593 594
297 595
595 596
350 597
435 597
436 597
574 597
139 598
350 598
351 598
436 598
597 598
138 599
350 599
351 599
437 599
351 600
437 600
438 600
573 600
599 600
54 601
56 601
74 601
464 601
191 603
602 603
1 604
248 604
299 604
301 604
1 605
3 605
124 605
299 605
604 605
56 606
462 606
464 606
509 606
601 606
204 607
296 607
203 608
205 608
297 608
204 609
206 609
607 609
205 610
608 610
179 611
293 611
385 611
292 612
384 612
153 613
293 613
587 613
611 613
152 614
292 614
586 614
612 614
38 615
40 615
64 615
10 616
11 616
356 616
11 617
356 617
357 617
559 617
616 617
12 618
358 618
359 618
560 618
12 619
13 619
359 619
618 619
65 620
92 620
94 620
190 622
621 622
422 623
423 623
423 624
623 624
420 625
420 626
421 626
625 626
134 627
259 627
261 627
371 627
135 628
260 628
259 629
296 629
371 629
550 629
627 629
135 630
258 630
260 630
297 630
370 630
628 630
227 631
345 631
348 631
541 631
216 632
326 632
329 632
540 632
227 633
345 633
510 633
631 633
216 634
329 634
507 634
508 634
632 634
306 635
393 635
178 636
306 636
308 636
635 636
304 637
16 638
364 638
365 638
303 639
304 639
637 639
15 640
16 640
364 640
638 640
67 641
93 641
95 641
62 642
382 642
386 642
387 642
588 642
63 643
193 643
382 643
383 643
387 643
642 643
40 644
64 644
94 644
107 644
115 644
171 644
190 644
207 644
218 644
253 644
313 644
334 644
336 644
380 644
381 644
384 644
535 644
567 644
620 644
621 644
41 645
66 645
95 645
106 645
114 645
172 645
209 645
211 645
252 645
314 645
338 645
346 645
381 645
385 645
535 645
587 645
602 645
641 645
644 645
331 646
333 646
330 647
332 647
551 647
118 648
518 648
519 649
648 649
520 650
117 651
521 651
650 651
625 652
421 653
626 653
652 653
422 654
623 654
624 655
654 655
65 656
207 656
620 656
644 656
67 657
209 657
641 657
645 657
64 658
65 658
190 658
202 658
207 658
656 658
67 659
191 659
208 659
209 659
657 659
645 660
644 661
191 662
660 662
190 663
661 663
393 664
501 664
502 664
635 664
394 665
500 665
517 665
581 665
178 666
501 666
635 666
636 666
664 666
179 667
517 667
576 667
581 667
665 667
55 668
57 668
71 668
465 668
27 669
28 669
98 669
528 669
28 670
528 670
529 670
669 670
25 671
526 671
527 671
25 672
26 672
97 672
527 672
671 672
57 673
463 673
465 673
507 673
668 673
232 674
586 674
612 674
614 674
233 675
235 675
587 675
613 675
232 676
234 676
384 676
612 676
674 676
235 677
385 677
611 677
613 677
675 677
41 678
312 678
314 678
584 678
645 678
40 679
313 679
615 679
644 679
66 680
312 680
584 680
678 680
64 681
311 681
313 681
615 681
679 681
190 682
217 682
621 682
622 682
191 683
210 683
602 683
603 683
217 684
218 684
621 684
644 684
682 684
210 685
211 685
602 685
645 685
683 685
402 686
403 686
610 686
402 687
607 687
609 687
297 688
403 688
608 688
610 688
686 688
296 689
402 689
403 689
607 689
687 689
244 690
245 690
429 690
121 691
245 691
690 691
0 692
15 692
122 692
242 692
246 692
364 692
524 692
640 692
241 693
243 693
525 693
1 694
243 694
248 694
303 694
427 694
639 694
693 694
242 695
522 695
524 695
692 695
9 696
305 696
307 696
394 696
428 696
14 697
122 697
123 697
249 697
68 698
75 698
124 698
125 698
5 699
14 699
246 699
249 699
697 699
75 700
125 700
247 700
248 700
698 700
48 701
49 701
482 701
49 702
141 702
482 702
483 702
701 702
46 703
142 703
484 703
485 703
46 704
47 704
485 704
703 704
262 705
352 705
263 706
265 706
353 706
262 707
264 707
550 707
705 707
265 708
551 708
706 708
116 709
569 710
709 710
570 711
119 712
711 712
499 714
498 715
541 715
713 715
499 716
540 716
714 716
200 717
353 717
456 717
201 718
453 718
455 718
200 719
454 719
456 719
551 719
717 719
201 720
453 720
550 720
718 720
254 721
256 721
256 722
296 722
721 722
255 723
257 723
257 724
297 724
723 724
518 725
648 725
649 725
652 725
626 726
649 726
652 726
653 726
725 726
623 727
650 727
654 727
655 727
521 728
650 728
651 728
655 728
727 728
277 729
274 730
276 730
296 730
275 731
277 731
297 731
729 731
8 732
306 732
308 732
393 732
426 732
276 733
730 733
39 734
66 734
172 734
174 734
338 735
339 735
645 735
660 735
334 736
644 736
661 736
663 736
191 737
339 737
660 737
662 737
735 737
190 738
334 738
335 738
663 738
736 738
39 739
41 739
172 739
645 739
734 739
66 740
127 740
129 740
219 740
221 740
587 740
126 741
128 741
220 741
222 741
586 741
358 742
560 742
618 742
13 743
560 743
561 743
619 743
742 743
10 744
558 744
559 744
616 744
357 745
559 745
617 745
744 745
33 746
206 746
254 746
276 746
283 746
320 746
402 746
448 746
554 746
594 746
609 746
687 746
721 746
733 746
32 747
205 747
255 747
277 747
282 747
297 747
328 747
402 747
448 747
449 747
555 747
596 747
610 747
686 747
723 747
729 747
746 747
294 748
450 748
451 748
556 748
451 749
557 749
748 749
29 750
474 750
29 751
427 751
474 751
475 751
750 751
4 752
425 752
431 752
432 752
118 753
648 753
711 753
712 753
119 754
519 754
648 754
649 754
712 754
753 754
116 755
520 755
650 755
651 755
709 755
117 756
651 756
709 756
710 756
755 756
4 757
431 757
752 757
354 758
511 758
542 758
552 758
553 758
70 759
511 759
512 759
543 759
553 759
758 759
71 760
272 760
329 760
331 760
457 760
507 760
540 760
550 760
634 760
646 760
714 760
273 761
345 761
353 761
480 761
509 761
510 761
541 761
551 761
633 761
647 761
713 761
38 762
64 762
171 762
173 762
38 763
40 763
171 763
644 763
762 763
165 764
181 764
182 764
296 764
170 765
198 765
199 765
297 765
164 766
165 766
181 766
764 766
170 767
175 767
198 767
765 767
484 768
528 768
529 768
485 769
529 769
704 769
768 769
482 770
526 770
701 770
483 771
526 771
527 771
770 771
398 772
420 772
421 772
468 772
421 773
468 773
469 773
772 773
422 774
466 774
467 774
401 775
422 775
423 775
467 775
774 775
64 776
92 776
94 776
173 776
94 777
171 777
173 777
644 777
776 777
518 778
519 778
625 778
652 778
725 778
519 779
625 779
626 779
649 779
726 779
778 779
520 780
623 780
624 780
650 780
727 780
520 781
521 781
624 781
655 781
728 781
780 781
333 782
352 782
499 782
646 782
332 783
353 783
498 783
541 783
647 783
499 784
646 784
714 784
760 784
782 784
498 785
647 785
713 785
715 785
761 785
783 785
110 786
356 786
435 786
111 787
435 787
436 787
575 787
786 787
108 788
437 788
438 788
572 788
109 789
359 789
438 789
788 789
66 790
93 790
95 790
174 790
95 791
172 791
174 791
645 791
790 791
420 792
625 792
652 792
653 792
421 793
653 793
773 793
792 793
422 794
654 794
774 794
423 795
624 795
654 795
655 795
794 795
90 796
91 796
236 796
391 796
91 797
391 797
392 797
445 797
796 797
88 798
389 798
390 798
446 798
88 799
89 799
239 799
390 799
798 799
58 800
59 800
60 800
340 800
591 800
59 801
60 801
61 801
343 801
592 801
800 801
64 802
311 802
313 802
486 802
488 802
567 802
66 803
312 803
489 803
566 803
384 804
486 804
567 804
802 804
385 805
487 805
489 805
566 805
803 805
400 806
400 807
401 807
467 807
806 807
398 808
399 808
468 808
399 809
808 809
201 810
550 810
705 810
707 810
720 810
200 811
551 811
708 811
719 811
201 812
352 812
705 812
810 812
200 813
353 813
706 813
708 813
811 813
120 814
121 814
244 814
429 814
690 814
121 815
429 815
430 815
691 815
814 815
2 816
16 816
122 816
240 816
365 816
425 816
590 816
638 816
692 816
240 817
242 817
425 817
522 817
695 817
816 817
124 818
241 818
248 818
304 818
427 818
523 818
637 818
694 818
241 819
523 819
525 819
693 819
818 819
84 820
85 820
185 820
290 820
418 820
85 821
186 821
229 821
418 821
419 821
820 821
86 822
183 822
230 822
416 822
417 822
86 823
87 823
184 823
289 823
417 823
822 823
596 824
723 824
724 824
747 824
594 825
721 825
722 825
746 825
297 826
595 826
596 826
724 826
824 826
296 827
593 827
594 827
722 827
825 827
150 828
360 828
505 828
579 828
580 828
35 829
151 829
360 829
361 829
580 829
828 829
36 830
148 830
362 830
363 830
577 830
149 831
363 831
504 831
577 831
578 831
830 831
595 832
596 832
729 832
747 832
593 833
594 833
733 833
746 833
297 834
595 834
729 834
731 834
832 834
296 835
593 835
730 835
733 835
833 835
98 836
99 836
528 836
669 836
28 837
99 837
670 837
836 837
25 838
96 838
671 838
96 839
97 839
527 839
672 839
838 839
241 840
243 840
637 840
818 840
102 841
268 841
102 842
103 842
809 842
841 842
100 843
101 843
806 843
101 844
267 844
843 844
243 845
637 845
639 845
694 845
840 845
164 846
325 846
175 847
298 847
164 848
165 848
296 848
325 848
846 848
170 849
175 849
297 849
298 849
847 849
72 850
187 850
189 850
507 850
142 851
484 851
703 851
768 851
769 851
47 852
142 852
143 852
704 852
769 852
851 852
48 853
140 853
141 853
701 853
770 853
141 854
483 854
702 854
770 854
771 854
853 854
116 855
117 855
568 855
709 855
117 856
568 856
569 856
710 856
756 856
855 856
118 857
570 857
571 857
711 857
753 857
118 858
119 858
571 858
712 858
857 858
443 859
540 859
714 859
716 859
481 860
541 860
715 860
443 861
457 861
714 861
760 861
859 861
480 862
481 862
713 862
715 862
761 862
860 862
400 863
401 863
466 863
774 863
794 863
401 864
423 864
775 864
794 864
795 864
863 864
398 865
420 865
772 865
792 865
793 865
398 866
399 866
469 866
773 866
793 866
865 866
73 867
180 867
188 867
509 867
176 868
395 868
429 868
690 868
691 868
395 869
396 869
430 869
691 869
815 869
868 869
8 870
279 870
393 870
425 870
431 870
479 870
524 870
549 870
692 870
757 870
816 870
4 871
6 871
8 871
757 871
870 871
7 872
9 872
29 872
394 872
750 872
179 873
310 873
394 873
427 873
474 873
478 873
525 873
585 873
693 873
694 873
750 873
872 873
294 874
354 874
552 874
748 874
749 874
295 875
354 875
355 875
557 875
749 875
874 875
134 876
164 876
181 876
201 876
261 876
296 876
344 876
352 876
455 876
554 876
627 876
718 876
746 876
766 876
846 876
274 877
276 877
325 877
746 877
846 877
876 877
135 878
175 878
198 878
260 878
277 878
297 878
349 878
353 878
456 878
551 878
628 878
717 878
747 878
767 878
847 878
275 879
277 879
298 879
847 879
878 879
138 880
139 880
437 880
572 880
599 880
139 881
351 881
572 881
573 881
600 881
880 881
138 882
350 882
574 882
575 882
597 882
138 883
139 883
436 883
575 883
598 883
882 883
310 884
474 884
475 884
873 884
279 885
431 885
432 885
870 885
309 886
310 886
427 886
475 886
884 886
278 887
279 887
425 887
432 887
885 887
23 888
448 888
554 888
555 888
746 888
23 889
24 889
367 889
449 889
555 889
888 889
21 890
22 890
368 890
450 890
556 890
22 891
451 891
556 891
557 891
749 891
890 891
88 892
238 892
446 892
447 892
798 892
238 893
239 893
390 893
447 893
799 893
892 893
236 894
237 894
391 894
444 894
796 894
91 895
237 895
444 895
445 895
797 895
894 895
400 896
466 896
806 896
843 896
844 896
466 897
467 897
807 897
844 897
896 897
468 898
469 898
808 898
841 898
399 899
469 899
809 899
841 899
842 899
898 899
181 900
182 900
344 900
876 900
198 901
199 901
349 901
878 901
182 902
259 902
296 902
344 902
900 902
199 903
258 903
297 903
349 903
901 903
108 904
358 904
742 904
788 904
789 904
359 905
619 905
742 905
743 905
789 905
904 905
356 906
616 906
744 906
745 906
786 906
111 907
357 907
745 907
786 907
787 907
906 907
602 908
603 908
645 908
660 908
662 908
621 909
622 909
644 909
661 909
191 910
603 910
662 910
908 910
190 911
622 911
661 911
663 911
909 911
268 912
808 912
809 912
841 912
898 912
103 913
268 913
269 913
809 913
842 913
912 913
100 914
266 914
267 914
806 914
843 914
267 915
806 915
807 915
844 915
897 915
914 915
52 916
53 916
492 916
570 916
711 916
53 917
571 917
711 917
712 917
858 917
916 917
50 918
568 918
709 918
710 918
855 918
50 919
51 919
491 919
569 919
710 919
918 919
484 920
528 920
768 920
836 920
837 920
484 921
485 921
529 921
670 921
837 921
920 921
482 922
483 922
526 922
671 922
838 922
483 923
527 923
771 923
838 923
839 923
922 923
321 924
322 924
376 924
406 924
564 924
197 925
322 925
377 925
406 925
407 925
924 925
194 926
323 926
378 926
404 926
405 926
323 927
324 927
379 927
405 927
563 927
926 927
72 928
507 928
508 928
850 928
73 929
509 929
510 929
867 929
72 930
216 930
508 930
540 930
928 930
73 931
74 931
227 931
510 931
541 931
929 931

Faces (Indices):
64 65 92
93 67 66
97 26 45
45 44 97
44 96 97
98 27 42
98 42 43
99 98 43
100 17 18
101 100 18
20 19 103
19 102 103
27 130 42
28 131 27
131 28 99
43 131 99
27 131 130
132 26 25
132 25 96
44 132 96
26 133 45
133 26 132
144 79 78
145 79 144
77 147 76
76 147 146
37 149 36
36 149 148
150 35 34
151 35 150
144 78 160
147 77 163
166 89 88
167 89 166
91 169 90
90 169 168
74 73 180
187 72 71
66 67 191
192 62 63
193 192 63
35 195 34
34 195 194
196 37 36
197 37 196
202 105 107
105 202 190
207 202 107
104 208 106
208 104 191
106 208 209
112 210 191
211 112 114
210 112 211
217 113 190
115 113 218
113 217 218
223 81 83
223 83 179
155 223 179
82 224 178
224 154 178
225 81 223
226 82 80
224 82 226
154 224 226
228 24 23
185 228 84
24 229 85
186 229 185
229 24 228
185 229 228
21 230 86
230 184 183
22 231 21
184 231 87
21 231 230
231 184 230
129 233 127
234 128 126
232 128 234
127 233 235
169 91 237
166 88 238
240 16 15
242 240 15
244 69 70
244 120 69
245 244 70
248 124 74
246 249 71
250 190 191
100 266 17
103 269 20
30 32 280
204 206 281
282 205 203
32 282 280
280 282 203
283 33 31
281 283 31
206 283 281
284 145 144
285 213 157
213 285 212
285 145 284
212 285 284
286 214 158
286 215 214
147 287 146
146 287 286
287 215 286
288 212 156
288 213 212
184 289 183
183 289 288
289 213 288
290 186 185
291 215 159
215 291 214
291 186 290
214 291 290
154 152 292
154 292 178
293 153 155
179 293 155
281 31 296
296 204 281
30 280 297
297 280 203
298 275 297
124 299 68
300 14 5
122 14 300
301 75 68
75 301 248
299 301 68
302 5 246
302 300 5
303 1 3
304 3 124
304 303 3
315 158 159
146 286 315
315 286 158
159 215 316
215 287 316
316 315 159
156 212 317
212 284 317
157 156 318
145 285 318
318 285 157
156 317 318
319 254 256
31 319 296
296 319 256
33 320 31
31 320 319
320 254 319
37 197 322
34 194 323
274 325 296
270 326 272
257 255 327
327 30 297
297 257 327
328 32 30
327 328 30
255 328 327
272 326 329
330 263 265
332 263 330
262 333 264
264 333 331
190 251 335
335 251 253
334 335 253
107 105 336
337 113 115
190 337 105
113 337 190
105 337 336
336 337 115
252 250 338
339 250 191
250 339 338
344 261 259
346 104 106
112 347 114
104 347 191
191 347 112
347 104 346
114 347 346
348 271 273
345 348 273
260 349 258
262 352 333
263 332 353
111 110 357
110 356 357
358 108 109
359 358 109
58 342 360
59 58 361
58 360 361
362 60 61
61 341 363
363 362 61
365 2 0
364 365 0
228 23 366
84 228 366
367 24 85
85 84 367
84 366 367
368 21 86
368 86 87
231 22 369
87 231 369
369 368 87
370 137 135
371 134 136
376 197 196
376 196 321
377 197 376
195 379 194
379 195 324
194 379 378
380 51 50
51 381 191
191 381 66
381 51 380
52 382 192
192 382 62
53 383 52
52 383 382
384 126 222
234 126 384
178 292 384
221 127 385
385 127 235
386 177 176
387 177 386
389 373 372
390 373 389
375 392 374
374 392 391
226 80 393
81 225 394
385 179 394
386 176 395
297 403 296
19 408 102
168 408 19
408 268 102
408 269 268
169 409 168
269 409 20
168 409 408
409 269 408
410 167 166
266 410 17
18 411 101
167 411 18
411 267 101
267 411 266
411 167 410
266 411 410
412 123 122
125 247 413
249 414 71
249 123 414
414 388 71
388 414 397
123 412 414
414 412 397
74 415 248
415 247 248
247 415 413
416 156 157
416 288 156
183 288 416
157 213 417
213 289 417
417 416 157
158 214 418
214 290 418
159 158 419
419 291 159
186 291 419
158 418 419
413 415 424
4 6 425
425 178 393
426 6 8
426 308 178
6 426 425
425 426 178
7 29 427
179 307 427
428 9 7
427 428 7
307 428 427
177 430 176
430 177 396
176 430 429
433 415 74
415 433 424
434 55 57
439 54 74
180 439 74
439 180 188
56 54 440
54 439 440
440 439 188
153 441 155
155 441 223
441 225 223
225 441 394
442 152 154
226 442 154
152 442 393
393 442 226
374 391 444
373 390 447
366 23 448
367 366 449
366 448 449
450 368 369
369 22 451
451 450 369
71 55 452
452 187 71
187 452 189
452 55 434
189 452 434
135 137 454
134 455 136
136 455 453
135 454 456
457 270 272
443 270 457
458 19 20
458 168 19
90 168 458
236 90 458
459 169 237
237 236 459
20 409 459
409 169 459
459 458 20
236 458 459
460 166 238
460 238 239
17 410 460
410 166 460
18 17 461
461 167 18
89 167 461
239 89 461
17 460 461
461 460 239
424 433 462
463 388 397
464 433 74
433 464 462
71 388 465
465 388 463
42 130 470
470 162 163
43 42 471
163 77 471
42 470 471
471 470 163
472 44 45
160 78 472
45 133 473
161 160 473
473 472 45
160 472 473
427 309 476
477 278 425
310 478 309
309 478 476
279 278 479
278 477 479
273 271 480
271 481 480
222 486 384
487 219 221
487 221 385
488 220 64
488 222 220
486 222 488
66 219 489
489 219 487
380 50 490
190 380 490
491 51 191
191 190 491
190 490 491
492 52 192
492 192 193
383 53 493
193 383 493
493 492 193
48 140 494
494 406 407
49 48 495
48 494 495
495 494 407
496 46 47
47 143 497
405 404 497
497 496 47
404 496 497
81 500 83
394 500 81
178 501 82
80 82 502
80 502 393
82 501 502
503 340 60
503 341 340
362 503 60
148 503 362
149 504 148
341 504 363
148 504 503
504 341 503
505 151 150
342 505 360
506 343 59
343 506 342
361 506 59
151 506 361
506 151 505
342 506 505
71 507 246
507 122 246
507 412 122
397 412 507
434 57 507
507 189 434
463 397 507
124 509 74
124 125 509
125 413 509
509 413 424
56 440 509
440 188 509
424 462 509
120 511 69
121 512 120
70 512 245
512 121 245
120 512 511
513 144 160
513 160 161
284 144 513
317 284 513
79 145 514
161 79 514
514 145 318
318 317 514
514 513 161
317 513 514
76 146 515
162 76 515
515 146 315
515 315 316
516 147 163
163 162 516
287 147 516
316 287 516
162 515 516
516 515 316
83 517 179
83 500 517
518 118 119
519 518 119
117 116 521
116 520 521
530 12 13
530 372 12
389 372 530
446 389 530
531 373 447
447 446 531
531 530 13
446 530 531
532 374 444
532 444 445
11 10 533
533 375 11
392 375 533
445 392 533
10 532 533
533 532 445
250 534 190
534 251 190
534 250 252
253 251 535
251 534 535
535 534 252
536 132 44
536 133 132
472 536 44
78 536 472
79 537 78
537 79 161
133 537 473
473 537 161
78 537 536
537 133 536
538 77 76
538 76 162
130 538 470
470 538 162
539 131 43
131 539 130
471 539 43
77 539 471
539 77 538
130 539 538
71 72 540
326 270 540
270 443 540
540 499 352
541 271 348
481 271 541
74 509 541
542 354 355
69 511 542
70 69 543
69 542 543
543 542 355
544 142 46
544 143 142
496 544 46
143 545 497
497 545 405
545 143 544
140 546 494
494 546 406
547 141 49
141 547 140
495 547 49
140 547 546
548 477 425
425 522 548
548 522 524
479 477 549
477 548 549
549 548 524
264 331 550
296 550 352
550 371 136
136 453 550
352 550 540
551 330 265
137 370 551
551 370 297
454 137 551
552 295 294
295 553 355
355 553 543
553 295 552
554 297 296
555 297 554
295 557 294
294 557 556
558 375 374
10 558 532
558 374 532
375 559 11
559 375 558
372 560 12
373 561 372
13 561 531
561 373 531
372 561 560
378 562 404
404 562 496
562 544 496
562 545 544
379 563 378
545 563 405
378 563 562
563 545 562
564 377 376
546 564 406
377 565 407
407 565 495
565 547 495
547 565 546
565 377 564
546 565 564
314 312 566
314 566 385
490 50 568
491 490 569
490 568 569
570 492 493
493 53 571
571 570 493
109 108 573
573 438 109
108 572 573
574 110 111
574 435 110
575 574 111
576 307 179
576 305 307
196 36 577
321 196 577
149 37 578
578 37 322
322 321 578
321 577 578
150 34 579
579 34 323
579 323 324
195 35 580
324 195 580
580 579 324
305 581 394
581 305 576
476 582 427
582 523 427
582 525 523
0 2 583
0 583 246
246 583 302
39 584 41
584 39 66
478 585 476
476 585 582
585 525 582
64 220 586
128 232 586
586 384 64
178 384 586
586 152 393
393 178 586
233 129 587
587 385 394
441 153 587
394 441 587
588 386 395
588 395 396
63 62 589
589 387 63
177 387 589
396 177 589
62 588 589
589 588 396
590 122 300
590 300 302
2 590 583
583 590 302
591 342 58
591 343 342
592 341 61
341 592 340
340 592 591
592 343 591
597 436 435
597 435 574
598 351 139
351 598 350
350 598 597
598 436 597
599 350 138
599 351 350
438 600 437
600 438 573
600 351 599
437 600 599
601 54 56
74 54 601
601 464 74
604 1 248
301 604 248
604 301 299
3 1 605
3 605 124
605 299 124
1 604 605
605 604 299
462 464 606
509 606 56
462 606 509
606 601 56
464 601 606
607 204 296
203 205 608
203 608 297
609 206 204
607 609 204
205 610 608
611 293 179
385 611 179
292 612 384
613 153 293
587 153 613
611 613 293
152 614 292
614 152 586
292 614 612
615 38 40
64 38 615
616 10 11
357 356 617
11 559 617
617 616 11
356 616 617
618 358 359
12 560 618
13 12 619
12 618 619
619 618 359
92 65 620
94 92 620
623 422 423
624 623 423
421 420 626
420 625 626
261 627 259
627 134 371
259 629 296
296 629 550
629 371 550
259 627 629
629 627 371
630 260 258
297 630 258
630 370 135
370 630 297
135 628 630
628 260 630
631 348 345
631 227 541
348 631 541
326 632 329
216 632 540
632 326 540
510 227 633
227 631 633
633 631 345
634 216 508
634 508 507
632 216 634
329 632 634
635 306 393
178 308 636
636 308 306
635 636 306
638 365 364
639 303 304
637 639 304
15 16 640
16 638 640
640 638 364
67 93 641
641 93 95
382 642 62
642 387 386
62 642 588
642 386 588
63 643 193
643 383 193
383 643 382
387 643 63
382 643 642
643 387 642
64 644 190
207 107 644
115 218 644
334 253 644
644 107 336
336 115 644
644 380 190
644 381 380
384 644 64
644 253 535
567 313 644
384 567 644
94 620 644
106 209 645
211 114 645
252 338 645
346 106 645
645 114 346
381 645 66
645 314 385
535 252 645
66 645 587
645 385 587
641 95 645
645 381 644
535 645 644
331 333 646
647 332 330
647 330 551
518 648 118
521 651 117
626 653 421
623 654 422
620 65 656
656 207 644
644 620 656
657 67 641
645 209 657
657 641 645
658 65 64
190 658 64
202 658 190
658 202 207
65 658 656
656 658 207
67 659 191
191 659 208
208 659 209
659 67 657
209 659 657
502 664 393
502 501 664
393 664 635
665 500 394
500 665 517
581 665 394
666 501 178
636 666 178
666 636 635
501 666 664
664 666 635
179 517 667
667 576 179
667 581 576
517 665 667
665 581 667
55 668 57
668 55 71
465 668 71
669 28 27
669 27 98
529 670 528
670 28 669
528 670 669
671 527 526
26 672 25
672 26 97
25 672 671
672 527 671
673 465 463
57 673 507
507 673 463
57 668 673
668 465 673
232 674 586
674 614 586
614 674 612
233 675 235
675 233 587
675 587 613
676 232 234
676 234 384
384 612 676
674 232 676
612 674 676
235 677 385
677 611 385
677 613 611
235 675 677
675 613 677
678 312 314
41 584 678
41 678 645
678 314 645
679 615 40
644 679 40
644 313 679
66 312 680
680 584 66
680 312 678
584 680 678
681 311 64
311 681 313
615 681 64
313 681 679
681 615 679
190 682 217
622 682 190
682 622 621
210 683 191
191 683 603
603 683 602
218 217 684
218 684 644
644 684 621
217 682 684
684 682 621
685 210 211
685 211 645
645 602 685
683 210 685
602 683 685
686 402 403
687 609 607
297 688 403
608 688 297
608 610 688
688 686 403
610 686 688
296 403 689
403 402 689
689 607 296
402 687 689
689 687 607
690 244 245
245 121 691
691 690 245
242 15 692
692 0 246
246 122 692
364 0 692
15 640 692
640 364 692
693 243 241
248 1 694
1 303 694
694 303 639
243 693 694
524 522 695
692 695 242
524 695 692
305 696 307
394 9 696
696 305 394
696 9 428
307 696 428
697 14 122
122 123 697
697 123 249
68 75 698
68 698 124
698 125 124
5 14 699
5 699 246
699 249 246
14 697 699
699 697 249
700 247 125
700 75 248
248 247 700
75 700 698
698 700 125
701 48 49
49 141 702
483 482 702
702 701 49
482 701 702
46 142 703
703 484 485
47 46 704
46 703 704
704 703 485
262 705 352
263 706 265
706 263 353
707 262 264
707 264 550
705 262 707
265 708 551
265 706 708
541 498 715
716 499 540
499 716 714
717 200 353
455 718 453
454 719 456
719 454 551
719 200 717
456 719 717
453 720 550
718 201 720
453 718 720
254 721 256
256 722 296
256 721 722
723 255 257
724 257 297
724 723 257
725 648 518
725 649 648
726 653 626
653 726 652
726 649 725
652 726 725
727 654 623
727 655 654
728 651 521
651 728 650
650 728 727
728 655 727
730 276 274
296 730 274
275 277 731
297 275 731
277 729 731
306 308 732
732 8 393
306 732 393
732 426 8
308 426 732
733 276 730
66 39 734
174 66 734
174 734 172
338 339 735
338 735 645
645 735 660
736 334 644
644 661 736
661 663 736
191 737 339
662 737 191
737 662 660
339 737 735
735 737 660
335 738 190
738 335 334
738 663 190
736 738 334
663 738 736
739 39 41
645 739 41
172 739 645
734 39 739
172 734 739
740 129 127
740 219 66
221 740 127
219 740 221
587 740 66
129 740 587
128 741 126
126 741 222
222 741 220
586 741 128
220 741 586
618 742 358
560 742 618
743 561 13
561 743 560
619 743 13
560 743 742
744 558 10
744 559 558
616 744 10
617 745 357
559 745 617
745 559 744
33 283 746
283 206 746
33 746 320
746 254 320
206 609 746
746 687 402
746 609 687
721 254 746
746 276 733
747 282 32
205 282 747
32 328 747
328 255 747
449 448 747
297 555 747
747 555 449
610 205 747
402 686 747
686 610 747
747 255 723
729 277 747
747 746 402
448 746 747
748 450 451
294 556 748
748 556 450
749 748 451
29 751 427
427 751 475
751 474 475
29 750 751
750 474 751
425 752 4
432 752 425
752 432 431
648 753 118
753 712 711
119 754 519
754 649 519
649 754 648
712 754 119
648 754 753
754 712 753
116 755 520
755 650 520
755 651 650
709 755 116
651 756 117
710 756 709
756 651 755
709 756 755
4 752 757
757 752 431
542 758 354
511 758 542
758 552 354
758 553 552
759 512 70
512 759 511
543 759 70
553 759 543
511 759 758
759 553 758
272 329 760
760 457 272
760 507 71
540 760 71
550 331 760
550 760 540
329 634 760
760 634 507
331 646 760
345 273 761
273 480 761
509 510 761
541 761 353
509 761 541
761 551 353
761 633 345
510 633 761
761 647 551
762 38 64
173 762 64
762 173 171
40 38 763
40 763 644
763 171 644
38 762 763
763 762 171
764 181 182
165 764 296
764 182 296
199 198 765
297 765 170
199 765 297
164 766 165
165 766 764
766 181 764
767 175 170
765 767 170
198 767 765
768 529 528
529 769 485
485 769 704
769 529 768
526 770 482
482 770 701
527 771 526
526 771 770
772 420 421
468 398 772
469 468 773
773 772 421
468 772 773
774 466 467
423 422 775
467 401 775
422 774 775
775 774 467
776 64 92
776 92 94
776 173 64
171 173 777
777 94 644
644 171 777
777 776 94
173 776 777
778 518 519
625 652 778
778 725 518
652 725 778
626 625 779
519 649 779
779 726 626
649 726 779
779 778 519
625 778 779
780 623 624
520 650 780
780 727 623
650 727 780
521 520 781
624 655 781
781 728 521
655 728 781
520 780 781
781 780 624
352 782 333
499 782 352
333 782 646
332 783 353
353 783 541
783 498 541
783 332 647
784 499 714
760 646 784
784 714 760
782 499 784
646 782 784
715 498 785
715 785 713
785 647 761
713 785 761
498 783 785
785 783 647
110 786 356
435 786 110
436 787 435
111 787 575
787 436 575
435 787 786
788 438 437
108 788 572
788 437 572
109 789 359
438 789 109
789 438 788
790 93 66
93 790 95
174 790 66
791 174 172
645 95 791
791 172 645
95 790 791
790 174 791
420 792 625
792 652 625
792 653 652
653 793 421
421 793 773
793 653 792
654 794 422
422 794 774
423 795 624
795 655 624
655 795 654
654 795 794
796 91 90
796 90 236
392 797 391
797 392 445
797 91 796
391 797 796
798 390 389
798 389 446
89 799 88
799 89 239
88 799 798
799 390 798
800 58 59
60 340 800
800 591 58
340 591 800
61 60 801
59 343 801
801 592 61
343 592 801
801 800 59
60 800 801
64 311 802
802 311 313
802 488 64
802 486 488
313 567 802
803 312 66
489 803 66
312 803 566
486 804 384
804 567 384
802 804 486
567 804 802
805 487 385
805 489 487
385 566 805
803 489 805
566 803 805
401 807 400
807 401 467
400 807 806
808 399 398
808 398 468
809 399 808
550 810 707
810 705 707
720 201 810
720 810 550
708 811 551
811 200 719
551 811 719
812 201 352
705 812 352
201 812 810
812 705 810
353 200 813
813 706 353
706 813 708
813 200 811
708 813 811
814 121 120
814 120 244
690 814 244
429 814 690
430 815 429
121 815 691
815 121 814
429 815 814
16 240 816
2 365 816
2 816 590
816 122 590
816 638 16
365 638 816
122 816 692
817 240 242
817 522 425
695 817 242
522 817 695
240 817 816
816 817 425
818 124 248
818 304 124
427 523 818
637 304 818
694 818 248
427 818 694
523 525 819
819 693 241
525 693 819
818 819 241
523 819 818
820 84 85
820 185 84
290 185 820
418 290 820
85 229 821
229 186 821
821 186 419
419 418 821
821 820 85
418 820 821
86 230 822
230 183 822
822 183 416
822 416 417
87 86 823
823 184 87
289 184 823
417 289 823
86 822 823
823 822 417
824 723 724
824 596 747
723 824 747
721 825 722
746 594 825
825 721 746
297 595 826
595 596 826
826 724 297
596 824 826
826 824 724
296 827 593
827 594 593
722 827 296
825 594 827
722 825 827
505 150 828
360 505 828
828 150 579
828 579 580
35 151 829
829 151 361
361 360 829
580 35 829
360 828 829
829 828 580
36 148 830
830 148 362
830 362 363
577 36 830
504 149 831
363 504 831
831 149 578
578 577 831
831 830 363
577 830 831
832 596 595
747 596 832
832 729 747
594 833 593
833 594 746
733 833 746
834 595 297
731 834 297
731 729 834
834 832 595
729 832 834
593 835 296
835 730 296
835 733 730
593 833 835
833 733 835
836 98 99
836 669 98
528 669 836
99 28 837
28 670 837
837 836 99
96 25 838
25 671 838
97 96 839
839 672 97
527 672 839
96 838 839
241 243 840
241 840 818
840 637 818
102 268 841
103 102 842
102 841 842
843 100 101
101 267 844
844 843 101
845 639 637
845 243 694
639 845 694
243 845 840
840 845 637
848 164 165
296 848 165
325 848 296
846 164 848
325 846 848
170 175 849
170 849 297
849 298 297
175 847 849
849 847 298
72 187 850
850 187 189
850 189 507
142 851 703
703 851 484
851 768 484
851 769 768
852 143 47
143 852 142
704 852 47
769 852 704
142 852 851
852 769 851
853 140 48
853 141 140
701 853 48
770 853 701
141 854 702
702 854 483
854 771 483
771 854 770
854 141 853
770 854 853
855 116 117
855 709 116
569 568 856
856 710 569
117 756 856
756 710 856
856 855 117
568 855 856
857 570 571
857 711 570
118 753 857
753 711 857
119 118 858
858 712 119
118 857 858
858 857 571
540 443 859
859 716 540
716 859 714
860 481 541
715 860 541
861 443 457
861 457 760
714 861 760
859 443 861
714 859 861
480 481 862
862 715 713
480 862 761
761 862 713
481 860 862
860 715 862
863 401 400
863 400 466
774 863 466
794 863 774
401 864 775
775 864 423
864 795 423
795 864 794
864 401 863
794 864 863
398 865 772
772 865 420
865 792 420
865 793 792
399 866 398
866 399 469
773 866 469
793 866 773
398 866 865
866 793 865
180 73 867
188 180 867
509 188 867
395 176 868
176 429 868
868 429 690
868 690 691
396 395 869
869 430 396
815 430 869
691 815 869
395 868 869
869 868 691
393 8 870
870 425 393
279 479 870
479 549 870
549 524 870
870 524 692
757 431 870
816 425 870
692 816 870
6 4 871
8 6 871
871 4 757
8 871 870
870 871 757
9 872 7
7 872 29
872 9 394
872 750 29
394 179 873
179 427 873
478 310 873
873 585 478
873 525 585
693 525 873
873 427 694
694 693 873
474 750 873
873 872 394
750 872 873
552 294 874
354 552 874
874 294 748
874 748 749
875 295 355
355 354 875
557 295 875
749 557 875
354 874 875
875 874 749
261 344 876
352 201 876
876 296 352
455 134 876
554 296 876
134 627 876
876 627 261
201 718 876
876 718 455
746 554 876
766 164 876
766 876 181
164 846 876
276 877 274
274 877 325
877 276 746
877 846 325
876 877 746
846 877 876
349 260 878
135 456 878
551 297 878
353 551 878
878 628 135
260 628 878
878 717 353
456 717 878
747 277 878
878 297 747
175 767 878
767 198 878
175 878 847
879 277 275
298 879 275
847 879 298
277 879 878
878 879 847
880 138 139
572 437 880
880 599 138
437 599 880
139 351 881
573 572 881
351 600 881
881 600 573
881 880 139
572 880 881
138 350 882
882 574 575
350 597 882
882 597 574
139 138 883
575 436 883
883 598 139
436 598 883
138 882 883
883 882 575
474 884 475
310 884 873
873 884 474
431 432 885
870 885 279
431 885 870
886 310 309
886 309 427
475 886 427
884 310 886
475 884 886
887 278 279
425 278 887
887 432 425
885 887 279
432 887 885
23 888 448
888 555 554
448 888 746
888 554 746
24 889 23
889 24 367
449 889 367
555 889 449
23 889 888
889 555 888
890 22 21
890 21 368
450 890 368
556 890 450
22 891 451
557 891 556
451 891 749
891 557 749
891 22 890
556 891 890
238 88 892
892 446 447
88 798 892
892 798 446
239 238 893
447 390 893
893 799 239
390 799 893
238 892 893
893 892 447
894 236 237
444 391 894
894 796 236
391 796 894
237 91 895
445 444 895
91 797 895
895 797 445
895 894 237
444 894 895
466 400 896
400 806 896
896 806 843
896 843 844
467 466 897
897 807 467
466 896 897
897 896 844
898 468 469
898 808 468
469 399 899
399 809 899
899 809 842
842 841 899
899 898 469
841 898 899
181 900 182
876 900 181
344 900 876
901 198 199
198 901 878
878 901 349
296 182 902
902 259 296
902 344 259
182 900 902
900 344 902
903 199 297
297 258 903
258 349 903
903 901 199
349 901 903
358 904 108
742 904 358
904 788 108
904 789 788
359 905 619
905 743 619
743 905 742
789 905 359
742 905 904
905 789 904
356 906 616
906 744 616
906 745 744
786 906 356
357 907 111
745 907 357
907 787 111
787 907 786
907 745 906
786 907 906
908 603 602
908 602 645
660 908 645
660 662 908
621 622 909
621 909 644
909 661 644
603 910 191
910 662 191
910 603 908
662 910 908
911 622 190
190 663 911
911 663 661
622 911 909
909 911 661
912 809 808
268 912 841
912 808 898
841 912 898
913 269 103
269 913 268
842 913 103
809 913 842
268 913 912
913 809 912
914 266 100
914 267 266
843 914 100
806 914 843
807 915 806
267 915 844
915 807 897
844 915 897
915 267 914
806 915 914
916 53 52
916 52 492
570 916 492
711 916 570
53 917 571
712 917 711
571 917 858
917 712 858
917 53 916
711 917 916
50 918 568
918 710 709
568 918 855
918 709 855
51 919 50
919 51 491
569 919 491
710 919 569
50 919 918
919 710 918
484 768 920
768 528 920
920 528 836
920 836 837
485 484 921
921 529 485
670 529 921
837 670 921
484 920 921
921 920 837
922 482 483
922 526 482
671 526 922
838 671 922
483 771 923
771 527 923
923 527 839
839 838 923
923 922 483
838 922 923
924 321 322
924 376 321
564 376 924
406 564 924
322 197 925
197 377 925
925 377 407
407 406 925
925 924 322
406 924 925
323 194 926
194 378 926
926 378 404
926 404 405
324 323 927
927 379 324
563 379 927
405 563 927
323 926 927
927 926 405
507 508 928
928 72 850
928 850 507
929 510 509
867 73 929
867 929 509
216 930 508
72 930 540
540 930 216
930 72 928
508 930 928
931 73 74
931 227 510
541 931 74
227 931 541
73 931 929
929 931 510
